0
1
3
5
8
9
11
12
14
16
17
18
19
20
21
22
23
25
26
27
28
30
31
33
34
35
36
37
38
40
41
42
43
44
45
46
47
48
49
51
52
53
54
55
56
57
58
59
60
61
62
64
65
66
67
68
69
70
72
73
75
76
77
78
80
81
82
83
84
85
86
88
89
90
91
92
94
95
96
97
98
99
100
101
102
103
104
105
106
107
108
109
110
111
118
121
122
123
124
125
126
129
130
131
133
137
138
139
142
143
148
149
151
1829
1830
1831
1832
1833
1834
1835
1836
1837
1838
1839
1840
1841
1842
1843
1844
1845
1846
1847
1848
1849
1852
1855
1856
1857
1858
1859
1860
1861
1862
1863
1864
1865
1866
1867
1868
1869
1870
1871
1874
1875
1876
1878
1879
1880
1881
1882
1883
1885
1886
1887
1888
1889
1890
1891
1892
1894
1895
1896
1897
1898
1900
1901
1902
1903
1904
1906
1907
1908
1909
1910
1911
1912
1913
1915
1916
1917
1918
1919
1920
1921
1922
1923
1924
1926
1927
1928
1929
1930
1931
1932
1933
1934
1935
1936
1937
1938
1939
1940
1941
1942
1943
1944
1945
1946
1947
1948
1949
1951
1952
1953
1954
1955
1957
1958
1961
1963
1964
1965
1966
1967
1968
1969
1970
1972
1973
1974
1975
1978
1982
1983
3785
3786
3787
3788
3790
3791
3792
3793
3794
3795
3796
3797
3799
3800
3801
3802
3803
3804
3805
3806
3807
3808
3809
3810
3812
3813
3814
3816
3817
3818
3819
3820
3821
3822
3823
3824
3825
3827
3828
3829
3830
3831
3833
3834
3835
3836
3839
3840
3841
3842
3843
3844
3845
3847
3848
3849
3850
3851
3852
3853
3854
3855
3856
3857
3858
3859
3860
3861
3862
3863
3864
3865
3866
3867
3870
3871
3872
3873
3874
3875
3876
3877
3878
3880
3881
3882
3883
3884
3885
3886
3887
3888
3889
3890
3891
3892
3893
3894
3895
3896
3897
3898
3899
3900
3901
3903
3904
3905
3906
3907
3908
3909
3911
3912
3913
3914
3915
3918
3921
3922
3924
3925
3929
3930
3931
3932
3933
3934
3936
3937
3938
3942
3943
3944
3948
3949
3951
3954
3956
5801
5803
5804
5805
5806
5807
5808
5809
5812
5813
5814
5815
5816
5817
5819
5820
5821
5823
5825
5826
5827
5828
5830
5831
5832
5834
5836
5837
5839
5840
5841
5842
5844
5846
5849
5850
5852
5853
5854
5855
5856
5857
5858
5859
5860
5861
5862
5863
5864
5865
5866
5867
5868
5869
5871
5872
5873
5874
5875
5876
5878
5879
5880
5881
5882
5883
5885
5886
5887
5888
5889
5890
5891
5892
5893
5894
5895
5896
5897
5898
5899
5901
5902
5903
5904
5906
5907
5908
5909
5911
5912
5913
5915
5917
5918
5919
5920
5922
5923
5924
5925
5927
5928
5929
5930
5931
5932
5934
5936
5937
5938
5939
5940
5941
5942
5943
5944
5949
5950
5951
7629
7630
7632
7633
7638
7642
7645
7646
7647
7649
7650
7652
7653
7654
7655
7656
7657
7658
7659
7660
7661
7662
7663
7664
7665
7666
7667
7670
7672
7673
7674
7676
7677
7680
7681
7682
7683
7685
7686
7687
7688
7689
7690
7691
7693
7694
7695
7696
7697
7698
7700
7701
7702
7703
7704
7705
7706
7707
7709
7710
7711
7712
7713
7715
7716
7718
7719
7720
7722
7723
7724
7725
7726
7728
7730
7732
7733
7736
7739
7743
7744
7745
7746
7750
7753
7755
7758
7761
7763
7768
9317
9319
9323
9324
9327
9330
9331
9332
9334
9335
9336
9337
9339
9340
9341
9342
9343
9345
9346
9348
9349
9352
9353
9354
9355
9356
9357
9360
9361
9362
9364
9365
9366
9367
9368
9369
9373
9375
9376
9377
9378
9379
9381
9382
9383
9384
9385
9386
9387
9388
9389
9390
9391
9392
9393
9395
9396
9397
9398
9399
9401
9402
9405
9408
9409
9410
9412
9414
9415
9418
9420
9424
9425
9427
9432
9433
9434
9435
9438
9443
10959
10961
10962
10964
10965
10966
10967
10968
10969
10970
10971
10972
10973
10977
10980
10981
10982
10983
10985
10987
10988
10990
10992
10993
10994
10996
10997
10999
11000
11002
11003
11004
11006
11007
11008
11009
11010
11012
11013
11014
11015
11016
11017
11019
11020
11021
11023
11025
11028
11029
11030
11031
11032
11033
11035
11037
11038
11039
11040
11041
11042
11043
11044
11046
11048
11049
11050
11051
11054
11056
11057
11062
11063
11064
11066
11068
11069
11070
11072
11073
11074
11075
11077
11078
11079
11080
11081
11082
11087
11088
11089
11091
12646
12647
12648
12650
12652
12654
12656
12657
12658
12659
12660
12662
12663
12666
12667
12668
12669
12670
12672
12674
12677
12678
12679
12682
12683
12685
12687
12688
12689
12691
12692
12693
12694
12697
12698
12699
12702
12703
12704
12705
12709
12713
12714
12718
12719
12720
12721
12722
12723
12724
12725
12730
12731
12735
12736
12739
12742
12743
12745
12747
12748
12750
12751
12752
12754
12755
14069
14070
14071
14073
14074
14075
14076
14077
14078
14079
14080
14081
14082
14083
14084
14085
14086
14087
14088
14092
14093
14094
14095
14096
14097
14098
14099
14100
14101
14102
14103
14104
14105
14106
14108
14109
14111
14112
14113
14114
14115
14116
14117
14118
14119
14122
14123
14124
14125
14126
14127
14128
14129
14131
14132
14133
14134
14136
14137
14139
14140
14141
14142
14143
14144
14145
14146
14147
14148
14150
14151
14152
14153
14154
14155
14156
14157
14158
14159
14160
14161
14162
14163
14164
14165
14166
14168
14169
14170
14171
14172
14173
14175
14176
14178
14179
14180
14181
14182
14183
14186
14187
14188
14189
14190
14191
14193
14196
14197
14198
14199
14200
14204
14206
14207
14209
14211
14212
14216
14217
14219
14221
15948
15949
15952
15954
15955
15956
15957
15958
15959
15961
15962
15963
15965
15966
15969
15970
15971
15972
15974
15975
15976
15977
15979
15980
15981
15982
15983
15985
15986
15987
15988
15989
15990
15992
15994
15995
15996
15997
15998
16000
16001
16002
16003
16004
16005
16006
16007
16008
16009
16010
16011
16014
16015
16016
16017
16018
16019
16020
16022
16023
16024
16025
16026
16027
16028
16030
16031
16032
16033
16034
16035
16036
16037
16038
16040
16041
16042
16043
16044
16045
16046
16047
16048
16050
16051
16052
16053
16057
16059
16061
16062
16063
16064
16065
16066
16070
16072
16073
16074
16075
16076
16077
16078
16079
16080
16083
16084
16086
16089
16091
16092
16094
17743
17744
17745
17746
17747
17750
17752
17755
17756
17757
17759
17760
17761
17762
17763
17765
17766
17767
17768
17769
17772
17773
17774
17775
17777
17778
17779
17780
17781
17782
17783
17784
17787
17788
17789
17790
17791
17792
17793
17794
17795
17797
17799
17800
17801
17802
17803
17804
17805
17806
17807
17808
17811
17812
17813
17814
17815
17816
17817
17818
17819
17821
17822
17823
17824
17825
17826
17827
17829
17830
17831
17832
17833
17834
17835
17836
17837
17839
17840
17841
17842
17843
17844
17845
17846
17847
17848
17849
17850
17851
17852
17853
17855
17856
17858
17859
17860
17863
17864
17865
17867
17871
17873
17875
17877
17879
17880
17881
17883
17884
17886
17887
17888
17890
17891
17892
19589
19591
19593
19597
19598
19601
19602
19605
19606
19609
19610
19612
19614
19615
19616
19617
19619
19620
19622
19625
19627
19628
19631
19632
19633
19634
19635
19637
19638
19639
19640
19642
19644
19645
19646
19647
19650
19651
19652
19653
19654
19657
19658
19659
19660
19661
19662
19663
19664
19665
19666
19667
19668
19669
19670
19671
19672
19673
19675
19677
19678
19679
19680
19681
19682
19683
19685
19687
19689
19691
19692
19696
19701
19703
19704
19705
19707
19708
19710
19714
19715
19718
19719
19720
21266
21268
21269
21270
21272
21273
21275
21276
21279
21281
21284
21287
21288
21290
21291
21292
21293
21294
21297
21298
21299
21300
21303
21304
21305
21306
21307
21308
21309
21313
21314
21315
21316
21318
21320
21321
21323
21325
21326
21327
21329
21331
21334
21335
21336
21339
21340
21341
21342
21343
21344
21346
21347
21348
21349
21350
21351
21352
21353
21354
21355
21356
21358
21359
21360
21361
21362
21363
21364
21365
21367
21368
21370
21371
21375
21379
21381
21382
21383
21384
21385
21386
21387
21389
21390
21391
21392
21393
21395
21396
21400
21401
21404
21406
22973
22974
22975
22976
22977
22978
22979
22980
22982
22985
22986
22989
22990
22991
22992
22993
22994
22995
22996
23000
23001
23002
23003
23004
23006
23007
23009
23010
23011
23013
23014
23015
23016
23018
23019
23020
23021
23022
23023
23024
23025
23026
23027
23028
23029
23030
23031
23032
23033
23034
23035
23036
23037
23039
23041
23042
23045
23046
23048
23049
23050
23051
23052
23053
23054
23056
23057
23058
23059
23060
23061
23062
23064
23065
23066
23067
23068
23069
23070
23071
23072
23073
23075
23077
23078
23079
23080
23081
23082
23083
23084
23085
23086
23087
23088
23089
23091
23093
23095
23097
23098
23099
23100
23101
23102
23108
23111
23112
23113
23114
23115
23116
23117
23118
23119
23120
23121
23122
23123
23125
23126
23127
23128
23130
23131
23132
23133
24885
24886
24887
24888
24889
24890
24891
24892
24894
24895
24897
24898
24899
24900
24901
24903
24904
24906
24907
24908
24909
24910
24911
24912
24913
24914
24915
24916
24917
24918
24919
24920
24921
24923
24924
24925
24926
24927
24928
24929
24930
24931
24932
24933
24934
24935
24936
24937
24938
24939
24940
24941
24942
24943
24945
24947
24948
24949
24950
24951
24952
24954
24955
24956
24957
24958
24959
24960
24962
24963
24964
24965
24966
24967
24968
24969
24971
24972
24973
24974
24975
24976
24977
24978
24979
24980
24981
24982
24983
24984
24985
24986
24987
24988
24989
24991
24992
24993
24994
24995
24996
24997
24999
25000
25001
25004
25005
25007
25009
25013
25014
25015
25018
25019
25022
25025
25026
25027
25028
25029
25030
25031
25033
25034
25036
25038
25039
25042
25043
26867
26868
26870
26871
26873
26874
26876
26877
26878
26879
26880
26882
26884
26887
26888
26889
26890
26892
26896
26897
26899
26901
26902
26904
26905
26906
26908
26909
26911
26913
26914
26915
26916
26917
26919
26920
26921
26922
26923
26924
26925
26926
26927
26928
26929
26930
26931
26932
26933
26934
26935
26936
26937
26938
26940
26943
26944
26945
26946
26947
26948
26949
26950
26951
26952
26953
26954
26955
26957
26958
26959
26960
26961
26962
26963
26964
26965
26966
26967
26968
26969
26971
26972
26973
26974
26975
26976
26977
26978
26979
26980
26981
26982
26983
26984
26985
26986
26987
26993
26994
26995
26996
26997
26998
27001
27003
27005
27006
27007
27008
27009
27010
27013
27014
27017
27022
28738
28739
28740
28741
28743
28744
28747
28751
28752
28753
28755
28758
28759
28760
28762
28765
28766
28767
28769
28772
28773
28774
28775
28777
28778
28780
28781
28782
28783
28785
28786
28787
28789
28791
28792
28794
28795
28796
28797
28798
28799
28800
28801
28802
28803
28806
28807
28808
28810
28812
28813
28814
28815
28816
28817
28818
28819
28820
28821
28822
28823
28824
28826
28827
28828
28829
28830
28831
28832
28833
28834
28835
28836
28838
28839
28841
28842
28843
28844
28845
28847
28849
28854
28855
28857
28859
28863
28864
28865
28868
28869
28870
28871
28872
28873
28874
28875
28877
28878
28882
28883
30453
30454
30455
30457
30458
30459
30461
30462
30464
30465
30466
30468
30469
30471
30472
30473
30474
30476
30477
30480
30481
30482
30483
30485
30486
30487
30488
30489
30490
30494
30496
30497
30498
30499
30500
30501
30502
30503
30504
30505
30507
30508
30509
30511
30512
30513
30515
30518
30519
30520
30521
30523
30524
30525
30526
30527
30529
30531
30532
30533
30535
30536
30537
30538
30539
30540
30541
30542
30543
30544
30545
30546
30547
30548
30550
30551
30552
30553
30554
30555
30556
30557
30558
30559
30560
30561
30562
30563
30564
30566
30568
30569
30570
30571
30573
30574
30578
30579
30580
30581
30582
30584
30585
30587
30588
30589
30591
30592
30593
30594
30597
30600
30601
30605
30606
30607
30608
30609
32353
32355
32356
32357
32358
32359
32360
32361
32364
32365
32366
32367
32368
32369
32370
32371
32372
32373
32374
32375
32377
32378
32379
32380
32381
32382
32385
32386
32387
32388
32389
32390
32391
32392
32394
32395
32397
32398
32399
32401
32402
32403
32407
32408
32409
32410
32411
32412
32413
32415
32416
32417
32418
32419
32420
32422
32423
32424
32425
32426
32428
32430
32431
32432
32433
32434
32436
32437
32438
32439
32440
32441
32442
32443
32444
32445
32446
32447
32448
32449
32450
32451
32452
32453
32454
32455
32456
32457
32458
32459
32460
32461
32462
32463
32464
32465
32467
32468
32469
32470
32473
32474
32475
32476
32478
32479
32480
32481
32483
32487
32490
32492
32493
32494
32495
32496
32497
32498
32500
32501
32502
32503
32505
32510
32511
32512
32516
32518
34298
34299
34300
34301
34303
34305
34306
34307
34309
34311
34312
34313
34314
34315
34316
34317
34318
34319
34320
34321
34322
34323
34325
34327
34328
34329
34330
34331
34332
34333
34334
34335
34336
34337
34339
34341
34342
34344
34345
34346
34347
34348
34349
34350
34351
34352
34353
34354
34355
34356
34357
34358
34359
34360
34361
34363
34364
34365
34367
34368
34369
34370
34371
34372
34373
34374
34375
34376
34377
34378
34379
34381
34382
34383
34384
34385
34386
34387
34388
34389
34390
34391
34392
34393
34394
34395
34396
34397
34398
34399
34400
34401
34403
34404
34406
34407
34408
34409
34411
34412
34415
34420
34422
34423
34426
34427
34429
34430
34432
34433
34434
34435
34436
34437
34438
34440
34441
34443
34445
34448
34451
34452
36254
36256
36257
36258
36259
36262
36263
36264
36266
36268
36269
36271
36272
36274
36275
36276
36277
36278
36279
36281
36282
36283
36284
36286
36287
36289
36292
36293
36294
36295
36297
36298
36299
36304
36305
36306
36307
36309
36310
36311
36313
36314
36318
36319
36320
36321
36322
36323
36324
36326
36327
36328
36329
36330
36331
36333
36334
36335
36336
36337
36338
36339
36340
36341
36342
36343
36344
36345
36346
36347
36348
36349
36351
36352
36353
36354
36355
36356
36357
36358
36359
36363
36365
36368
36369
36372
36373
36374
36377
36378
36380
36381
36382
36384
36386
36387
36388
36389
38002
38005
38006
38007
38008
38011
38014
38015
38017
38018
38019
38023
38024
38027
38028
38031
38032
38035
38036
38037
38039
38040
38041
38042
38045
38046
38047
38049
38051
38052
38054
38056
38057
38059
38060
38061
38062
38063
38064
38065
38066
38067
38068
38069
38071
38072
38073
38074
38075
38077
38078
38079
38080
38081
38083
38084
38085
38086
38088
38089
38092
38093
38095
38096
38097
38098
38099
38100
38101
38102
38103
38105
38106
38107
38108
38110
38111
38112
38117
38118
38121
38122
38123
38126
38127
38129
38131
38132
38134
38135
38136
38137
38138
38139
38140
38144
38145
38148
38150
38153
38155
38156
39867
39868
39869
39870
39872
39874
39875
39877
39880
39881
39882
39883
39884
39885
39886
39888
39889
39891
39892
39893
39895
39896
39897
39898
39900
39901
39902
39903
39906
39907
39908
39909
39910
39911
39912
39913
39916
39917
39918
39919
39921
39922
39923
39924
39925
39926
39927
39928
39929
39930
39931
39932
39933
39934
39935
39936
39937
39938
39940
39941
39942
39943
39944
39945
39946
39947
39948
39949
39950
39951
39952
39953
39954
39955
39956
39957
39959
39960
39961
39962
39963
39964
39965
39967
39968
39969
39970
39971
39972
39973
39974
39975
39976
39977
39978
39979
39981
39983
39985
39986
39987
39988
39989
39991
39993
39994
39995
39996
39997
39998
40000
40002
40003
40004
40005
40006
40007
40008
40011
41703
41705
41707
41708
41710
41712
41715
41716
41717
41719
41720
41722
41723
41724
41725
41726
41727
41728
41729
41731
41732
41733
41735
41736
41737
41738
41739
41743
41746
41747
41748
41749
41750
41752
41753
41754
41756
41757
41758
41759
41761
41762
41763
41764
41766
41768
41769
41771
41772
41773
41774
41775
41776
41777
41778
41780
41781
41782
41785
41786
41787
41788
41789
41790
41791
41792
41795
41796
41800
41804
41805
41806
41807
41809
41810
41811
41813
41815
41824
41825
41826
41829
43302
43303
43304
43305
43306
43307
43308
43309
43311
43312
43313
43314
43315
43316
43317
43318
43319
43320
43321
43322
43323
43324
43325
43327
43328
43329
43330
43331
43332
43333
43334
43335
43336
43337
43338
43339
43340
43341
43342
43343
43344
43345
43346
43347
43348
43349
43350
43351
43352
43354
43355
43356
43357
43358
43359
43360
43361
43362
43363
43364
43365
43366
43367
43368
43369
43370
43371
43372
43373
43374
43375
43376
43377
43378
43379
43381
43382
43383
43385
43386
43387
43388
43389
43390
43391
43392
43393
43394
43395
43396
43397
43398
43399
43400
43401
43402
43403
43404
43405
43407
43408
43409
43410
43411
43412
43413
43414
43415
43416
43417
43418
43419
43420
43421
43423
43424
43425
43426
43427
43428
43430
43431
43432
43433
43436
43439
43440
43441
43442
43444
43446
43447
43449
43451
43452
43453
43454
43457
43458
43459
43461
43462
43464
43465
43466
43467
43468
43469
43470
43471
45365
45366
45367
45368
45369
45370
45371
45372
45373
45375
45376
45377
45378
45379
45380
45382
45383
45384
45385
45387
45388
45391
45392
45394
45395
45396
45397
45399
45400
45401
45403
45404
45405
45407
45408
45409
45411
45412
45414
45415
45416
45418
45419
45420
45423
45424
45425
45426
45427
45428
45429
45430
45431
45432
45433
45434
45435
45436
45437
45438
45439
45440
45441
45442
45443
45444
45445
45446
45447
45448
45449
45450
45451
45452
45453
45454
45455
45456
45457
45458
45459
45460
45461
45462
45463
45464
45465
45466
45467
45468
45469
45470
45471
45472
45473
45474
45475
45478
45479
45481
45482
45483
45484
45485
45487
45488
45489
45490
45491
45493
45494
45495
45497
45498
45499
45500
45501
45503
45504
45505
45506
45507
45508
45509
45510
45513
45515
45517
45518
45520
45521
47340
47341
47343
47344
47345
47346
47347
47348
47349
47350
47351
47352
47353
47354
47355
47356
47358
47359
47360
47361
47362
47363
47364
47365
47367
47368
47369
47371
47372
47373
47374
47375
47376
47377
47378
47379
47380
47381
47382
47383
47384
47385
47386
47389
47390
47391
47392
47393
47394
47395
47396
47397
47398
47399
47400
47401
47402
47403
47405
47406
47407
47408
47409
47410
47411
47412
47413
47414
47415
47416
47417
47418
47419
47420
47421
47422
47423
47424
47425
47426
47427
47428
47429
47430
47431
47432
47434
47435
47436
47437
47438
47439
47440
47441
47442
47443
47444
47445
47446
47447
47448
47449
47450
47451
47452
47453
47454
47455
47456
47457
47458
47459
47461
47462
47463
47464
47465
47467
47468
47469
47470
47472
47473
47474
47475
47476
47477
47478
47479
47480
47481
47482
47483
47484
47485
47487
47488
47489
47490
47491
47492
47493
47494
47495
47496
47497
47498
47499
47500
47501
47503
47504
47505
47506
47509
47510
47511
47512
49421
49423
49424
49425
49426
49428
49429
49431
49432
49433
49434
49435
49436
49437
49438
49439
49440
49442
49444
49445
49446
49447
49448
49449
49450
49451
49453
49454
49455
49456
49457
49458
49459
49461
49462
49463
49464
49465
49466
49468
49469
49471
49472
49473
49475
49476
49477
49479
49480
49481
49482
49483
49484
49485
49486
49487
49488
49489
49490
49491
49492
49493
49494
49495
49496
49497
49498
49499
49500
49501
49502
49503
49505
49506
49507
49508
49509
49510
49511
49512
49513
49514
49515
49516
49517
49518
49519
49520
49521
49522
49523
49524
49525
49526
49527
49528
49529
49530
49531
49532
49533
49534
49535
49538
49539
49540
49541
49542
49543
49544
49545
49546
49549
49552
49553
49555
49556
49557
49558
49559
49560
49561
49563
49564
49565
49566
49567
49568
49569
49570
49571
49572
49573
49574
49575
49576
49577
49578
49579
49580
49581
49582
49583
49585
49588
49589
49590
49591
51488
51489
51491
51492
51494
51495
51496
51500
51501
51502
51503
51504
51505
51506
51508
51509
51510
51511
51512
51513
51514
51515
51516
51517
51518
51519
51520
51521
51522
51523
51524
51525
51527
51528
51529
51530
51531
51532
51534
51535
51537
51539
51540
51541
51542
51545
51547
51548
51549
51550
51552
51553
51554
51555
51556
51558
51559
51560
51561
51562
51563
51565
51566
51567
51568
51569
51570
51571
51572
51573
51574
51575
51576
51577
51578
51579
51580
51581
51582
51583
51584
51585
51586
51588
51589
51590
51591
51592
51593
51594
51595
51596
51597
51598
51599
51600
51604
51605
51606
51609
51611
51612
51613
51614
51617
51618
51620
51621
51622
51623
51624
51625
51626
51627
51628
51629
51630
51631
51632
51634
51635
51637
51638
51639
51640
53382
53383
53384
53385
53386
53387
53388
53389
53390
53391
53392
53393
53394
53395
53396
53398
53399
53401
53402
53403
53404
53405
53407
53408
53409
53410
53412
53414
53415
53416
53417
53419
53420
53421
53423
53424
53425
53426
53427
53428
53429
53430
53431
53432
53433
53434
53435
53437
53438
53439
53440
53441
53442
53443
53444
53446
53449
53450
53451
53452
53453
53454
53455
53456
53457
53458
53459
53460
53461
53463
53464
53465
53466
53467
53468
53469
53471
53472
53473
53475
53476
53477
53478
53479
53480
53481
53482
53483
53484
53485
53486
53487
53488
53489
53490
53491
53492
53493
53494
53495
53496
53497
53498
53499
53500
53501
53502
53503
53505
53506
53508
53509
53511
53512
53513
53514
53515
53516
53517
53519
53520
53521
53523
53524
53525
53527
53528
53529
53530
53531
53532
53533
53534
53535
53536
53539
53540
53541
53543
53544
53545
53546
53547
53548
55394
55395
55397
55398
55399
55400
55401
55402
55403
55404
55406
55407
55408
55409
55410
55411
55412
55413
55415
55416
55418
55419
55420
55421
55423
55424
55425
55426
55427
55428
55429
55431
55432
55433
55434
55435
55437
55438
55439
55440
55441
55442
55444
55445
55446
55448
55449
55450
55451
55452
55453
55454
55455
55456
55458
55459
55461
55462
55463
55464
55465
55466
55468
55469
55470
55471
55472
55473
55475
55476
55477
55478
55479
55480
55481
55482
55484
55485
55486
55487
55488
55489
55490
55491
55492
55493
55494
55495
55496
55497
55498
55499
55500
55501
55502
55503
55504
55506
55507
55508
55510
55511
55512
55513
55514
55515
55516
55518
55519
55521
55522
55524
55525
55529
55530
55532
55533
55535
55536
55537
55538
55541
55542
55543
55545
55547
55548
55549
55553
55554
57316
57317
57318
57319
57320
57324
57325
57327
57328
57330
57331
57332
57335
57336
57337
57339
57340
57341
57342
57343
57344
57346
57347
57348
57349
57350
57351
57354
57355
57359
57360
57362
57363
57364
57365
57366
57367
57369
57370
57371
57372
57373
57374
57377
57378
57379
57380
57381
57382
57383
57384
57385
57387
57388
57389
57390
57391
57392
57393
57394
57395
57396
57397
57398
57399
57400
57401
57402
57404
57406
57407
57408
57409
57410
57411
57412
57413
57414
57415
57416
57418
57419
57422
57423
57426
57427
57429
57430
57433
57435
57436
57439
57440
57444
57446
57447
57450
57451
59097
59098
59099
59100
59101
59102
59103
59104
59105
59106
59107
59108
59109
59111
59113
59114
59115
59117
59118
59122
59124
59125
59127
59129
59130
59131
59132
59133
59134
59136
59137
59139
59140
59142
59143
59145
59146
59150
59151
59152
59154
59155
59156
59161
59162
59163
59164
59165
59166
59168
59170
59171
59172
59173
59174
59175
59176
59177
59178
59179
59180
59181
59182
59183
59184
59185
59186
59187
59189
59190
59191
59192
59193
59194
59195
59196
59197
59200
59202
59203
59204
59205
59207
59209
59210
59212
59214
59216
59220
59221
59224
59226
59227
59228
59229
59230
59231
59232
59235
59236
59237
59238
59239
59240
59241
59242
59244
59245
59246
60914
60916
60917
60918
60919
60920
60922
60923
60924
60925
60926
60930
60931
60932
60933
60934
60935
60939
60941
60942
60943
60944
60946
60947
60948
60949
60950
60951
60952
60954
60955
60956
60957
60958
60959
60960
60961
60962
60963
60964
60965
60966
60967
60969
60970
60971
60972
60973
60974
60975
60977
60979
60980
60981
60982
60983
60984
60986
60987
60988
60989
60990
60991
60994
60995
60996
60997
60998
60999
61000
61001
61002
61003
61004
61005
61006
61007
61008
61009
61010
61011
61012
61013
61014
61015
61016
61017
61018
61019
61020
61021
61022
61024
61025
61027
61028
61029
61030
61034
61040
61041
61042
61043
61046
61049
61050
61051
61052
61053
61054
61055
61056
61057
61060
61061
61062
61063
61064
61065
61068
61069
62826
62827
62828
62829
62830
62831
62832
62833
62835
62836
62837
62838
62839
62841
62842
62843
62844
62845
62846
62847
62848
62849
62850
62852
62853
62854
62855
62856
62857
62858
62859
62860
62861
62862
62863
62864
62865
62866
62867
62868
62869
62870
62871
62872
62874
62875
62876
62877
62878
62880
62881
62882
62883
62885
62886
62887
62888
62889
62890
62891
62892
62893
62894
62895
62896
62897
62898
62899
62900
62901
62902
62903
62904
62905
62906
62907
62908
62909
62910
62912
62913
62914
62915
62916
62917
62918
62919
62920
62921
62922
62923
62924
62925
62926
62927
62928
62929
62930
62931
62932
62933
62934
62935
62936
62937
62938
62939
62940
62941
62942
62943
62944
62945
62946
62947
62948
62949
62951
62952
62953
62954
62956
62958
62959
62960
62961
62962
62964
62965
62969
62970
62971
62972
62973
62974
62975
62976
62977
62978
62979
62980
62981
62982
62983
62986
62987
62988
62989
62990
62991
62992
62993
62994
62995
64913
64914
64915
64917
64918
64919
64920
64922
64923
64924
64925
64926
64927
64929
64930
64931
64933
64935
64938
64940
64941
64942
64943
64944
64945
64946
64947
64948
64950
64951
64952
64953
64954
64955
64956
64957
64958
64959
64960
64961
64962
64963
64964
64965
64966
64967
64968
64969
64970
64971
64972
64973
64974
64975
64976
64977
64979
64980
64981
64982
64983
64985
64986
64987
64988
64989
64990
64991
64992
64993
64994
64995
64997
64998
64999
65000
65001
65002
65003
65004
65005
65006
65007
65008
65009
65011
65012
65013
65014
65015
65016
65017
65018
65019
65020
65021
65022
65023
65024
65025
65026
65027
65028
65030
65033
65035
65037
65039
65040
65041
65042
65044
65045
65046
65047
65048
65049
65050
65052
65053
65054
65055
65056
65057
65058
65059
65060
65061
65062
65064
65065
65067
65068
66888
66889
66890
66891
66892
66893
66894
66895
66896
66897
66898
66900
66901
66902
66903
66904
66905
66906
66907
66908
66909
66910
66911
66912
66913
66914
66915
66916
66917
66919
66920
66921
66922
66923
66925
66926
66927
66928
66929
66930
66931
66932
66933
66934
66935
66936
66937
66938
66939
66940
66941
66942
66943
66944
66945
66946
66947
66948
66949
66950
66951
66952
66953
66954
66955
66956
66957
66958
66959
66960
66961
66962
66963
66964
66965
66966
66967
66968
66970
66971
66972
66974
66975
66976
66977
66979
66980
66981
66982
66983
66984
66985
66987
66988
66989
66990
66991
66992
66993
66994
66995
66997
66998
67000
67001
67002
67003
67004
67005
67006
67007
67008
67009
67010
67011
67012
67013
67015
67016
67017
67018
67019
67020
67021
67022
67023
68628
68629
68630
68631
68632
68633
68635
68636
68637
68638
68639
68640
68641
68642
68643
68644
68645
68646
68647
68648
68649
68650
68651
68652
68653
68654
68655
68656
68657
68658
68659
68660
68662
68663
68664
68665
68666
68668
68669
68670
68671
68672
68673
68674
68675
68676
68677
68678
68679
68680
68681
68682
68683
68684
68685
68686
68687
68688
68689
68690
68691
68692
68693
68695
68696
68697
68698
68699
68700
68701
68702
68703
68704
68705
68706
68707
68708
68709
68711
68712
68713
68714
68715
68716
68717
68718
68719
68720
68721
68722
68723
68724
68725
68726
68727
68728
68729
68731
68732
68733
68734
68735
68736
68737
68739
68740
68741
68742
68743
68744
68745
68746
68748
68749
68750
68751
68752
68753
68754
68755
68756
68757
68759
68760
68761
68762
68763
68765
68767
68768
68769
68771
68772
70386
70387
70389
70390
70391
70392
70393
70394
70395
70397
70398
70399
70400
70401
70402
70403
70404
70405
70406
70407
70410
70411
70412
70414
70415
70416
70418
70420
70421
70422
70423
70424
70426
70427
70428
70429
70430
70431
70432
70433
70434
70435
70436
70437
70438
70439
70440
70441
70442
70443
70444
70445
70446
70447
70448
70449
70450
70451
70452
70453
70454
70455
70457
70458
70459
70460
70461
70463
70464
70465
70466
70468
70470
70471
70472
70474
70475
70476
70477
70478
70479
70480
70481
70483
70484
70485
70486
70487
70488
70489
70490
70491
70493
70494
70497
70498
70499
70500
70502
70503
70504
70505
70506
70507
70508
70509
70510
70511
70512
70514
70515
70517
70518
72067
72068
72069
72070
72071
72072
72073
72074
72077
72078
72081
72082
72083
72084
72085
72086
72087
72088
72089
72091
72092
72093
72094
72095
72096
72097
72098
72099
72100
72101
72102
72103
72104
72105
72106
72110
72111
72112
72113
72114
72115
72116
72117
72119
72120
72121
72122
72123
72124
72125
72126
72128
72130
72131
72132
72133
72134
72135
72137
72138
72139
72140
72141
72142
72144
72145
72146
72148
72149
72151
72152
72154
72155
72157
72158
72159
72160
72161
72162
72164
72165
72166
72167
72168
72170
72171
72172
72174
72175
72177
72179
72180
72182
72183
72184
72185
72186
72187
72188
72189
72191
73728
73729
73730
73732
73733
73734
73735
73737
73742
73745
73747
73748
73749
73750
73751
73752
73753
73754
73755
73756
73758
73759
73760
73761
73762
73763
73765
73766
73767
73768
73769
73770
73771
73773
73776
73780
73781
73782
73783
73784
74500
74503
74504
74505
74506
74507
74509
74510
74511
74516
74517
74520
74521
74523
74524
74525
74526
74527
74528
74529
74530
74531
74532
74533
74535
74538
74539
74541
74543
74547
74548
74549
74550
74551
74553
74554
74556
74557
74560
74561
74563
74564
74565
74566
74567
74568
74570
74572
74573
75354
75355
75356
75357
75358
75360
75361
75362
75363
75364
75365
75366
75367
75368
75369
75370
75374
75375
75378
75380
75381
75382
75385
75387
75388
75389
75390
75391
75392
75393
75394
75395
75396
75397
75400
75403
75406
75408
75409
75410
75412
75414
75415
75416
75417
75418
75419
75420
75421
75422
75423
75424
75425
76359
76360
76361
76363
76366
76367
76370
76372
76375
76376
76377
76379
76380
76381
76382
76383
76384
76388
76389
76390
76391
76392
76393
76395
76396
76398
76399
76400
76401
76402
76404
76405
76406
76407
76408
76409
76410
76411
76413
76414
76415
76416
76419
76420
76421
76422
76423
76425
76426
77276
77277
77278
77279
77280
77281
77282
77283
77284
77285
77286
77287
77288
77289
77290
77293
77294
77295
77296
77297
77299
77300
77301
77302
77303
77305
77306
77307
77308
77309
77310
77311
77313
77314
77315
77316
77317
77318
77320
77321
77322
77323
77324
77325
77327
77328
77329
77330
77332
77333
77334
77336
77337
77338
77339
77340
77341
77342
77343
77344
77345
77346
77347
77348
77350
77351
77352
77353
77354
77355
77356
77357
77358
77359
77360
77361
77362
77363
77364
77365
77366
77368
77369
77371
77372
77373
77374
77375
77376
77377
77379
77380
77381
77383
77384
77387
77388
77392
77393
77394
77395
77397
77399
77400
77401
78835
78836
78837
78838
78839
78840
78841
78842
78844
78846
78847
78848
78849
78850
78851
78852
78853
78854
78855
78856
78857
78858
78859
78860
78862
78863
78865
78866
78868
78869
78870
78871
78872
78873
78874
78875
78876
78877
78878
78879
78880
78881
78882
78883
78884
78885
78886
78887
78888
78889
78890
78891
78892
78893
78894
78895
78896
78898
78899
78900
78901
78902
78903
78904
78905
78906
78907
78909
78910
78911
78912
78913
78915
78916
78917
78918
78919
78920
78921
78923
78924
78925
78926
78927
78928
78929
78930
78931
78932
78933
78934
78935
78936
78937
78938
78940
78941
78942
78943
78944
78945
78946
78947
78948
78950
78951
78952
78954
78955
78956
78958
78959
78960
78961
80541
80542
80544
80545
80546
80548
80549
80550
80551
80552
80554
80555
80556
80557
80558
80559
80560
80561
80563
80564
80565
80566
80568
80569
80570
80572
80573
80574
80575
80576
80577
80578
80579
80580
80582
80583
80584
80585
80586
80587
80588
80590
80591
80592
80593
80594
80595
80596
80597
80598
80599
80600
80601
80602
80603
80604
80605
80606
80607
80608
80609
80611
80612
80613
80614
80615
80616
80617
80618
80619
80620
80622
80623
80624
80625
80626
80627
80629
80630
80631
80632
80633
80634
80635
80636
80638
80639
80640
80641
80642
80643
80644
80645
80646
81910
81911
81912
81913
81914
81915
81916
81917
81919
81921
81922
81923
81924
81925
81926
81927
81928
81929
81930
81931
81932
81933
81934
81935
81936
81937
81938
81940
81942
81943
81944
81945
81946
81947
81948
81949
81950
81951
81952
81953
81954
81955
81956
81957
81958
81959
81960
81961
81963
81964
81965
81967
81968
81970
81971
81972
81973
81975
81976
81977
81978
81979
81980
81981
81982
81984
81985
81986
81987
81988
81989
81990
81991
81992
81993
81994
81995
81996
81997
81998
81999
82000
82001
82002
82003
82004
82005
82006
82007
82008
82009
82010
82011
82012
82013
82015
82017
82018
82019
82020
82021
82022
82025
82026
82027
82028
82029
82030
82031
82033
82034
82035
82036
82037
82038
82039
82040
82041
82042
82043
82044
82045
82047
82048
82049
82050
82051
82053
82054
83771
83772
83773
83774
83776
83777
83778
83779
83780
83781
83782
83784
83785
83786
83787
83788
83789
83790
83792
83793
83794
83797
83801
83802
83803
83804
83805
83806
83807
83808
83809
83810
83811
83813
83814
83815
83816
83817
83818
83819
83820
83821
83822
83823
83824
83825
83826
83827
83828
83829
83830
83831
83832
83833
83834
83835
83836
83837
83838
83839
83840
83841
83842
83843
83844
83845
83846
83847
83848
83849
83850
83851
83852
83853
83854
83855
83856
83857
83859
83860
83861
83863
83864
83865
83867
83868
83869
83870
83871
83872
83873
83874
83875
83878
85212
85213
85215
85216
85217
85218
85219
85220
85221
85222
85224
85225
85226
85227
85228
85229
85230
85231
85232
85233
85234
85235
85236
85237
85239
85240
85241
85242
85243
85244
85245
85246
85247
85248
85250
85252
85253
85254
85255
85256
85257
85258
85259
85260
85261
85262
85265
85266
85267
85268
85269
85270
85272
85274
85275
85277
85278
85279
85280
85281
85282
85283
85284
85285
85286
85287
85288
85289
85290
85291
85292
85293
85294
85295
85296
85297
85298
85299
85300
85301
85302
85303
85304
85305
85306
85307
85308
85309
85310
85311
85313
85314
85315
85316
85317
85319
85321
85322
85323
85324
85327
85328
85329
86669
86670
86671
86672
86673
86674
86675
86676
86677
86679
86680
86682
86683
86685
86686
86687
86688
86689
86690
86691
86692
86693
86695
86696
86697
86699
86700
86701
86702
86705
86706
86707
86708
86709
86710
86711
86712
86713
86714
86716
86717
86718
86719
86720
86721
86722
86723
86724
86725
86726
86727
86728
86729
86730
86731
86732
86733
86734
86735
86736
86737
86738
86739
86741
86742
86743
86744
86745
86746
86748
86750
86751
86752
86753
86754
86755
86757
86758
86759
86760
86761
86764
86765
86766
86769
86770
86772
86773
86774
86776
86777
86778
86779
86780
86781
86782
86783
86784
86785
86786
86788
86789
86790
88166
88167
88170
88171
88172
88174
88175
88177
88178
88182
88183
88184
88185
88186
88187
88188
88192
88193
88194
88195
88197
88198
88199
88200
88202
88203
88204
88205
88206
88207
88208
88209
88210
88211
88212
88213
88214
88216
88217
88218
88219
88220
88221
88222
88223
88224
88225
88226
88227
88228
88229
88230
88231
88233
88234
88235
88236
88237
88238
88240
88241
88243
88244
88245
88246
88247
88248
88249
88250
88251
88252
88253
88254
88255
88258
88259
88260
88261
88262
88263
88264
88265
88266
88267
88268
88269
88271
88272
88273
88274
88275
88276
88277
88278
88279
89708
89709
89710
89711
89713
89714
89715
89717
89718
89719
89720
89721
89722
89725
89727
89729
89731
89733
89734
89735
89736
89738
89740
89741
89743
89744
89745
89746
89747
89748
89751
89752
89753
89754
89755
89756
89757
89758
89759
89760
89761
89762
89763
89764
89765
89766
89768
89770
89771
89772
89773
89774
89776
89777
89778
89779
89780
89782
89786
89787
89788
89789
89791
89792
89793
89794
89795
89796
90990
90992
90993
90994
90995
90996
90997
90998
91000
91002
91003
91005
91006
91007
91009
91010
91011
91013
91014
91015
91016
91017
91018
91019
91020
91021
91022
91024
91025
91026
91027
91028
91029
91030
91031
91032
91033
91034
91035
91036
91037
91038
91039
91040
91042
91043
91044
91045
91046
91047
91048
91049
91050
91051
91052
91053
91054
91055
91056
91057
91058
91059
91060
91061
91062
91063
91064
91065
91066
91067
91068
91070
91071
91072
91073
91074
91076
91077
91078
91079
91081
91083
91084
91085
91086
91087
91088
91089
91090
91091
91092
91093
91094
91095
91096
91098
91100
91101
91102
91103
91104
91105
91106
91107
91108
91109
91110
91111
91112
91113
91114
91117
91118
91120
91121
91122
92684
92685
92686
92687
92688
92691
92692
92693
92694
92696
92697
92698
92699
92700
92702
92703
92704
92705
92706
92707
92708
92709
92710
92711
92712
92713
92714
92715
92716
92718
92719
92720
92722
92723
92724
92725
92726
92727
92728
92729
92730
92731
92732
92733
92734
92735
92736
92737
92738
92739
92740
92741
92742
92743
92744
92745
92746
92747
92748
92749
92750
92751
92752
92754
92755
92756
92757
92758
92759
92760
92761
92762
92763
92764
92765
92766
92767
92768
92769
92770
92771
92772
92774
92775
92776
92777
92778
92779
92780
92781
92782
92783
92785
92786
92787
92788
92789
92790
92791
92792
92794
92795
92796
92797
92798
92799
92800
92802
92803
92804
92805
92806
92807
92808
92809
92810
92811
92812
92813
92814
92815
92817
92818
92819
92820
92821
92822
92823
92824
92825
92826
92828
94476
94477
94478
94479
94480
94481
94482
94483
94484
94485
94486
94487
94489
94490
94491
94493
94494
94495
94496
94497
94498
94499
94500
94501
94502
94503
94504
94508
94509
94510
94511
94512
94513
94514
94515
94516
94517
94518
94519
94520
94521
94522
94523
94524
94525
94526
94527
94528
94529
94530
94531
94532
94534
94535
94536
94537
94538
94539
94541
94542
94543
94544
94546
94547
94548
94549
94550
94551
94552
94553
94554
94555
94556
94557
94558
94560
94562
94563
94564
94565
94566
94567
94568
94570
94571
94572
94573
94576
94577
94578
94579
94580
94581
94582
94585
94586
94587
96036
96037
96038
96039
96040
96042
96043
96046
96047
96048
96049
96050
96051
96052
96053
96057
96060
96061
96062
96063
96064
96066
96067
96068
96069
96071
96072
96073
96074
96075
96076
96077
96079
96080
96081
96084
96085
96086
96087
96088
96089
96090
96092
96094
96097
96098
96099
96100
96101
96103
96105
96106
96107
96108
96109
97104
97105
97106
97107
97108
97109
97110
97111
97112
97114
97116
97117
97118
97121
97124
97125
97126
97128
97129
97130
97131
97132
97133
97134
97135
97136
97138
97139
97140
97141
97143
97144
97145
97146
97147
97148
97149
97150
97151
97152
97153
97154
97155
97157
97158
97159
97160
97161
97162
97163
97164
97165
97167
97168
97169
97170
97172
97173
97174
97175
97176
97177
97178
97179
97180
97181
97182
97183
97184
97185
97186
97187
97188
97189
97191
97192
97193
97194
97195
97196
97198
97200
97202
97203
97204
97205
97206
97207
97208
97209
97211
97212
97213
97214
97215
97216
97217
97218
97219
97220
97222
97223
98588
98589
98590
98591
98592
98593
98594
98595
98596
98597
98599
98600
98601
98602
98603
98605
98606
98607
98608
98609
98610
98611
98612
98614
98616
98617
98618
98621
98622
98623
98624
98626
98627
98628
98629
98630
98631
98632
98633
98634
98635
98636
98637
98638
98639
98640
98641
98642
98643
98644
98645
98646
98647
98648
98649
98650
98652
98654
98655
98657
98658
98659
98661
98662
98665
98666
98667
98669
98671
98672
98674
98675
98677
98678
98679
98680
98681
98682
98683
98684
98687
99896
99897
99898
99899
99900
99901
99902
99903
99904
99905
99906
99907
99908
99909
99910
99911
99912
99913
99914
99915
99916
99917
99919
99921
99922
99924
99926
99928
99929
99930
99931
99933
99935
99936
99937
99938
99939
99942
99943
99944
99945
99946
99947
99948
99949
99950
99951
99952
99954
99955
99957
99958
99959
99961
99963
99964
99966
99967
99969
99970
99971
99972
99973
99975
99976
99977
99978
99979
99981
99982
99983
99984
99986
99988
99989
99990
99991
99993
99994
99995
99996
99997
99998
100000
100001
101322
101323
101324
101325
101326
101328
101329
101330
101331
101332
101334
101335
101336
101337
101339
101340
101341
101342
101344
101345
101346
101347
101348
101349
101350
101352
101353
101354
101355
101356
101357
101359
101360
101361
101362
101363
101364
101365
101366
101367
101368
101369
101370
101371
101372
101374
101375
101377
101378
101379
101380
101381
101382
101383
101384
101385
101386
101387
101388
101389
101390
101391
101392
101393
101394
101396
101398
101399
101400
101401
101402
101403
101404
101405
101406
101407
101408
101409
101410
101411
101412
101414
101415
101416
101417
101419
101420
101421
101423
101425
101427
101428
101429
101430
101431
101433
101434
101437
101438
101439
101440
101441
101442
101443
101444
101445
101446
101447
101448
101450
101452
101453
101454
101455
103007
103009
103010
103013
103014
103015
103016
103018
103019
103020
103021
103022
103023
103026
103027
103028
103029
103030
103031
103032
103034
103035
103036
103037
103039
103041
103042
103044
103045
103046
103047
103048
103049
103050
103051
103052
103054
103055
103056
103058
103059
103060
103061
103062
103063
103064
103065
103066
103067
103068
103069
103070
103071
103072
103073
103074
103075
103076
103077
103078
103079
103080
103081
103082
103083
103084
103085
103086
103087
103088
103089
103090
103091
103092
103093
103094
103097
103098
103099
103100
103101
103102
103103
103104
103105
103106
103107
103108
103109
103110
103111
103112
103113
103114
103116
103119
103120
103121
103122
103123
103124
103125
103126
103127
103128
103130
103131
103132
103133
103134
103137
103138
103139
103140
103141
103143
103144
103145
103147
103149
103150
103151
103152
104730
104731
104734
104735
104736
104737
104738
104739
104740
104741
104742
104743
104744
104745
104748
104749
104750
104751
104752
104753
104754
104755
104756
104757
104758
104759
104760
104761
104762
104763
104764
104765
104766
104767
104768
104769
104770
104771
104772
104773
104774
104775
104778
104779
104780
104781
104782
104783
104784
104785
104787
104788
104789
104791
104792
104793
104794
104795
104796
104797
104798
104799
104800
104801
104802
104803
104804
104805
104806
104807
104808
104809
104810
104811
104812
104813
104814
104815
104816
104817
104818
104819
104820
104821
104822
104823
104824
104825
104827
104828
104829
104830
104831
104832
104833
104834
104835
104836
104837
104838
104839
104840
104841
104842
104843
104845
104846
104847
104848
104849
104851
104852
104853
104854
104855
104856
104858
104859
104860
104861
104862
104863
104864
104865
104866
104867
104868
104869
104870
104871
104873
104874
104876
104878
106563
106564
106565
106566
106571
106572
106573
106574
106575
106576
106577
106578
106579
106580
106581
106582
106583
106584
106585
106586
106587
106588
106589
106590
106591
106592
106596
106597
106598
106599
106601
106604
106605
106608
106609
106610
106611
106612
106613
106614
106615
106616
106618
106619
106620
106621
106622
106623
106624
106625
106626
106627
106628
106629
106630
106631
106632
106633
106634
106635
106636
106637
106638
106639
106640
106641
106642
106643
106644
106646
106647
106648
106649
106650
106651
106652
106654
106655
106656
106657
106658
106659
106660
106661
106662
106663
106664
106665
106666
106667
106669
106670
106671
106673
106674
106676
106677
106678
106679
106680
106681
106683
106684
106685
106687
106688
106689
106690
106691
106692
106695
106696
106697
106698
106699
106700
106701
106702
106703
106705
106706
106707
108252
108253
108254
108255
108256
108257
108259
108260
108261
108262
108263
108264
108266
108267
108268
108269
108270
108271
108272
108273
108274
108275
108276
108277
108278
108279
108280
108281
108282
108283
108284
108285
108286
108287
108288
108289
108290
108292
108294
108295
108296
108297
108299
108300
108301
108302
108303
108304
108305
108308
108310
108311
108312
108313
108314
108315
108316
108317
108318
108319
108320
108321
108322
108323
108324
108325
108326
108327
108329
108330
108331
108333
108334
108335
108337
108338
108339
108340
108341
108342
108343
108344
108345
108347
108348
108349
108351
108353
108354
108355
108356
108357
108358
108360
108361
108363
108364
108365
108366
108367
108369
108370
109756
109758
109759
109760
109761
109762
109763
109764
109765
109766
109767
109768
109769
109770
109771
109772
109773
109774
109776
109777
109778
109780
109782
109784
109786
109787
109788
109789
109791
109793
109794
109796
109797
109798
109799
109800
109801
109802
109803
109804
109805
109806
109807
109808
109810
109811
109812
109813
109814
109815
109816
109817
109818
109819
109820
109821
109822
109823
109824
109825
109826
109827
109828
109829
109830
109831
109832
109833
109834
109835
109836
109837
109838
109839
109840
109841
109842
109843
109844
109845
109846
109847
109848
109849
109850
109851
109852
109853
109854
109855
109856
109857
109858
109860
109861
109862
109863
109864
109865
109866
109867
109868
109870
109871
109872
109873
109875
109876
109877
109878
109879
109880
109882
109883
109884
109885
109886
109887
109888
109889
109890
109891
109892
109893
109894
109895
109896
109899
111520
111521
111522
111525
111526
111527
111528
111529
111530
111531
111532
111533
111534
111535
111536
111537
111538
111539
111540
111541
111542
111543
111544
111545
111546
111547
111548
111550
111551
111552
111553
111554
111555
111556
111557
111558
111559
111560
111561
111563
111564
111565
111566
111567
111568
111569
111570
111571
111572
111574
111575
111577
111578
111579
111580
111581
111582
111583
111584
111585
111586
111587
111588
111589
111590
111591
111592
111593
111595
111596
111597
111598
111600
111601
111602
111604
111605
111606
111607
111608
111609
111610
111611
111612
111614
111615
111616
111617
111618
111620
111621
111622
111623
111624
111625
111626
111627
111628
111631
111632
111633
111634
111636
111637
111639
111640
113058
113059
113060
113061
113062
113063
113064
113065
113066
113067
113068
113069
113070
113071
113072
113073
113074
113075
113076
113077
113078
113079
113080
113081
113082
113083
113084
113086
113087
113088
113090
113091
113092
113093
113094
113095
113096
113097
113098
113099
113100
113101
113102
113103
113104
113105
113106
113107
113108
113109
113110
113111
113112
113113
113114
113115
113116
113117
113118
113119
113120
113121
113122
113123
113124
113125
113126
113127
113128
113129
113130
113131
113132
113133
113134
113135
113136
113137
113139
113140
113141
113142
113143
113145
113146
113147
113148
113149
113150
113151
113152
113153
113154
113156
113157
113158
113161
113162
113163
113164
113165
113166
113167
113168
113169
113170
113171
113172
113174
113175
113176
113177
113178
113179
113180
113181
113182
113183
113184
113185
114756
114758
114759
114760
114761
114762
114763
114764
114765
114766
114767
114768
114770
114771
114772
114773
114774
114775
114776
114777
114778
114779
114780
114784
114785
114786
114788
114789
114790
114792
114793
114795
114796
114797
114798
114799
114800
114801
114802
114803
114804
114805
114806
114807
114808
114810
114811
114812
114814
114815
114816
114817
114819
114820
114821
114822
114823
114824
114825
114826
114827
114828
114829
114830
114831
114832
114833
114836
114837
114838
114839
114840
114843
114845
114846
114847
114848
114849
114850
114852
114853
114854
114855
114856
114857
114858
114859
114861
114862
114863
114864
116235
116236
116237
116238
116239
116240
116242
116243
116244
116245
116246
116248
116249
116250
116251
116252
116253
116254
116255
116256
116257
116258
116260
116261
116262
116263
116264
116265
116266
116267
116268
116269
116270
116272
116273
116274
116275
116276
116277
116278
116279
116280
116281
116282
116283
116284
116285
116286
116287
116288
116289
116291
116292
116293
116294
116295
116296
116297
116298
116299
116300
116301
116302
116303
116304
116305
116306
116307
116308
116309
116310
116311
116312
116313
116314
116315
116316
116317
116318
116319
116320
116321
116322
116323
116324
116325
116326
116327
116329
116330
116331
116332
116333
116334
116335
116336
116338
116339
116340
116341
116342
116344
116345
116347
116349
116350
116351
116352
116353
116354
116355
116356
116357
116359
116360
116361
116362
117881
117883
117884
117885
117886
117887
117888
117889
117890
117891
117892
117893
117894
117895
117896
117897
117898
117899
117900
117901
117902
117903
117904
117905
117906
117907
117908
117909
117910
117911
117912
117913
117914
117915
117916
117917
117918
117919
117920
117922
117923
117924
117925
117926
117927
117929
117930
117931
117932
117934
117935
117936
117937
117938
117939
117940
117941
117942
117943
117944
117945
117946
117947
117948
117949
117950
117951
117952
117954
117955
117956
117957
117958
117959
117960
117961
117962
117963
117964
117965
117966
117967
117968
117969
117970
117971
117972
117973
117974
117975
117976
117977
117979
117983
117984
117986
117987
117988
117989
117990
117991
117992
117993
117995
117996
117997
117998
117999
118000
118001
118002
118003
118004
118006
118007
118010
118011
118012
118013
118014
119635
119636
119637
119639
119640
119642
119643
119644
119645
119646
119647
119648
119649
119650
119652
119653
119654
119655
119656
119657
119658
119659
119660
119661
119662
119664
119666
119667
119668
119670
119671
119672
119673
119674
119675
119676
119677
119678
119679
119680
119681
119682
119683
119684
119685
119686
119687
119689
119690
119692
119693
119694
119695
119696
119697
119698
119699
119700
119701
119702
119703
119704
119705
119706
119707
119708
119709
119710
119711
119712
119713
119714
119715
119717
119718
119720
119721
119722
119723
119724
119725
119726
119727
119728
119729
119730
119731
119732
119733
119734
119735
119736
119738
119739
119740
119741
119742
119743
119744
119745
119746
119747
119749
119750
119752
119753
119754
119755
119756
119759
119760
119761
119762
119764
119765
119766
119767
119768
119769
119770
