593
594
596
597
598
599
600
601
603
604
605
606
607
608
609
610
611
613
614
615
617
618
619
620
621
623
625
627
628
629
630
632
633
635
636
637
639
640
641
643
645
647
648
650
651
652
653
654
655
657
658
659
660
661
663
665
666
668
669
670
671
672
673
674
675
677
678
679
680
681
683
684
685
686
687
688
689
690
692
693
695
696
699
701
702
703
704
706
709
710
711
712
713
717
719
721
723
724
727
728
730
732
733
734
737
738
741
2459
2460
2461
2462
2463
2465
2467
2468
2470
2471
2472
2473
2474
2475
2476
2477
2478
2480
2481
2482
2484
2485
2486
2487
2489
2490
2491
2493
2495
2497
2498
2499
2500
2501
2503
2504
2505
2506
2507
2508
2509
2510
2511
2512
2513
2514
2515
2516
2517
2518
2519
2520
2521
2522
2523
2524
2525
2526
2527
2529
2530
2531
2533
2534
2535
2536
2537
2538
2539
2540
2541
2542
2543
2544
2545
2547
2548
2549
2550
2552
2553
2554
2555
2556
2557
2558
2559
2560
2561
2562
2563
2564
2565
2566
2567
2568
2569
2570
2571
2572
2575
2579
2581
2582
2583
2585
2586
2587
2589
2590
2591
2592
2597
2599
2600
2601
2602
2604
2605
2606
2607
2608
2609
2610
2612
2613
2614
2615
2618
2619
2620
4455
4456
4457
4458
4459
4460
4461
4462
4464
4465
4466
4467
4468
4469
4470
4471
4472
4474
4475
4476
4478
4479
4481
4482
4483
4484
4485
4487
4488
4489
4490
4491
4492
4493
4494
4495
4496
4497
4498
4499
4500
4501
4502
4503
4504
4505
4506
4507
4508
4509
4510
4511
4512
4513
4514
4515
4516
4517
4518
4519
4520
4521
4522
4523
4524
4526
4527
4528
4529
4530
4531
4532
4533
4534
4535
4536
4538
4539
4541
4542
4543
4544
4545
4546
4547
4549
4550
4551
4552
4553
4554
4555
4556
4557
4558
4559
4560
4561
4562
4563
4564
4565
4566
4568
4569
4572
4575
4576
4578
4580
4581
4582
4583
4586
4588
4589
4590
4591
4593
4594
4596
4597
4598
4599
4600
4601
4602
4603
4604
4605
4607
4608
4609
4610
4611
4612
4613
4615
4616
4617
6388
6391
6392
6394
6395
6396
6400
6402
6403
6404
6406
6408
6409
6410
6411
6412
6413
6415
6416
6417
6419
6421
6422
6423
6424
6425
6428
6429
6430
6434
6435
6437
6438
6439
6440
6441
6442
6443
6444
6445
6446
6447
6448
6449
6451
6453
6454
6456
6457
6458
6459
6460
6461
6462
6463
6464
6465
6466
6468
6469
6470
6471
6472
6473
6474
6475
6477
6478
6479
6480
6481
6482
6484
6485
6486
6487
6488
6489
6490
6491
6492
6493
6496
6499
6500
6503
6504
6505
6506
6507
6508
6510
6511
6512
6513
6516
6518
6519
6520
6522
6524
6526
6527
6528
6529
6530
6531
6533
6535
6536
6537
8172
8173
8174
8176
8177
8179
8181
8182
8183
8185
8187
8188
8190
8191
8192
8194
8195
8196
8197
8198
8201
8202
8204
8206
8207
8208
8209
8212
8213
8214
8215
8216
8217
8218
8220
8221
8222
8224
8225
8226
8227
8228
8229
8230
8231
8232
8234
8235
8236
8238
8239
8240
8241
8242
8243
8244
8246
8247
8249
8250
8251
8252
8253
8254
8255
8256
8258
8260
8261
8264
8266
8267
8269
8270
8271
8272
8274
8275
8276
8280
8281
8282
8283
8284
8286
8287
8289
8293
8294
8295
8296
8297
8298
8300
8302
8303
8305
8306
8307
8308
8309
8310
9836
9837
9838
9840
9845
9846
9848
9849
9850
9851
9852
9853
9854
9855
9857
9858
9859
9860
9861
9862
9863
9867
9869
9871
9873
9874
9875
9876
9877
9880
9882
9883
9884
9887
9888
9890
9891
9893
9894
9895
9897
9898
9899
9900
9902
9903
9905
9906
9911
9912
9913
9914
9915
9916
9917
9918
9919
9921
9925
9926
9927
9928
9929
9931
9933
9934
9936
9939
9942
9947
9948
9952
9957
9960
9962
9966
9967
9968
9969
9970
9973
11504
11506
11507
11509
11510
11511
11512
11513
11514
11515
11516
11518
11519
11520
11521
11524
11526
11527
11528
11529
11531
11532
11533
11534
11535
11537
11538
11539
11540
11541
11542
11544
11546
11548
11549
11551
11554
11555
11556
11557
11558
11559
11560
11564
11565
11566
11567
11568
11569
11570
11571
11573
11574
11575
11576
11578
11579
11580
11581
11582
11583
11586
11587
11588
11589
11590
11591
11593
11594
11595
11596
11597
11598
11599
11600
11601
11604
11605
11610
11612
11613
11618
11619
11621
11622
11623
11624
11626
11627
11630
11631
11632
11633
11635
11636
13089
13091
13093
13094
13096
13098
13099
13103
13106
13108
13110
13111
13113
13114
13115
13117
13119
13124
13125
13127
13128
13130
13133
13134
13139
13141
13145
13146
13147
13149
13151
13152
13153
13156
13157
13158
13159
13160
13161
13162
13163
13164
13165
13166
13168
13169
13170
13171
13173
13174
13175
13176
13179
13180
13181
13182
13184
13185
13188
13190
13193
13196
13199
13200
13201
13204
13205
14683
14684
14685
14686
14688
14689
14690
14691
14695
14696
14697
14698
14699
14700
14701
14702
14703
14704
14705
14706
14707
14708
14711
14712
14713
14714
14715
14716
14717
14718
14719
14720
14721
14722
14723
14724
14725
14726
14727
14728
14729
14730
14731
14732
14734
14735
14736
14737
14738
14739
14740
14741
14742
14743
14744
14745
14746
14747
14748
14749
14750
14751
14752
14753
14754
14755
14756
14757
14758
14759
14761
14762
14763
14764
14766
14767
14768
14769
14770
14771
14772
14773
14774
14775
14776
14777
14778
14779
14780
14782
14783
14784
14785
14786
14787
14788
14789
14790
14793
14794
14795
14799
14800
14802
14804
14805
14806
14807
14810
14811
14813
14814
14815
14819
14820
14822
14825
14827
14828
14830
14831
14833
16531
16533
16534
16535
16537
16539
16540
16544
16546
16547
16548
16549
16550
16552
16553
16555
16556
16557
16558
16559
16560
16561
16562
16563
16564
16565
16567
16568
16569
16570
16571
16572
16573
16574
16576
16577
16579
16580
16581
16582
16584
16585
16586
16587
16588
16589
16590
16591
16592
16595
16597
16598
16599
16600
16602
16604
16605
16606
16607
16608
16609
16610
16612
16613
16614
16615
16616
16617
16619
16620
16621
16622
16623
16625
16626
16627
16628
16629
16630
16632
16633
16634
16635
16636
16637
16639
16642
16643
16644
16645
16649
16650
16651
16652
16653
16654
16655
16656
16658
16659
16660
16661
16663
16664
16666
16668
16669
16670
16671
16673
18338
18339
18340
18342
18343
18344
18346
18347
18348
18351
18352
18354
18355
18356
18357
18359
18360
18361
18363
18364
18365
18366
18367
18368
18369
18370
18371
18372
18373
18374
18375
18376
18377
18378
18379
18380
18381
18382
18383
18386
18387
18388
18389
18390
18391
18392
18393
18394
18395
18396
18397
18399
18400
18402
18403
18404
18405
18406
18407
18408
18409
18411
18413
18414
18415
18416
18417
18418
18419
18420
18422
18423
18424
18425
18426
18427
18429
18430
18431
18432
18433
18434
18435
18436
18437
18438
18441
18443
18444
18445
18446
18450
18451
18452
18453
18455
18456
18457
18459
18460
18462
18463
18465
18466
18467
18468
18471
18472
18473
18479
18481
20116
20120
20121
20123
20126
20127
20130
20131
20133
20134
20136
20138
20139
20141
20142
20143
20144
20145
20147
20149
20151
20152
20153
20155
20158
20159
20161
20163
20164
20165
20166
20167
20168
20171
20172
20173
20174
20175
20176
20177
20179
20180
20181
20182
20184
20186
20187
20188
20190
20191
20192
20193
20195
20196
20197
20198
20200
20201
20202
20203
20205
20209
20210
20211
20212
20217
20219
20220
20223
20224
20227
20228
20229
20230
20231
20232
20233
20234
20239
20240
20242
20245
20248
20249
20252
20253
20254
21833
21836
21838
21839
21840
21841
21842
21843
21845
21850
21851
21852
21853
21854
21856
21857
21858
21860
21861
21862
21863
21864
21865
21867
21868
21869
21871
21872
21873
21875
21876
21877
21879
21880
21881
21882
21883
21884
21885
21886
21887
21888
21889
21890
21891
21892
21894
21895
21896
21897
21898
21899
21900
21901
21902
21903
21904
21905
21906
21907
21908
21909
21910
21911
21912
21913
21914
21915
21916
21917
21918
21920
21921
21922
21923
21924
21926
21927
21928
21929
21930
21931
21934
21936
21937
21938
21939
21940
21941
21942
21943
21944
21946
21947
21949
21950
21951
21952
21953
21954
21957
21958
21959
21960
21963
21964
21965
21966
21968
21969
21970
21971
23604
23605
23606
23608
23611
23612
23613
23615
23616
23618
23619
23620
23621
23623
23624
23625
23626
23627
23629
23630
23631
23632
23633
23634
23635
23636
23637
23638
23639
23640
23641
23643
23644
23645
23646
23647
23648
23650
23651
23652
23653
23655
23656
23657
23658
23659
23660
23661
23662
23663
23664
23665
23667
23668
23669
23670
23671
23672
23674
23675
23676
23677
23678
23679
23680
23681
23684
23685
23686
23687
23688
23690
23691
23692
23693
23694
23695
23696
23697
23699
23700
23701
23702
23703
23705
23706
23708
23709
23710
23711
23712
23713
23715
23716
23717
23721
23724
23725
23726
23727
23729
23730
23732
23733
23734
23735
23736
23737
23739
23741
23742
23743
23746
23747
23748
23750
23751
23752
23755
23756
23757
23758
23759
23760
23761
23763
23764
25524
25526
25528
25529
25530
25531
25532
25533
25534
25535
25536
25537
25539
25540
25541
25542
25543
25545
25546
25547
25548
25550
25552
25553
25554
25555
25556
25557
25558
25559
25560
25561
25562
25563
25564
25565
25566
25567
25568
25569
25570
25571
25572
25573
25574
25575
25576
25577
25580
25581
25583
25584
25585
25586
25587
25588
25589
25590
25591
25592
25594
25595
25596
25597
25598
25599
25600
25602
25603
25604
25605
25607
25608
25610
25611
25613
25614
25615
25616
25617
25618
25619
25620
25621
25623
25624
25625
25626
25627
25628
25629
25630
25631
25632
25633
25634
25635
25636
25637
25638
25641
25642
25643
25644
25647
25648
25650
25651
25652
25654
25655
25658
25659
25660
25662
25664
25665
25666
25668
25669
25671
25672
25673
25674
25675
25676
25678
25679
25680
25682
25685
25687
25688
25689
25690
25691
25692
25693
27476
27477
27478
27479
27480
27481
27482
27483
27484
27485
27486
27488
27489
27490
27491
27493
27495
27496
27497
27498
27499
27500
27501
27502
27503
27504
27505
27506
27507
27508
27510
27511
27512
27513
27514
27517
27518
27519
27520
27522
27523
27524
27525
27526
27527
27528
27529
27530
27531
27534
27535
27536
27537
27538
27539
27540
27541
27542
27546
27547
27548
27550
27551
27552
27553
27554
27555
27556
27557
27558
27559
27560
27561
27562
27563
27564
27565
27566
27567
27568
27569
27570
27571
27572
27573
27574
27575
27576
27577
27578
27580
27582
27585
27587
27588
27589
27590
27591
27592
27593
27594
27596
27597
27598
27599
27600
27601
27602
27603
27606
27607
27608
27609
27610
27612
27614
27615
27617
29301
29302
29303
29304
29307
29308
29310
29311
29312
29313
29314
29315
29317
29318
29319
29321
29322
29324
29326
29331
29334
29335
29336
29337
29339
29340
29343
29344
29345
29347
29348
29349
29350
29351
29353
29354
29355
29358
29359
29360
29361
29362
29363
29364
29365
29366
29367
29368
29369
29370
29372
29373
29375
29376
29377
29378
29379
29380
29381
29382
29384
29385
29386
29387
29388
29389
29390
29391
29393
29397
29399
29400
29403
29406
29408
29410
29413
29414
29418
29419
29420
29422
29423
29424
29426
29427
29429
29430
29431
29432
29433
29434
29437
31066
31069
31070
31071
31072
31073
31074
31075
31076
31077
31078
31080
31083
31084
31085
31086
31087
31088
31089
31090
31091
31092
31093
31095
31096
31097
31098
31099
31100
31101
31103
31105
31106
31107
31108
31109
31110
31112
31114
31115
31117
31118
31119
31120
31122
31124
31125
31126
31127
31128
31129
31130
31131
31132
31133
31134
31136
31137
31138
31139
31140
31141
31142
31143
31145
31146
31147
31148
31149
31150
31152
31153
31154
31156
31157
31158
31159
31160
31161
31162
31163
31164
31165
31166
31167
31168
31169
31170
31171
31172
31173
31174
31175
31176
31177
31178
31179
31180
31181
31182
31183
31184
31185
31186
31188
31191
31192
31194
31198
31199
31201
31202
31203
31205
31206
31207
31209
31210
31213
31214
31216
31217
31218
31219
31221
31222
33001
33002
33003
33005
33006
33007
33008
33009
33011
33012
33013
33016
33018
33019
33020
33021
33022
33023
33024
33025
33026
33028
33029
33030
33031
33032
33034
33035
33036
33037
33038
33039
33040
33041
33042
33044
33045
33046
33047
33048
33050
33051
33052
33053
33054
33055
33056
33057
33058
33059
33060
33061
33062
33064
33065
33066
33067
33069
33072
33073
33074
33075
33076
33077
33078
33079
33080
33081
33083
33084
33085
33086
33087
33088
33089
33090
33091
33092
33093
33094
33095
33096
33098
33099
33100
33101
33102
33103
33104
33105
33107
33108
33109
33110
33111
33114
33116
33117
33118
33120
33121
33122
33123
33125
33126
33129
33130
33131
33132
33133
33134
33135
33136
33137
33138
33139
33140
33141
33142
33143
33144
33145
33147
33148
33149
33150
33151
33152
34932
34935
34936
34937
34938
34940
34941
34942
34945
34946
34948
34949
34950
34951
34952
34953
34955
34956
34957
34959
34960
34961
34962
34963
34964
34965
34966
34967
34970
34971
34972
34974
34975
34976
34977
34978
34979
34980
34981
34982
34985
34986
34987
34988
34989
34990
34992
34993
34994
34995
34996
34997
34998
34999
35000
35001
35002
35003
35005
35006
35007
35008
35009
35010
35011
35012
35013
35014
35015
35017
35018
35020
35021
35023
35024
35025
35026
35028
35029
35031
35032
35033
35034
35035
35037
35038
35039
35040
35041
35042
35043
35045
35046
35047
35048
35049
35050
35051
35052
35054
35055
35058
35059
35060
35062
35063
35064
35065
35066
35067
35068
35069
35072
35073
35074
35076
35077
35080
35081
35083
35084
35085
35086
35087
35090
35091
35092
35093
36816
36817
36818
36819
36822
36823
36824
36825
36826
36827
36828
36831
36832
36836
36839
36842
36843
36844
36845
36846
36847
36850
36851
36853
36856
36858
36859
36860
36861
36862
36863
36864
36865
36866
36867
36868
36869
36870
36871
36872
36873
36875
36876
36877
36880
36881
36882
36884
36885
36886
36887
36888
36890
36892
36893
36894
36896
36898
36899
36900
36901
36902
36903
36904
36906
36907
36908
36909
36910
36911
36912
36913
36914
36915
36918
36919
36920
36921
36922
36924
36925
36926
36927
36931
36932
36934
36935
36937
36939
36940
36941
36943
36945
36949
36950
36951
36952
36955
36956
36958
36959
38608
38609
38611
38613
38615
38616
38619
38620
38621
38623
38624
38625
38626
38627
38628
38629
38630
38631
38632
38633
38634
38635
38636
38637
38638
38639
38640
38641
38642
38643
38644
38645
38646
38647
38649
38650
38651
38652
38653
38655
38656
38657
38658
38659
38661
38662
38664
38665
38666
38667
38668
38669
38670
38672
38673
38675
38676
38677
38678
38679
38680
38681
38682
38683
38684
38685
38686
38687
38688
38689
38690
38691
38692
38693
38694
38695
38696
38697
38698
38699
38700
38701
38702
38703
38704
38705
38706
38708
38709
38710
38711
38712
38713
38714
38715
38716
38717
38718
38719
38720
38722
38723
38724
38726
38727
38728
38729
38731
38732
38733
38737
38738
38739
38740
38741
38742
38744
38745
38747
38748
38749
38750
38752
38753
38754
38756
38757
40458
40459
40460
40461
40462
40463
40464
40465
40469
40470
40471
40472
40473
40474
40475
40476
40477
40478
40479
40480
40481
40482
40483
40484
40485
40486
40487
40488
40491
40492
40493
40494
40497
40498
40499
40500
40501
40502
40503
40504
40505
40506
40508
40509
40510
40511
40512
40513
40514
40515
40516
40517
40519
40520
40521
40522
40523
40525
40526
40527
40528
40530
40531
40533
40534
40535
40537
40538
40539
40540
40541
40543
40544
40545
40546
40547
40548
40549
40550
40551
40552
40553
40555
40556
40557
40558
40559
40560
40561
40563
40564
40565
40570
40571
40572
40573
40574
40577
40578
40580
40581
40582
40583
40584
40585
40586
40587
40588
40589
40591
40592
40594
40595
40596
40597
40598
40599
40600
40601
40604
40605
42227
42228
42230
42231
42232
42233
42236
42237
42238
42240
42241
42243
42244
42245
42246
42248
42249
42250
42251
42252
42255
42256
42257
42258
42259
42260
42261
42262
42263
42264
42265
42266
42267
42268
42269
42270
42271
42272
42273
42274
42276
42277
42278
42279
42280
42281
42283
42284
42285
42286
42287
42288
42289
42290
42291
42292
42294
42295
42296
42297
42298
42299
42300
42303
42304
42305
42306
42309
42310
42311
42312
42313
42314
42315
42316
42317
42319
42320
42321
42322
42323
42324
42330
42331
42332
42334
42336
42337
42338
42340
42343
42345
42346
42347
42350
42351
42353
43973
43974
43975
43976
43977
43978
43979
43980
43981
43982
43983
43984
43985
43986
43987
43988
43989
43990
43991
43992
43993
43994
43995
43997
43998
43999
44000
44001
44002
44003
44004
44006
44007
44008
44009
44010
44011
44012
44013
44014
44015
44016
44018
44019
44020
44021
44022
44023
44024
44026
44027
44028
44030
44031
44032
44033
44034
44035
44036
44037
44038
44039
44041
44042
44043
44045
44046
44047
44048
44049
44050
44051
44052
44053
44054
44056
44057
44058
44059
44060
44061
44062
44063
44064
44065
44066
44067
44068
44069
44070
44071
44072
44073
44074
44075
44076
44077
44078
44079
44080
44081
44082
44083
44085
44086
44087
44088
44089
44090
44092
44093
44095
44096
44098
44099
44100
44105
44106
44107
44108
44109
44110
44111
44112
44114
44115
44116
44117
44118
44119
44120
44121
44122
44123
44124
44125
44127
44128
44130
44131
44133
44134
44136
44137
44140
44141
44142
46016
46017
46018
46019
46020
46021
46022
46023
46024
46025
46026
46027
46028
46029
46031
46032
46033
46034
46035
46036
46037
46038
46039
46040
46041
46042
46043
46044
46046
46047
46048
46050
46051
46052
46053
46054
46055
46056
46057
46058
46059
46060
46061
46062
46063
46064
46065
46066
46067
46068
46070
46071
46072
46073
46075
46076
46077
46078
46079
46080
46081
46082
46083
46084
46085
46086
46087
46088
46089
46090
46091
46092
46093
46094
46095
46096
46097
46098
46099
46100
46101
46104
46105
46106
46107
46108
46109
46110
46111
46113
46114
46115
46116
46117
46118
46119
46120
46121
46122
46123
46124
46125
46126
46127
46128
46130
46131
46132
46133
46134
46135
46139
46140
46141
46142
46143
46144
46146
46147
46148
46150
46152
46153
46154
46155
46156
46157
46158
46159
46160
46161
46162
46163
46165
46168
46169
46172
46173
46174
46175
46176
46177
46178
46180
46182
48030
48032
48033
48034
48035
48036
48038
48039
48040
48041
48042
48043
48044
48045
48046
48047
48048
48049
48050
48051
48052
48053
48054
48055
48056
48057
48058
48059
48060
48061
48062
48063
48064
48065
48066
48067
48068
48069
48071
48072
48073
48074
48076
48077
48079
48080
48081
48082
48083
48084
48085
48086
48087
48088
48089
48090
48091
48093
48094
48095
48096
48097
48098
48099
48100
48101
48102
48103
48104
48105
48106
48107
48108
48109
48110
48111
48112
48113
48114
48115
48116
48117
48118
48119
48120
48121
48122
48124
48125
48126
48127
48128
48129
48130
48131
48132
48133
48134
48135
48136
48137
48138
48139
48140
48141
48142
48144
48145
48146
48147
48148
48150
48151
48152
48154
48155
48156
48157
48158
48159
48160
48161
48162
48165
48166
48168
48169
48170
48171
48173
48174
48175
48176
48178
48179
48180
48181
48182
48183
48187
48188
48189
48190
48191
48192
48193
48194
50094
50095
50096
50097
50098
50099
50100
50101
50103
50104
50105
50106
50107
50108
50109
50110
50112
50113
50114
50115
50117
50118
50119
50120
50121
50123
50124
50125
50126
50127
50128
50129
50130
50131
50132
50133
50134
50135
50136
50137
50138
50139
50140
50141
50142
50143
50144
50145
50146
50147
50148
50149
50150
50151
50153
50154
50155
50156
50157
50158
50159
50160
50161
50162
50163
50164
50165
50166
50167
50169
50170
50172
50173
50174
50175
50176
50177
50178
50180
50181
50182
50183
50184
50185
50186
50188
50189
50190
50191
50192
50193
50194
50195
50196
50197
50198
50199
50200
50201
50202
50203
50204
50205
50206
50207
50208
50209
50210
50211
50212
50213
50214
50215
50218
50219
50220
50221
50223
50224
50226
50227
50228
50229
50231
50232
50233
50234
50235
50236
50237
50238
50240
50244
50245
50246
50247
50248
50250
50251
50254
50255
50256
50257
50258
50260
50261
50263
50264
50265
50267
52108
52109
52112
52113
52116
52117
52118
52121
52122
52123
52124
52125
52126
52127
52128
52130
52131
52132
52133
52134
52135
52136
52138
52139
52140
52141
52143
52144
52145
52146
52147
52148
52151
52152
52153
52154
52155
52158
52159
52160
52161
52162
52163
52164
52165
52166
52167
52168
52169
52170
52171
52172
52173
52174
52177
52178
52179
52181
52182
52183
52184
52186
52187
52188
52189
52190
52191
52192
52193
52194
52196
52197
52198
52199
52200
52201
52202
52203
52204
52205
52206
52207
52208
52209
52210
52211
52212
52213
52214
52215
52216
52217
52219
52220
52221
52224
52227
52229
52230
52231
52232
52235
52237
52240
52241
52242
52243
52244
52245
52246
52247
52248
52249
52250
52251
52252
52253
52255
52256
52258
54037
54038
54039
54040
54041
54042
54043
54044
54046
54048
54049
54050
54052
54053
54054
54055
54056
54057
54058
54059
54060
54061
54062
54063
54064
54065
54066
54067
54068
54069
54070
54071
54072
54074
54075
54076
54077
54078
54079
54080
54082
54083
54084
54085
54086
54087
54088
54089
54091
54092
54093
54094
54096
54097
54098
54099
54100
54101
54102
54103
54104
54105
54106
54107
54108
54110
54111
54112
54114
54115
54116
54117
54118
54119
54120
54121
54122
54123
54124
54125
54126
54128
54129
54130
54131
54132
54133
54135
54136
54137
54138
54139
54140
54141
54142
54143
54144
54145
54146
54147
54148
54149
54150
54151
54152
54153
54154
54157
54158
54161
54162
54163
54165
54166
54168
54171
54172
54174
54176
54177
54178
54179
54180
54181
54182
54183
54184
54186
54187
54188
54189
54190
54191
54192
54193
54194
54195
54196
54197
54199
54201
54202
54203
56024
56025
56027
56028
56029
56030
56032
56033
56034
56035
56036
56037
56038
56039
56040
56041
56043
56045
56047
56048
56049
56050
56052
56053
56054
56055
56056
56058
56059
56060
56061
56063
56064
56065
56068
56069
56070
56071
56072
56073
56074
56075
56076
56077
56078
56079
56081
56082
56083
56084
56085
56087
56088
56089
56090
56091
56092
56094
56095
56096
56098
56099
56101
56104
56105
56106
56107
56109
56110
56111
56112
56113
56114
56115
56116
56117
56118
56119
56120
56121
56122
56123
56124
56125
56126
56127
56128
56130
56132
56133
56134
56135
56136
56138
56139
56140
56141
56143
56144
56145
56147
56148
56149
56150
56152
56153
56157
56159
56160
56162
56163
56164
56165
56167
56168
56169
56170
56172
56173
56176
56177
56179
57888
57890
57891
57892
57894
57895
57896
57897
57898
57899
57900
57901
57902
57904
57905
57907
57908
57910
57911
57912
57913
57914
57915
57916
57917
57918
57919
57921
57923
57925
57928
57929
57930
57931
57932
57934
57935
57936
57937
57938
57939
57940
57941
57942
57943
57944
57945
57946
57949
57950
57951
57952
57953
57955
57956
57957
57958
57959
57960
57961
57962
57963
57964
57965
57967
57968
57970
57971
57972
57973
57974
57975
57976
57977
57978
57979
57980
57981
57982
57983
57984
57985
57986
57987
57988
57989
57990
57991
57992
57994
57995
57996
57997
57999
58000
58001
58002
58004
58006
58009
58010
58011
58014
58015
58016
58017
58018
58020
58021
58023
58024
58026
58027
58030
58031
58033
58034
58035
58036
58037
59694
59695
59696
59697
59698
59699
59700
59701
59703
59704
59705
59706
59707
59708
59709
59710
59712
59714
59715
59716
59717
59718
59719
59720
59722
59723
59724
59725
59726
59727
59728
59729
59733
59734
59735
59736
59737
59738
59739
59742
59744
59745
59746
59747
59749
59751
59752
59753
59755
59756
59757
59758
59760
59761
59762
59763
59764
59765
59766
59767
59768
59769
59770
59771
59773
59774
59775
59777
59778
59779
59780
59781
59782
59783
59784
59785
59786
59787
59788
59789
59791
59792
59793
59794
59795
59796
59798
59799
59800
59801
59802
59808
59809
59810
59815
59818
59819
59821
59822
59823
59824
59825
59826
59827
59828
59829
59830
59831
59832
59833
59834
59835
59836
61535
61536
61537
61538
61539
61540
61541
61542
61543
61544
61545
61546
61547
61548
61551
61552
61553
61554
61556
61557
61558
61559
61560
61561
61562
61563
61565
61566
61567
61568
61569
61570
61571
61572
61573
61574
61575
61576
61577
61578
61580
61582
61583
61584
61585
61587
61588
61590
61591
61592
61593
61594
61595
61596
61597
61598
61599
61600
61602
61603
61604
61605
61606
61607
61608
61609
61610
61611
61612
61613
61614
61616
61617
61618
61619
61620
61621
61622
61623
61624
61625
61626
61627
61628
61629
61630
61631
61632
61633
61634
61636
61637
61638
61639
61640
61641
61642
61643
61644
61647
61649
61651
61652
61653
61654
61656
61657
61658
61660
61662
61666
61667
61669
61670
61672
61673
61674
61676
61677
61678
61679
61680
61681
61682
61684
61686
61687
61690
61691
61692
63512
63513
63514
63516
63517
63518
63521
63522
63523
63524
63525
63526
63527
63528
63530
63531
63532
63533
63534
63535
63536
63537
63538
63540
63541
63542
63543
63544
63545
63546
63547
63548
63549
63551
63552
63553
63554
63555
63556
63557
63559
63561
63562
63563
63564
63565
63566
63567
63568
63569
63571
63572
63573
63574
63575
63576
63577
63578
63579
63580
63581
63582
63583
63584
63585
63586
63587
63588
63589
63590
63591
63592
63593
63594
63595
63596
63597
63598
63599
63601
63602
63603
63604
63605
63606
63607
63608
63609
63610
63611
63612
63613
63615
63616
63617
63618
63619
63620
63621
63622
63623
63624
63625
63626
63627
63628
63629
63631
63632
63633
63634
63635
63636
63637
63638
63639
63640
63641
63642
63643
63646
63647
63648
63649
63650
63652
63654
63655
63656
63657
63658
63659
63660
63661
63662
63663
63667
63668
63670
63671
63672
63673
63675
63676
63677
63679
63680
63681
63682
63683
65552
65553
65554
65555
65556
65557
65558
65559
65560
65563
65564
65565
65566
65567
65568
65569
65570
65571
65572
65573
65574
65575
65576
65578
65579
65580
65581
65582
65585
65586
65587
65588
65589
65590
65591
65592
65593
65594
65595
65597
65598
65600
65602
65604
65605
65606
65607
65608
65609
65610
65611
65612
65613
65614
65615
65616
65617
65619
65620
65621
65623
65624
65625
65626
65627
65628
65629
65630
65633
65634
65635
65636
65637
65639
65640
65642
65643
65644
65645
65646
65647
65648
65649
65650
65651
65652
65653
65654
65655
65656
65657
65658
65659
65661
65662
65663
65664
65665
65666
65667
65668
65669
65672
65674
65676
65677
65679
65680
65683
65684
65685
65686
65687
65688
65689
65690
65693
65694
65695
65696
65697
65699
65700
65702
65703
65704
65705
65707
65708
65709
65710
67445
67446
67447
67448
67449
67450
67451
67452
67453
67454
67455
67456
67457
67458
67459
67460
67461
67462
67463
67464
67466
67467
67468
67469
67470
67471
67472
67473
67474
67475
67476
67478
67479
67480
67481
67482
67483
67484
67485
67486
67487
67488
67489
67490
67491
67492
67493
67494
67495
67496
67497
67498
67499
67500
67501
67502
67505
67506
67507
67508
67509
67510
67511
67512
67513
67514
67515
67516
67517
67518
67519
67520
67521
67522
67523
67525
67526
67527
67528
67529
67530
67532
67533
67535
67536
67537
67540
67542
67543
67544
67545
67546
67547
67548
67549
67550
67551
67552
67554
67555
67557
67558
67559
67560
67561
67562
67563
67565
67566
67568
67569
67570
67571
67572
67573
67574
67575
67576
67577
67578
67580
67581
67582
67583
67584
69188
69189
69190
69191
69192
69193
69194
69197
69198
69199
69200
69201
69202
69203
69205
69206
69207
69208
69209
69210
69211
69212
69213
69214
69216
69217
69218
69219
69220
69221
69222
69223
69224
69225
69226
69227
69228
69229
69230
69231
69232
69233
69234
69235
69237
69238
69239
69240
69241
69242
69243
69244
69245
69246
69247
69248
69249
69250
69251
69252
69253
69255
69256
69257
69258
69259
69260
69261
69262
69263
69264
69265
69266
69267
69268
69269
69270
69271
69272
69273
69274
69275
69276
69277
69278
69279
69280
69281
69283
69284
69285
69286
69287
69288
69289
69290
69291
69292
69293
69296
69297
69298
69299
69300
69301
69302
69303
69304
69306
69307
69308
69309
69310
69312
69313
69314
69315
69316
69317
69320
69321
69322
70927
70928
70929
70930
70932
70933
70934
70935
70936
70937
70938
70939
70940
70941
70942
70943
70944
70945
70946
70947
70948
70949
70950
70951
70952
70953
70954
70955
70957
70958
70959
70960
70961
70962
70964
70965
70966
70967
70968
70970
70971
70972
70973
70974
70975
70976
70977
70978
70979
70980
70981
70982
70983
70984
70985
70986
70987
70988
70989
70990
70992
70993
70994
70995
70996
70997
70998
70999
71000
71001
71002
71003
71004
71005
71006
71007
71008
71009
71010
71012
71013
71015
71016
71017
71018
71019
71021
71022
71023
71024
71025
71027
71028
71030
71032
71033
71034
71035
71037
71039
71040
71041
71042
71043
71044
71045
71047
71048
71049
71050
71051
71052
71053
71056
71057
72604
72605
72606
72610
72611
72612
72613
72614
72615
72616
72617
72618
72620
72621
72622
72623
72625
72626
72627
72628
72629
72630
72631
72632
72633
72634
72635
72636
72638
72639
72641
72642
72644
72645
72646
72647
72648
72649
72650
72651
72653
72654
72655
72656
72658
72659
72660
72661
72662
72663
72664
72665
72666
72667
72669
72670
72671
72672
72673
72674
72675
72676
72677
72678
72679
72680
72681
72682
72683
72684
72685
72686
72687
72688
72689
72690
72691
72692
72693
72694
72695
72696
72698
72699
72700
72701
72702
72706
72707
72709
72712
72713
72714
72717
72719
72720
72721
72722
72723
72724
72726
72727
72728
72729
72730
72732
72734
72735
72736
72737
73956
73958
73959
73961
73963
73964
73966
73967
73968
73969
73970
73972
73974
73975
73976
73977
73978
73979
73980
73982
73983
73984
73986
73987
73988
73989
73990
73991
73992
73993
73994
73995
73996
74000
74001
74002
74003
74004
74005
74007
74768
74772
74774
74775
74776
74779
74780
74781
74782
74783
74785
74786
74788
74790
74791
74792
74793
74794
74795
74796
74797
74798
74799
74800
74801
74804
74807
74809
74810
74811
74812
74813
74817
74818
74820
74821
74822
74823
74825
74826
74827
74828
74830
74831
74832
74833
74834
75676
75677
75678
75679
75680
75681
75682
75683
75684
75686
75688
75691
75692
75693
75694
75695
75697
75698
75699
75701
75703
75704
75706
75707
75708
75709
75710
75711
75712
75713
75714
75715
75716
75717
75718
75719
75720
75722
75723
75724
75725
75726
75728
75729
75730
75731
75735
75736
76638
76639
76640
76641
76642
76643
76644
76645
76646
76647
76648
76649
76650
76651
76652
76653
76654
76655
76656
76659
76660
76661
76662
76663
76664
76665
76666
76667
76668
76670
76671
76672
76673
76674
76675
76678
76680
76681
76683
76684
76685
76686
76687
76688
76689
76690
76692
76693
76694
76695
76696
76697
77773
77774
77775
77777
77779
77781
77782
77784
77785
77786
77787
77788
77789
77790
77791
77792
77793
77794
77795
77796
77797
77798
77799
77800
77801
77802
77803
77805
77806
77807
77809
77810
77811
77812
77813
77815
77816
77817
77818
77819
77820
77821
77822
77823
77824
77825
77826
77827
77828
77829
77830
77831
77832
77833
77834
77835
77836
77837
77838
77839
77840
77841
77842
77843
77844
77845
77846
77847
77848
77849
77850
77851
77852
77853
77854
77855
77856
77858
77859
77860
77862
77863
77864
77867
77868
77869
77870
77872
77873
77874
77875
77876
77877
77878
77879
77880
77881
77882
77883
77884
77885
77886
77887
77888
77889
77890
77891
77892
77893
77894
79386
79387
79388
79389
79390
79391
79392
79393
79394
79395
79396
79397
79400
79401
79402
79403
79404
79405
79406
79408
79409
79410
79411
79412
79414
79415
79416
79417
79418
79420
79421
79422
79424
79425
79427
79428
79430
79431
79432
79433
79434
79435
79436
79437
79438
79439
79440
79441
79442
79443
79444
79445
79446
79447
79448
79449
79450
79452
79453
79454
79455
79456
79457
79458
79459
79460
79461
79463
79464
79465
79466
79467
79468
79469
79470
79471
79472
79473
79474
79475
79476
79477
79478
79479
79480
79482
79483
79484
79485
79486
79488
79489
79490
79491
79492
79493
79494
79495
79496
79497
79498
79499
79501
79502
79503
79504
79505
79507
79508
79509
79510
79511
79512
79513
79514
79515
79516
80974
80975
80977
80978
80979
80984
80985
80986
80987
80988
80990
80992
80994
80995
80997
80998
80999
81000
81002
81003
81004
81007
81008
81009
81010
81011
81012
81013
81014
81015
81017
81018
81019
81020
81021
81022
81023
81024
81025
81026
81029
81030
81031
81032
81036
81037
81039
81040
81041
81042
81043
81044
81045
81046
81047
81048
81050
81051
81053
81055
81056
81058
81060
81061
81062
81063
81066
81067
81068
81069
81070
81071
81073
81075
82509
82510
82511
82512
82514
82515
82516
82517
82518
82519
82520
82521
82522
82523
82524
82525
82526
82527
82529
82530
82531
82533
82534
82535
82537
82538
82539
82540
82541
82542
82544
82545
82546
82547
82549
82550
82552
82553
82554
82555
82556
82557
82558
82559
82560
82561
82562
82563
82564
82565
82566
82567
82568
82569
82570
82572
82573
82574
82575
82576
82577
82578
82579
82580
82581
82582
82583
82584
82585
82587
82588
82589
82590
82591
82592
82593
82594
82595
82596
82597
82598
82599
82600
82601
82602
82603
82604
82605
82606
82608
82609
82610
82611
82612
82613
82614
82615
82616
82617
82621
82622
82623
82624
82625
82627
82628
82629
82630
82631
82633
82634
82635
82636
82637
82638
82639
82640
82641
82642
82643
82644
82645
82646
82647
82648
82649
82650
84231
84232
84233
84234
84235
84236
84237
84238
84239
84240
84241
84243
84244
84245
84246
84247
84248
84249
84250
84251
84252
84253
84254
84255
84256
84257
84258
84262
84263
84265
84266
84267
84269
84270
84271
84272
84273
84274
84275
84276
84277
84278
84279
84280
84281
84282
84283
84284
84285
84286
84287
84288
84289
84290
84291
84292
84293
84294
84295
84296
84297
84298
84299
84300
84301
84302
84303
84304
84305
84306
84308
84309
84311
84312
84313
84314
84315
84316
84318
84320
84321
84322
84323
84324
84325
84326
84327
84328
84329
84330
84332
84333
84335
84336
84337
84338
84339
84341
84342
84344
84345
84346
85682
85683
85684
85687
85688
85689
85692
85693
85694
85695
85697
85698
85699
85700
85702
85703
85704
85705
85706
85707
85709
85711
85712
85713
85714
85715
85716
85718
85720
85721
85722
85723
85724
85725
85726
85727
85728
85729
85730
85732
85733
85734
85735
85736
85737
85738
85739
85740
85741
85742
85743
85744
85745
85746
85747
85748
85749
85752
85753
85754
85756
85757
85758
85759
85760
85761
85763
85764
85765
85766
85767
85769
85771
85772
85773
85774
85775
85776
85777
85778
85779
85780
85781
85782
85783
85784
85785
85786
85787
85788
85789
85790
85792
85793
85794
85795
85796
87144
87146
87147
87148
87149
87150
87151
87152
87153
87154
87155
87156
87157
87158
87159
87160
87162
87164
87165
87166
87167
87168
87170
87171
87172
87174
87177
87178
87179
87180
87181
87183
87184
87185
87186
87187
87189
87190
87191
87192
87193
87194
87195
87197
87198
87199
87200
87201
87202
87203
87204
87205
87206
87207
87208
87209
87210
87211
87212
87213
87214
87215
87216
87217
87218
87219
87220
87221
87222
87223
87224
87225
87226
87227
87228
87230
87231
87232
87234
87236
87237
87238
87239
87240
87241
87242
87243
87244
87247
87248
87249
87250
87251
87252
87253
87254
87255
87256
88642
88643
88644
88645
88646
88647
88648
88649
88650
88651
88652
88656
88657
88658
88659
88660
88661
88662
88663
88664
88665
88666
88667
88668
88670
88671
88672
88673
88675
88676
88677
88678
88679
88680
88681
88683
88684
88685
88686
88687
88688
88689
88690
88691
88692
88693
88694
88695
88696
88697
88699
88700
88701
88702
88703
88704
88705
88706
88707
88708
88710
88711
88712
88713
88714
88715
88716
88717
88718
88719
88720
88721
88722
88723
88724
88725
88726
88727
88728
88729
88730
88731
88733
88734
88735
88736
88737
88738
88740
88741
88743
88744
88745
88746
88747
88748
88749
88751
88752
88753
90097
90098
90099
90101
90102
90103
90104
90105
90106
90107
90108
90109
90110
90111
90112
90113
90114
90115
90116
90117
90118
90121
90123
90124
90125
90126
90128
90129
90130
90131
90132
90136
90137
90138
90140
90141
90142
90143
90144
90146
90148
90149
90150
90151
90152
90153
90154
90155
90157
90158
90159
90160
90163
90164
90166
90167
90168
90169
90170
90172
90175
90176
90177
90178
90179
90181
90182
90183
90184
90185
90187
90188
90191
90192
90193
91530
91532
91533
91534
91535
91536
91537
91538
91540
91541
91542
91544
91545
91546
91547
91550
91551
91552
91553
91554
91555
91556
91557
91558
91560
91561
91562
91563
91564
91565
91566
91567
91568
91569
91570
91571
91572
91573
91574
91575
91576
91577
91578
91579
91581
91582
91584
91585
91586
91587
91588
91589
91590
91591
91592
91593
91594
91595
91596
91598
91599
91600
91601
91602
91603
91604
91605
91606
91607
91608
91609
91610
91611
91612
91613
91614
91615
91616
91617
91618
91619
91620
91621
91622
91623
91624
91625
91626
91627
91630
91631
91632
91633
91634
91635
91636
91638
91639
91640
91641
91643
91644
91645
91646
91647
91648
91651
91652
91654
91655
91656
91657
91658
91659
91660
91662
91664
91665
91666
93270
93271
93273
93274
93275
93276
93277
93278
93279
93280
93281
93282
93283
93285
93287
93288
93289
93290
93292
93293
93294
93295
93296
93298
93299
93300
93301
93303
93304
93305
93306
93307
93308
93310
93311
93312
93313
93314
93315
93317
93318
93319
93320
93321
93322
93323
93324
93325
93326
93327
93328
93330
93331
93332
93333
93334
93335
93336
93337
93338
93339
93340
93341
93342
93344
93345
93346
93347
93348
93349
93350
93351
93352
93353
93354
93355
93356
93357
93358
93359
93360
93361
93362
93363
93364
93365
93366
93367
93368
93369
93370
93371
93372
93373
93374
93375
93376
93377
93378
93380
93381
93383
93384
93385
93386
93387
93389
93390
93391
93392
93393
93394
93395
93397
93398
93399
93400
93401
93402
93403
93404
93405
93407
93409
93410
93411
93412
93413
93414
94953
94954
94955
94956
94957
94958
94959
94960
94961
94964
94965
94966
94967
94968
94969
94970
94971
94972
94973
94975
94976
94977
94978
94979
94980
94981
94982
94984
94985
94986
94987
94988
94989
94990
94991
94993
94995
94996
94998
94999
95000
95001
95002
95003
95004
95005
95006
95007
95008
95009
95010
95011
95012
95013
95014
95015
95016
95017
95018
95019
95020
95021
95022
95023
95025
95026
95027
95028
95029
95030
95031
95032
95035
95037
95038
95039
95040
95042
95045
95047
95048
95049
95050
95052
95053
95054
95055
95056
95057
95058
95059
95060
95061
95063
95064
95065
95066
95067
95069
95070
95071
96374
96375
96376
96377
96380
96381
96382
96383
96384
96386
96387
96388
96391
96392
96394
96395
96397
96398
96399
96400
96402
96404
96405
96406
96407
96408
96409
96410
96411
96412
96415
96416
96417
96418
96419
96421
96423
96424
96425
96426
96427
96431
96432
96434
96435
96436
96437
96438
96439
96440
96441
96444
96446
96448
96449
96452
96453
96454
96456
97554
97555
97556
97557
97558
97560
97561
97562
97563
97565
97567
97568
97569
97570
97572
97573
97574
97575
97577
97579
97580
97581
97582
97583
97585
97586
97587
97588
97589
97590
97591
97592
97594
97595
97596
97597
97598
97599
97600
97601
97602
97603
97604
97605
97606
97607
97608
97609
97610
97613
97614
97615
97616
97617
97618
97619
97620
97621
97622
97623
97624
97625
97626
97627
97628
97630
97631
97632
97633
97634
97635
97637
97639
97640
97641
97642
97644
97646
97647
97649
97651
97652
97653
97655
97657
97658
97659
97660
97661
97664
97665
97666
97667
97668
97669
98993
98995
98996
98998
98999
99000
99003
99004
99006
99007
99008
99009
99010
99012
99014
99016
99018
99020
99022
99024
99025
99027
99029
99030
99031
99032
99033
99034
99035
99036
99037
99038
99039
99040
99041
99042
99043
99044
99046
99047
99048
99049
99050
99051
99052
99053
99054
99055
99056
99057
99060
99061
99062
99063
99064
99066
99067
99068
99071
99072
99075
99078
99079
99080
99081
99082
99083
99084
99089
99091
99092
99093
100355
100356
100357
100358
100361
100362
100363
100364
100366
100367
100368
100369
100370
100371
100372
100373
100374
100375
100376
100378
100379
100380
100381
100382
100383
100384
100385
100387
100388
100390
100391
100392
100393
100395
100396
100397
100399
100400
100401
100402
100403
100404
100406
100407
100408
100409
100410
100411
100412
100413
100415
100416
100418
100419
100420
100421
100422
100423
100424
100425
100426
100428
100429
100430
100432
100433
100434
100435
100436
100439
100440
100441
100442
100443
100444
100445
100448
100449
100450
100453
100454
100455
100457
100458
100460
100461
100462
101871
101872
101873
101874
101875
101876
101878
101879
101880
101881
101882
101883
101884
101885
101886
101887
101888
101889
101890
101891
101892
101893
101894
101895
101896
101897
101898
101899
101900
101901
101902
101903
101904
101905
101906
101907
101908
101909
101910
101911
101912
101913
101914
101915
101916
101917
101918
101919
101920
101921
101922
101923
101924
101925
101926
101927
101928
101929
101930
101931
101932
101933
101934
101935
101936
101937
101938
101940
101941
101942
101943
101944
101945
101947
101948
101949
101950
101951
101952
101953
101955
101956
101957
101958
101959
101960
101961
101962
101963
101964
101965
101966
101967
101969
101970
101971
101972
101974
101975
101976
101977
101978
101980
101981
101983
101984
101985
101986
101987
101988
101989
101990
101992
101993
101994
103559
103561
103563
103564
103565
103566
103567
103568
103570
103571
103572
103573
103574
103575
103576
103578
103579
103580
103581
103582
103583
103584
103585
103586
103587
103588
103589
103590
103591
103592
103594
103596
103597
103598
103599
103600
103601
103602
103603
103604
103605
103606
103607
103608
103610
103611
103612
103613
103614
103615
103616
103617
103618
103620
103621
103622
103623
103624
103625
103626
103627
103628
103629
103630
103631
103632
103633
103634
103635
103636
103637
103638
103639
103640
103641
103642
103643
103645
103646
103647
103648
103649
103650
103651
103652
103653
103654
103655
103656
103657
103658
103659
103660
103661
103662
103663
103664
103665
103666
103667
103668
103669
103673
103674
103675
103676
103677
103678
103679
103682
103683
105328
105330
105331
105332
105334
105335
105336
105337
105338
105339
105340
105341
105342
105343
105344
105345
105347
105348
105349
105350
105351
105352
105353
105354
105355
105356
105357
105358
105359
105360
105361
105362
105364
105365
105366
105367
105368
105369
105370
105371
105372
105373
105374
105375
105376
105379
105380
105381
105382
105383
105384
105385
105386
105387
105388
105389
105390
105391
105392
105393
105394
105395
105396
105397
105398
105399
105400
105401
105402
105403
105404
105405
105406
105407
105408
105409
105410
105411
105412
105413
105414
105415
105416
105417
105418
105419
105420
105421
105423
105424
105425
105426
105427
105429
105431
105432
105433
105434
105435
105436
105437
105438
105439
105440
105441
105442
105443
105444
105445
105447
105448
105449
105450
105451
105452
105453
105454
105455
105456
105457
105458
105459
105460
105461
105462
105463
105464
105465
105466
107123
107124
107125
107126
107127
107128
107129
107130
107131
107132
107133
107134
107135
107138
107139
107140
107141
107143
107144
107145
107146
107147
107148
107149
107150
107151
107152
107153
107154
107155
107156
107157
107158
107159
107160
107161
107162
107163
107164
107165
107166
107167
107168
107169
107171
107172
107174
107175
107176
107177
107178
107180
107181
107182
107183
107184
107185
107186
107187
107188
107189
107190
107191
107193
107194
107195
107196
107197
107198
107199
107200
107201
107202
107203
107204
107205
107206
107207
107208
107209
107211
107212
107213
107214
107215
107216
107217
107218
107219
107220
107221
107222
107223
107224
107225
107226
107227
107228
107229
107230
107231
107232
107233
107234
107235
107239
107240
107241
107242
107243
107245
107246
107247
107248
107249
107250
107253
107254
108728
108729
108730
108731
108732
108733
108734
108735
108736
108737
108740
108741
108742
108744
108745
108747
108748
108749
108750
108751
108752
108753
108755
108756
108758
108759
108760
108761
108763
108764
108765
108766
108767
108768
108769
108770
108771
108772
108773
108774
108775
108776
108777
108778
108779
108780
108781
108782
108783
108784
108785
108786
108787
108789
108790
108791
108792
108793
108794
108795
108797
108798
108799
108800
108801
108802
108804
108805
108806
108809
108810
108812
108813
108814
108815
108816
108818
108819
108820
108822
108823
108824
108825
108827
108829
108831
108834
108837
108839
108840
108841
108842
110319
110320
110322
110323
110325
110326
110327
110328
110329
110331
110332
110333
110334
110336
110337
110338
110339
110340
110341
110342
110343
110344
110345
110346
110347
110348
110349
110350
110351
110352
110353
110354
110355
110356
110359
110361
110362
110363
110364
110366
110367
110369
110370
110371
110373
110374
110375
110376
110377
110378
110380
110382
110383
110384
110385
110386
110387
110388
110389
110390
110392
110393
110394
110395
110396
110397
110398
110399
110400
110401
110402
110403
110404
110405
110406
110407
110408
110409
110410
110412
110413
110414
110415
110416
110417
110418
110419
110420
110421
110422
110423
110424
110425
110426
110427
110428
110429
110430
110432
110433
110434
110436
110437
110438
110439
110440
110441
110443
110444
110446
110447
110449
112016
112017
112019
112020
112021
112022
112023
112024
112026
112028
112029
112030
112031
112032
112033
112034
112035
112036
112037
112038
112039
112040
112041
112042
112045
112046
112047
112048
112049
112050
112051
112052
112053
112054
112055
112056
112057
112058
112059
112060
112061
112063
112065
112066
112067
112068
112069
112070
112072
112073
112074
112075
112076
112079
112080
112081
112082
112083
112084
112085
112086
112087
112088
112089
112090
112091
112092
112093
112094
112095
112096
112097
112098
112099
112100
112103
112104
112105
112106
112107
112108
112109
112111
112113
112114
112115
112117
112118
112119
112120
112121
112122
112123
112124
112125
112126
112127
112128
112129
112130
112131
112132
112133
112134
112135
113587
113588
113589
113590
113592
113593
113594
113595
113596
113597
113599
113601
113602
113604
113605
113606
113607
113608
113609
113610
113611
113612
113613
113614
113615
113616
113617
113618
113619
113620
113621
113622
113623
113624
113626
113627
113628
113629
113632
113633
113634
113635
113637
113638
113639
113640
113643
113644
113646
113647
113648
113650
113651
113652
113653
113654
113655
113656
113657
113658
113659
113660
113661
113662
113663
113664
113665
113666
113667
113668
113669
113670
113672
113673
113674
113675
113676
113677
113678
113679
113680
113681
113682
113683
113684
113685
113686
113687
113688
113691
113692
113693
113694
113695
113696
113698
113699
113700
113701
113702
113703
113704
113706
113707
113708
113709
113710
113712
113713
113714
113715
113716
113717
113718
113720
113722
113723
113725
113726
113727
113728
115208
115209
115211
115212
115213
115214
115215
115216
115217
115220
115221
115222
115223
115224
115226
115227
115228
115229
115230
115231
115232
115233
115234
115235
115236
115237
115238
115239
115240
115241
115242
115243
115244
115246
115249
115251
115252
115253
115255
115256
115257
115258
115259
115263
115264
115265
115266
115267
115268
115269
115270
115271
115272
115274
115275
115276
115277
115278
115279
115280
115281
115282
115283
115284
115285
115286
115287
115288
115289
115290
115291
115292
115293
115295
115296
115297
115298
115299
115301
115302
115303
115304
115305
115306
115307
115308
115309
115310
115311
115313
115315
115316
115317
115318
115321
115322
115324
115325
115326
115328
115329
115330
116753
116754
116755
116756
116757
116758
116760
116761
116762
116763
116764
116765
116766
116769
116770
116772
116774
116775
116776
116777
116779
116780
116782
116783
116784
116785
116786
116788
116789
116791
116792
116793
116794
116795
116799
116800
116801
116802
116803
116804
116805
116806
116807
116808
116809
116810
116811
116812
116813
116814
116815
116817
116818
116819
116820
116821
116822
116823
116824
116825
116826
116827
116828
116829
116830
116831
116832
116833
116834
116835
116836
116837
116838
116839
116840
116841
116842
116843
116844
116845
116846
116847
116848
116850
116851
116852
116853
116854
116855
116857
116858
116859
116860
116861
116863
116864
116865
116866
116867
116868
116869
116870
116871
116873
116876
116878
116879
116880
116881
116882
116883
116884
116885
118431
118432
118433
118434
118435
118436
118437
118440
118441
118442
118443
118444
118445
118447
118449
118450
118451
118452
118453
118454
118455
118456
118457
118458
118461
118462
118463
118464
118465
118467
118468
118469
118470
118471
118472
118473
118475
118477
118478
118479
118480
118481
118482
118483
118484
118485
118486
118487
118488
118489
118490
118491
118492
118493
118494
118495
118496
118497
118498
118499
118500
118501
118502
118503
118504
118505
118506
118507
118508
118509
118510
118511
118512
118513
118514
118515
118516
118517
118518
118519
118520
118521
118523
118524
118525
118526
118527
118528
118529
118530
118532
118533
118534
118535
118536
118537
118538
118539
118540
118542
118543
118544
118545
118546
118547
118548
118549
118550
118554
118555
118556
118557
118558
118559
118560
118561
118562
118565
118566
118567
118568
118569
118570
120176
120177
120178
120179
120181
120182
120183
120185
120186
120187
120190
120192
120193
120194
120195
120198
120199
120200
120202
120203
120204
120206
120207
120208
120209
120210
120211
120213
120214
120215
120216
120217
120218
120221
120222
120223
120224
120225
120226
120227
120228
120229
120230
120231
120232
120233
120234
120235
120236
120237
120238
120239
120240
120241
120242
120243
120244
120245
120246
120247
120248
120249
120250
120251
120252
120253
120254
120256
120257
120258
120260
120261
120262
120263
120264
120265
120267
120268
120269
120270
120272
120273
120275
120276
120277
120278
120279
120281
120282
120284
120286
120288
120289
120291
120292
120293
120295
