1332
1334
1335
1336
1337
1338
1339
1340
1341
1342
1343
1344
1345
1347
1348
1349
1350
1351
1352
1353
1355
1356
1358
1359
1360
1361
1362
1363
1364
1365
1366
1367
1368
1369
1370
1371
1373
1374
1375
1376
1377
1378
1379
1380
1381
1382
1386
1390
1392
1393
1394
1395
1396
1397
1398
1399
1400
1402
1403
1404
1405
1406
1408
1409
1410
1411
1412
1413
1414
1415
1416
1417
1418
1419
1420
1421
1423
1424
1425
1426
1427
1428
1429
1430
1431
1432
1433
1434
1435
1436
1437
1438
1439
1440
1441
1442
1443
1444
1445
1446
1447
1449
1450
1451
1452
1453
1454
1456
1457
1458
1459
1461
1462
1463
1464
1465
1466
1467
1468
1470
1471
1472
1473
1474
1475
1476
1477
1478
1479
1480
1481
1482
1483
1484
1485
1486
1489
1490
1494
1497
1498
1499
1500
1501
1502
1503
1504
1505
3258
3259
3260
3261
3262
3263
3264
3265
3267
3268
3269
3270
3271
3272
3273
3274
3275
3278
3279
3280
3281
3282
3283
3284
3285
3286
3287
3289
3290
3291
3293
3294
3295
3296
3297
3298
3299
3300
3301
3302
3303
3304
3305
3306
3307
3308
3309
3310
3311
3312
3313
3314
3315
3316
3317
3318
3319
3320
3321
3322
3323
3324
3325
3326
3327
3328
3329
3330
3331
3332
3333
3334
3335
3336
3337
3338
3339
3340
3341
3342
3343
3344
3346
3347
3348
3349
3350
3351
3352
3353
3354
3355
3356
3357
3358
3359
3360
3361
3362
3363
3364
3365
3366
3367
3368
3369
3370
3371
3372
3373
3374
3375
3376
3377
3378
3379
3380
3381
3382
3383
3384
3385
3386
3387
3388
3389
3390
3392
3393
3394
3395
3397
3399
3400
3401
3402
3403
3405
3406
3407
3408
3409
3410
3411
3412
3413
3414
3415
3416
3417
3418
3419
3420
3421
3423
3424
3425
3427
3429
3430
3432
3433
3434
3435
3436
3437
5276
5277
5278
5279
5280
5281
5282
5283
5284
5285
5286
5287
5288
5289
5290
5292
5293
5294
5295
5296
5297
5298
5299
5300
5301
5303
5304
5305
5306
5307
5308
5309
5310
5311
5312
5313
5314
5315
5316
5317
5318
5319
5320
5321
5322
5323
5324
5325
5326
5327
5328
5329
5330
5331
5332
5333
5335
5336
5337
5338
5339
5340
5341
5342
5343
5344
5345
5346
5347
5348
5349
5350
5351
5352
5353
5355
5356
5357
5358
5359
5360
5361
5362
5364
5365
5366
5367
5368
5369
5370
5371
5372
5373
5374
5375
5376
5377
5378
5379
5380
5381
5382
5383
5384
5385
5386
5387
5388
5389
5390
5391
5392
5393
5394
5395
5396
5397
5398
5399
5400
5402
5403
5405
5406
5407
5408
5409
5411
5412
5413
5414
5415
5416
5418
5419
5420
5422
5423
5424
5425
5426
5427
5428
5429
5430
5431
5432
5433
5434
5435
5436
5437
5438
5439
5440
5441
5442
5443
5444
5445
5447
5448
5450
5451
5455
5456
5458
7138
7139
7140
7141
7142
7143
7145
7146
7147
7148
7149
7150
7152
7153
7154
7155
7157
7158
7159
7160
7163
7164
7165
7166
7167
7168
7170
7171
7172
7173
7174
7175
7176
7177
7178
7179
7180
7181
7182
7183
7184
7185
7186
7187
7188
7189
7190
7191
7192
7193
7194
7195
7196
7197
7198
7199
7200
7201
7202
7203
7204
7205
7206
7207
7208
7209
7211
7212
7213
7214
7215
7216
7217
7218
7219
7221
7222
7223
7224
7225
7226
7227
7228
7229
7230
7231
7232
7233
7234
7235
7236
7237
7238
7239
7240
7241
7242
7243
7244
7245
7246
7247
7248
7249
7250
7251
7252
7253
7254
7255
7256
7257
7258
7259
7260
7261
7262
7266
7268
7270
7271
7272
7274
7275
7276
7277
7278
7279
7280
7281
7282
7283
7284
7286
7287
7288
7289
7290
7291
7292
7293
7294
7295
7296
7297
7298
7299
7300
7302
7303
7304
7305
7306
7307
8845
8847
8848
8849
8850
8851
8853
8854
8855
8856
8857
8858
8859
8860
8861
8862
8863
8866
8867
8868
8869
8870
8872
8873
8874
8876
8877
8878
8879
8880
8881
8882
8883
8884
8885
8887
8889
8890
8891
8892
8893
8894
8896
8897
8898
8899
8902
8903
8904
8905
8906
8907
8908
8909
8910
8911
8912
8913
8914
8916
8917
8920
8921
8922
8923
8924
8926
8927
8928
8929
8930
8931
8932
8933
8935
8936
8937
8938
8939
8940
8941
8942
8943
8944
8945
8946
8947
8948
8949
8950
8951
8952
8953
8956
8957
8958
8959
8960
8961
8962
8963
8964
8965
8966
8967
8969
8970
8971
8973
8974
8975
8977
8978
8979
8982
8985
8986
8987
8988
8989
8990
8991
8992
8994
8996
8997
8998
9002
9008
9009
10512
10513
10515
10516
10517
10518
10519
10520
10521
10522
10523
10524
10525
10526
10527
10528
10529
10530
10531
10532
10533
10534
10535
10536
10538
10539
10540
10542
10543
10544
10545
10546
10547
10548
10549
10551
10553
10554
10556
10557
10558
10560
10561
10562
10564
10565
10566
10567
10568
10569
10570
10572
10573
10574
10575
10576
10577
10579
10580
10581
10582
10583
10584
10585
10586
10589
10591
10592
10593
10595
10596
10597
10598
10600
10601
10603
10604
10605
10606
10607
10608
10609
10610
10611
10612
10613
10614
10615
10616
10617
10618
10619
10620
10621
10622
10625
10627
10628
10629
10631
10632
10633
10634
10635
10636
10637
10638
10639
10640
10641
10644
10645
10648
10649
10650
10651
10652
10653
10655
10656
10657
10660
10663
10664
10666
10668
10672
10673
10674
12180
12181
12182
12183
12184
12185
12186
12187
12188
12190
12191
12192
12193
12195
12196
12197
12198
12199
12201
12202
12203
12204
12207
12208
12209
12210
12211
12212
12213
12214
12215
12216
12217
12218
12219
12221
12222
12224
12225
12226
12227
12228
12229
12230
12231
12232
12233
12234
12235
12236
12237
12238
12239
12240
12241
12242
12243
12244
12245
12246
12247
12248
12249
12250
12251
12252
12253
12254
12255
12256
12257
12258
12259
12260
12261
12262
12263
12264
12265
12266
12267
12268
12269
12270
12271
12272
12273
12274
12275
12276
12277
12278
12279
12280
12281
12282
12283
12284
12285
12286
12287
12288
12289
12290
12291
12292
12293
12294
12295
12296
12297
12298
12299
12300
12301
12302
12303
12304
12306
12307
12308
12309
12310
12311
12312
12314
12315
12316
12317
12318
12319
12320
12325
12326
12328
12329
12330
12331
12332
12333
12334
12335
12336
12338
12339
12342
12343
12344
12345
12346
12348
12349
13666
13667
13668
13669
13670
13671
13672
13673
13677
13680
13681
13682
13683
13685
13687
13688
13689
13690
13691
13693
13694
13695
13696
13697
13698
13700
13701
13703
13704
13705
13706
13707
13708
13711
13712
13713
13716
13717
13718
13720
13721
13722
13723
13724
13725
13726
13728
13729
13730
13731
13732
13733
13734
13735
13738
13739
13740
13741
13744
13745
13746
13748
13749
13750
13752
13753
13754
13755
13756
13757
13758
13759
13760
13764
13765
13766
13768
13769
13771
13772
13773
13775
13776
13777
13779
13780
13782
13783
13784
13785
13786
13789
13790
13791
13792
13794
13795
13796
13797
13799
13800
13801
13803
13804
13805
13806
13807
13808
13809
13810
13811
13813
13815
13816
13817
13820
13821
15433
15434
15435
15436
15437
15438
15439
15440
15441
15442
15443
15444
15445
15446
15449
15450
15451
15452
15453
15454
15455
15456
15457
15458
15459
15460
15461
15462
15463
15464
15465
15466
15467
15468
15469
15470
15471
15472
15473
15475
15476
15477
15478
15479
15480
15482
15483
15484
15485
15486
15487
15488
15489
15490
15491
15492
15494
15495
15496
15497
15498
15499
15500
15501
15502
15503
15504
15505
15506
15507
15508
15509
15510
15511
15512
15513
15514
15515
15516
15517
15518
15519
15520
15521
15522
15525
15526
15527
15528
15529
15530
15531
15532
15533
15534
15535
15536
15537
15538
15539
15540
15541
15542
15543
15544
15545
15546
15547
15548
15550
15551
15552
15553
15554
15555
15556
15557
15558
15560
15561
15563
15564
15565
15566
15567
15570
15571
15572
15573
15574
15575
15576
15577
15578
15579
15580
15581
15582
15583
15584
15585
15586
15587
15588
15589
15590
15592
15593
15594
15595
15597
15598
15599
15602
15603
15604
15606
15607
15608
15609
15611
17243
17244
17245
17246
17247
17248
17249
17250
17251
17253
17254
17255
17257
17258
17259
17260
17261
17262
17263
17265
17266
17267
17268
17269
17270
17271
17272
17273
17274
17276
17277
17278
17279
17280
17281
17282
17283
17284
17285
17286
17287
17288
17290
17291
17292
17293
17294
17295
17296
17297
17299
17300
17301
17302
17303
17304
17305
17306
17307
17308
17309
17310
17311
17312
17313
17314
17315
17316
17317
17318
17319
17320
17321
17322
17323
17324
17325
17326
17327
17328
17329
17330
17332
17333
17334
17335
17337
17338
17339
17340
17341
17342
17343
17344
17345
17346
17347
17348
17349
17350
17351
17352
17353
17354
17355
17356
17357
17358
17359
17360
17361
17362
17364
17365
17366
17367
17368
17369
17371
17372
17373
17374
17375
17378
17380
17381
17382
17385
17386
17387
17389
17390
17392
17393
17394
17397
17398
17399
17400
17402
17403
17404
17405
17406
17407
17409
17411
17414
17415
17416
19084
19085
19086
19087
19088
19089
19090
19091
19092
19094
19095
19096
19097
19099
19101
19102
19103
19104
19105
19106
19107
19108
19109
19111
19112
19113
19115
19116
19117
19118
19119
19120
19121
19122
19123
19124
19125
19126
19127
19128
19129
19131
19132
19133
19134
19135
19136
19137
19138
19139
19140
19141
19143
19144
19145
19146
19147
19148
19149
19150
19151
19152
19153
19154
19156
19157
19158
19159
19160
19161
19162
19163
19164
19165
19166
19167
19168
19169
19170
19171
19172
19174
19175
19176
19177
19178
19179
19180
19181
19182
19183
19184
19185
19186
19187
19188
19189
19190
19191
19193
19194
19196
19197
19198
19199
19200
19201
19202
19203
19204
19205
19206
19207
19208
19209
19211
19212
19213
19214
19215
19218
19219
19220
19221
19224
19225
19226
19227
19229
19231
19232
19233
19234
19236
19237
19238
19239
19240
19241
19243
19244
19245
19246
19247
19248
19249
19250
19251
19253
19254
19255
19258
19260
19261
20808
20809
20810
20811
20812
20813
20814
20815
20816
20817
20818
20819
20820
20821
20823
20824
20825
20826
20827
20828
20829
20830
20831
20832
20833
20834
20835
20836
20837
20838
20839
20840
20841
20842
20843
20844
20845
20846
20847
20848
20849
20851
20852
20853
20855
20856
20857
20858
20859
20861
20862
20863
20864
20865
20866
20867
20868
20869
20870
20871
20872
20873
20874
20876
20877
20878
20879
20880
20881
20882
20883
20884
20885
20886
20887
20888
20889
20891
20892
20893
20894
20895
20896
20897
20898
20899
20900
20901
20902
20903
20904
20905
20906
20907
20908
20909
20910
20911
20912
20913
20914
20915
20916
20917
20918
20919
20920
20921
20922
20924
20925
20926
20927
20928
20929
20930
20931
20932
20933
20934
20935
20936
20937
20938
20939
20940
20944
20945
20946
20948
20949
20951
20952
20953
20955
20956
20957
20958
20959
20960
20962
20963
20964
20965
20967
20968
22506
22507
22508
22509
22511
22512
22513
22514
22515
22516
22517
22518
22519
22520
22521
22522
22523
22524
22525
22526
22527
22528
22529
22531
22532
22533
22534
22535
22536
22538
22539
22540
22541
22542
22543
22544
22545
22546
22547
22549
22550
22552
22553
22554
22556
22557
22561
22562
22563
22564
22565
22566
22567
22568
22569
22570
22572
22573
22574
22575
22576
22577
22578
22579
22580
22581
22582
22583
22584
22585
22586
22587
22588
22591
22592
22593
22594
22595
22596
22597
22598
22599
22600
22601
22602
22603
22604
22605
22606
22607
22608
22609
22610
22612
22613
22614
22615
22616
22617
22618
22620
22621
22622
22624
22625
22627
22628
22631
22634
22635
22636
22637
22638
22639
22640
22643
22644
22645
22647
22648
22649
22650
22651
22652
22653
22655
22656
22657
22658
22659
22660
22663
22664
22665
22666
22667
22668
24372
24373
24374
24375
24376
24377
24378
24379
24380
24381
24382
24383
24384
24385
24387
24388
24389
24390
24391
24392
24393
24394
24395
24396
24397
24398
24399
24400
24401
24403
24404
24405
24407
24408
24409
24411
24412
24413
24414
24415
24416
24417
24418
24419
24420
24421
24422
24423
24424
24425
24426
24428
24429
24430
24431
24432
24433
24434
24435
24436
24437
24439
24440
24441
24442
24443
24444
24445
24446
24447
24448
24449
24450
24451
24452
24453
24454
24455
24456
24457
24458
24459
24460
24461
24462
24463
24464
24465
24466
24467
24468
24469
24470
24471
24472
24473
24474
24475
24476
24477
24478
24479
24480
24481
24482
24483
24484
24485
24486
24487
24488
24489
24490
24491
24492
24493
24496
24497
24498
24499
24500
24501
24502
24505
24506
24508
24509
24510
24513
24514
24515
24516
24518
24519
24520
24521
24523
24524
24525
24526
24527
24528
24529
24530
24531
24532
24533
24534
24535
24537
24538
24539
24540
24541
24542
24543
24544
24546
24547
24548
24549
24550
26339
26340
26341
26342
26343
26344
26345
26346
26347
26348
26349
26350
26351
26352
26353
26354
26355
26356
26357
26358
26359
26360
26361
26362
26363
26365
26366
26367
26368
26369
26370
26371
26372
26373
26374
26375
26376
26377
26378
26379
26380
26381
26382
26383
26384
26386
26387
26388
26389
26390
26391
26392
26393
26394
26395
26396
26397
26398
26399
26400
26402
26403
26404
26405
26406
26407
26408
26409
26410
26411
26412
26413
26414
26415
26416
26418
26419
26420
26421
26422
26423
26424
26425
26426
26427
26428
26429
26430
26431
26432
26434
26435
26436
26437
26438
26439
26440
26441
26442
26443
26444
26445
26446
26447
26448
26450
26451
26452
26453
26454
26455
26456
26457
26458
26459
26460
26461
26462
26463
26464
26466
26467
26468
26469
26470
26471
26473
26474
26476
26477
26479
26480
26481
26482
26483
26484
26485
26486
26487
26488
26489
26490
26492
26493
26494
26496
26497
26498
26499
26500
26501
26502
26503
26504
26505
26506
26507
26508
26509
26510
26512
26514
26515
26517
26518
26519
28230
28231
28232
28233
28235
28236
28237
28241
28242
28243
28244
28246
28247
28249
28250
28251
28252
28253
28254
28255
28257
28258
28259
28261
28262
28263
28264
28265
28266
28267
28268
28270
28271
28272
28273
28274
28275
28277
28278
28279
28280
28281
28282
28283
28284
28285
28286
28287
28288
28289
28290
28291
28292
28293
28294
28295
28296
28297
28298
28299
28300
28301
28302
28303
28304
28305
28306
28307
28308
28309
28310
28311
28312
28313
28314
28315
28316
28318
28319
28320
28321
28322
28323
28324
28325
28326
28327
28328
28329
28330
28331
28332
28333
28334
28335
28336
28337
28338
28339
28340
28341
28342
28343
28344
28345
28347
28348
28349
28350
28351
28352
28353
28354
28355
28356
28357
28359
28360
28361
28362
28364
28365
28366
28367
28368
28369
28370
28371
28372
28373
28374
28375
28376
28378
28379
28380
28382
28383
28384
28387
28388
28389
28390
28391
28392
28393
28394
28395
28396
28397
28399
28401
28405
28406
28407
28408
28409
29987
29988
29989
29990
29991
29992
29993
29995
29996
29997
29999
30000
30002
30003
30004
30006
30007
30008
30009
30010
30011
30012
30013
30014
30015
30016
30017
30018
30019
30020
30021
30022
30023
30024
30025
30026
30027
30028
30030
30031
30032
30033
30034
30035
30036
30037
30038
30039
30040
30041
30042
30043
30045
30046
30048
30049
30050
30051
30052
30053
30055
30056
30057
30058
30059
30060
30061
30062
30063
30064
30065
30066
30067
30068
30069
30070
30071
30072
30073
30075
30076
30077
30078
30079
30080
30081
30082
30083
30084
30086
30087
30088
30089
30090
30091
30092
30093
30094
30095
30096
30097
30099
30100
30101
30102
30103
30105
30106
30107
30109
30110
30111
30112
30113
30114
30115
30117
30118
30120
30121
30122
30123
30124
30126
30128
30129
30130
30131
30132
30134
30135
30138
30139
30140
30141
30142
30143
30144
30146
30147
30148
30151
30153
30154
31841
31842
31843
31844
31846
31847
31848
31849
31850
31851
31852
31853
31854
31855
31856
31857
31858
31859
31861
31862
31863
31864
31865
31866
31867
31868
31869
31870
31871
31873
31874
31875
31876
31877
31878
31879
31880
31881
31882
31883
31884
31885
31886
31887
31888
31889
31890
31891
31892
31893
31894
31895
31897
31898
31899
31900
31901
31902
31903
31904
31906
31907
31908
31909
31910
31911
31912
31913
31914
31915
31916
31917
31919
31920
31921
31922
31923
31924
31925
31926
31927
31928
31929
31930
31931
31932
31933
31935
31936
31937
31938
31939
31940
31941
31942
31943
31944
31945
31946
31947
31948
31949
31950
31951
31952
31953
31954
31955
31956
31957
31958
31959
31960
31961
31962
31963
31964
31965
31966
31967
31968
31970
31971
31972
31973
31974
31976
31977
31978
31980
31981
31982
31983
31984
31985
31986
31987
31988
31990
31991
31992
31993
31994
31995
31996
31997
31999
32000
32001
32002
32004
32006
32007
32008
32009
32011
32012
32013
32014
32015
32017
32018
32019
32020
32021
33775
33776
33777
33778
33779
33780
33781
33782
33783
33784
33785
33786
33787
33788
33789
33790
33791
33792
33793
33794
33795
33796
33797
33798
33799
33800
33801
33802
33803
33804
33805
33806
33807
33808
33809
33810
33811
33812
33813
33814
33815
33816
33817
33818
33819
33820
33821
33822
33823
33824
33825
33826
33827
33828
33829
33830
33831
33832
33833
33834
33835
33837
33838
33839
33840
33841
33842
33843
33844
33845
33846
33847
33848
33849
33850
33851
33852
33853
33854
33855
33856
33857
33858
33859
33860
33861
33862
33863
33864
33865
33866
33867
33868
33869
33870
33871
33872
33873
33874
33875
33876
33877
33878
33879
33880
33881
33882
33883
33884
33885
33886
33887
33888
33889
33890
33891
33892
33893
33894
33895
33896
33897
33899
33900
33901
33902
33905
33906
33907
33908
33910
33912
33914
33915
33916
33917
33918
33919
33920
33921
33922
33924
33925
33926
33929
33930
33931
33932
33933
33934
33935
33936
33937
33938
33940
33942
33944
33945
33946
33947
33948
33949
33950
33951
33952
33953
35733
35734
35735
35736
35737
35738
35739
35740
35741
35742
35743
35744
35745
35746
35747
35748
35749
35750
35751
35752
35753
35754
35755
35756
35757
35758
35759
35760
35762
35763
35764
35765
35766
35767
35768
35769
35770
35771
35772
35773
35774
35775
35776
35778
35779
35780
35781
35782
35783
35784
35785
35786
35787
35788
35789
35790
35791
35793
35794
35795
35796
35797
35798
35799
35801
35802
35803
35804
35805
35806
35807
35808
35809
35810
35811
35812
35813
35814
35815
35816
35817
35818
35819
35820
35821
35822
35823
35825
35826
35827
35828
35829
35830
35831
35832
35833
35834
35835
35836
35837
35838
35839
35840
35841
35842
35843
35844
35845
35846
35847
35848
35850
35851
35852
35853
35854
35855
35856
35857
35859
35860
35861
35863
35865
35867
35869
35870
35871
35872
35873
35874
35875
35876
35877
35878
35879
35883
35884
35885
35886
35887
35888
35889
35891
35892
35893
35895
35896
35897
35899
35900
35901
35903
35904
35905
35906
35907
35909
35910
35912
35913
35914
35915
35916
35917
37527
37528
37531
37532
37533
37534
37535
37536
37537
37538
37541
37542
37543
37544
37545
37546
37547
37548
37549
37550
37551
37553
37554
37555
37557
37558
37559
37560
37561
37562
37563
37564
37565
37566
37567
37568
37569
37571
37572
37574
37575
37576
37577
37578
37581
37583
37584
37585
37586
37587
37588
37589
37590
37591
37592
37593
37594
37595
37597
37598
37599
37600
37601
37602
37603
37604
37605
37606
37607
37608
37609
37610
37612
37613
37614
37615
37616
37617
37618
37619
37620
37621
37622
37623
37624
37625
37626
37627
37628
37629
37630
37631
37632
37633
37634
37635
37636
37638
37639
37640
37642
37643
37644
37645
37649
37650
37651
37652
37658
37659
37660
37661
37663
37664
37665
37666
37667
37668
37670
37671
37672
37673
37674
37676
37679
37680
37681
37686
37688
39368
39369
39370
39371
39372
39373
39374
39375
39377
39378
39379
39380
39381
39382
39383
39384
39386
39387
39388
39389
39390
39391
39392
39394
39395
39396
39397
39398
39399
39400
39402
39403
39404
39405
39406
39407
39408
39409
39410
39411
39413
39414
39416
39417
39418
39419
39420
39421
39422
39423
39424
39425
39426
39427
39428
39429
39430
39431
39432
39433
39434
39435
39436
39437
39438
39439
39440
39441
39442
39443
39444
39445
39446
39447
39448
39449
39450
39451
39452
39454
39455
39456
39457
39458
39460
39461
39462
39463
39464
39465
39466
39467
39468
39469
39470
39471
39472
39473
39474
39475
39476
39477
39479
39480
39481
39482
39483
39484
39485
39486
39487
39488
39489
39491
39492
39493
39494
39495
39496
39497
39498
39499
39501
39502
39503
39504
39505
39506
39507
39508
39509
39510
39511
39514
39515
39517
39518
39519
39520
39521
39522
39523
39525
39526
39528
39529
39534
39535
39536
39537
39538
39539
39542
39543
41201
41202
41203
41204
41205
41206
41207
41208
41209
41210
41212
41213
41214
41215
41216
41217
41218
41219
41220
41221
41222
41225
41226
41227
41228
41229
41230
41231
41232
41233
41234
41235
41236
41237
41238
41239
41240
41241
41242
41243
41244
41245
41246
41247
41248
41249
41250
41251
41252
41253
41254
41255
41256
41257
41258
41259
41261
41262
41263
41264
41265
41266
41267
41268
41269
41270
41271
41272
41273
41274
41275
41276
41277
41279
41280
41281
41282
41283
41284
41285
41286
41287
41288
41289
41290
41292
41293
41294
41295
41296
41297
41298
41299
41300
41301
41302
41303
41304
41305
41306
41307
41308
41309
41310
41311
41312
41313
41314
41315
41316
41317
41318
41319
41320
41321
41322
41323
41324
41325
41326
41327
41328
41329
41330
41331
41333
41334
41336
41337
41338
41339
41340
41343
41344
41345
41346
41347
41348
41349
41350
41351
41352
41353
41354
41355
41357
41358
41359
41360
41361
41362
41364
41365
41366
41367
41369
41370
41371
42866
42867
42868
42869
42870
42872
42873
42875
42877
42878
42879
42880
42882
42883
42884
42885
42886
42888
42889
42891
42892
42894
42895
42896
42897
42898
42899
42900
42902
42903
42905
42906
42907
42908
42909
42910
42911
42912
42913
42915
42916
42917
42918
42919
42920
42921
42922
42923
42925
42926
42927
42928
42929
42930
42931
42932
42934
42935
42937
42938
42939
42940
42941
42942
42943
42944
42945
42946
42947
42948
42949
42950
42951
42953
42954
42955
42956
42957
42958
42960
42961
42962
42963
42965
42966
42967
42968
42969
42970
42971
42972
42973
42974
42975
42976
42977
42978
42980
42981
42982
42983
42984
42991
42992
42995
42996
42998
42999
43000
43001
43002
43003
43005
43007
43008
43009
43010
43011
43012
43013
43014
43015
43016
43017
43018
43019
43020
43022
43023
43025
44825
44826
44827
44828
44829
44830
44831
44832
44833
44834
44835
44837
44838
44839
44840
44841
44842
44843
44845
44846
44847
44848
44849
44850
44851
44852
44853
44854
44855
44856
44857
44858
44859
44860
44861
44862
44863
44864
44865
44866
44867
44868
44869
44870
44871
44872
44873
44874
44875
44876
44877
44878
44879
44881
44882
44883
44884
44885
44886
44887
44888
44889
44890
44891
44892
44893
44894
44895
44896
44897
44898
44899
44900
44901
44902
44903
44904
44905
44906
44907
44908
44909
44910
44911
44912
44913
44914
44915
44916
44917
44918
44919
44920
44921
44922
44923
44924
44925
44926
44927
44928
44929
44930
44931
44932
44933
44934
44935
44936
44937
44938
44939
44940
44941
44942
44943
44944
44945
44946
44947
44948
44949
44950
44951
44952
44953
44954
44955
44956
44957
44958
44959
44960
44961
44963
44964
44965
44966
44967
44968
44969
44970
44971
44972
44973
44974
44975
44976
44977
44978
44979
44980
44981
44983
44984
44986
44987
44989
44990
44991
44992
44993
44994
44995
44996
44997
44998
44999
45000
45001
45002
45003
45004
45005
45006
45007
45008
45009
45010
45011
46817
46818
46819
46820
46821
46822
46823
46824
46825
46826
46827
46828
46829
46830
46831
46833
46834
46835
46836
46837
46838
46839
46840
46842
46843
46844
46845
46846
46847
46849
46850
46851
46852
46853
46854
46855
46856
46857
46858
46859
46860
46861
46862
46863
46864
46865
46866
46868
46869
46870
46871
46872
46873
46874
46875
46876
46877
46878
46879
46880
46881
46882
46883
46884
46885
46886
46887
46888
46889
46890
46891
46892
46893
46894
46895
46896
46897
46898
46899
46900
46901
46902
46903
46904
46905
46906
46907
46908
46909
46910
46912
46913
46914
46915
46916
46917
46918
46919
46920
46921
46922
46923
46924
46925
46926
46927
46928
46929
46930
46931
46932
46933
46934
46935
46936
46937
46938
46939
46940
46941
46942
46943
46944
46945
46946
46947
46948
46949
46950
46951
46952
46953
46954
46955
46956
46957
46958
46959
46960
46961
46962
46963
46964
46965
46966
46968
46969
46971
46972
46973
46974
46976
46977
46978
46979
46980
46981
46982
46983
46985
46986
46987
46988
46989
46990
46991
46992
46993
46994
46995
48880
48881
48882
48883
48884
48885
48886
48887
48888
48889
48891
48892
48893
48894
48895
48896
48897
48899
48901
48902
48903
48904
48905
48906
48908
48909
48910
48911
48912
48913
48914
48915
48916
48917
48918
48919
48920
48921
48922
48923
48924
48925
48926
48927
48928
48929
48930
48931
48932
48933
48934
48935
48936
48937
48938
48939
48940
48941
48942
48943
48944
48945
48946
48947
48948
48949
48950
48951
48952
48953
48954
48955
48956
48957
48958
48959
48960
48961
48962
48963
48964
48965
48966
48967
48968
48969
48970
48971
48972
48973
48975
48976
48977
48978
48979
48980
48981
48982
48983
48984
48985
48986
48987
48988
48989
48990
48991
48992
48993
48994
48995
48996
48997
48998
48999
49000
49001
49002
49003
49004
49005
49006
49007
49008
49009
49010
49011
49012
49013
49014
49015
49016
49017
49018
49019
49020
49021
49022
49023
49024
49025
49026
49027
49028
49029
49030
49031
49032
49033
49034
49035
49036
49037
49038
49039
49040
49041
49042
49043
49044
49045
49046
49047
49048
49049
49050
49051
49054
49055
49056
49057
49058
49059
49060
49061
49062
49063
50949
50950
50951
50952
50953
50954
50955
50956
50957
50958
50959
50960
50961
50962
50963
50964
50965
50966
50967
50968
50969
50970
50971
50972
50973
50974
50975
50976
50977
50978
50979
50981
50982
50983
50984
50985
50986
50987
50988
50989
50990
50991
50992
50993
50994
50995
50996
50997
50998
50999
51000
51001
51002
51003
51004
51005
51006
51007
51008
51009
51010
51011
51012
51013
51014
51015
51016
51017
51018
51019
51020
51021
51022
51023
51024
51025
51026
51027
51028
51029
51030
51031
51032
51033
51034
51035
51036
51037
51038
51039
51040
51041
51042
51043
51044
51045
51046
51047
51048
51049
51050
51051
51052
51053
51054
51055
51056
51057
51058
51059
51060
51061
51062
51063
51064
51065
51066
51067
51068
51069
51070
51071
51072
51073
51074
51075
51076
51077
51078
51079
51080
51081
51082
51083
51084
51085
51086
51087
51088
51090
51091
51092
51093
51094
51095
51097
51098
51099
51100
51101
51102
51104
51105
51106
51107
51108
51109
51110
51111
51112
51113
51114
51115
51116
51117
51118
51119
51120
51121
51122
51123
51124
51125
51127
51128
51129
51130
51131
52872
52874
52875
52876
52877
52878
52879
52880
52881
52882
52883
52884
52885
52886
52887
52888
52889
52890
52891
52892
52893
52895
52898
52899
52900
52901
52902
52904
52905
52906
52907
52908
52909
52910
52911
52912
52913
52914
52915
52916
52917
52918
52919
52920
52921
52922
52923
52924
52925
52926
52927
52929
52930
52931
52932
52933
52935
52936
52937
52938
52939
52940
52941
52942
52943
52944
52945
52946
52947
52948
52950
52951
52952
52953
52954
52955
52956
52957
52958
52959
52960
52961
52963
52964
52965
52966
52967
52968
52969
52970
52971
52972
52973
52974
52975
52976
52977
52978
52979
52980
52981
52982
52983
52984
52985
52986
52987
52988
52989
52990
52991
52992
52993
52994
52995
52997
52998
52999
53001
53002
53003
53004
53005
53006
53007
53008
53009
53011
53012
53015
53017
53019
53020
53021
53022
53023
53024
53025
53026
53027
53028
53029
53031
53032
53033
53034
53035
53036
53037
53038
53039
53041
53042
53044
53045
53048
53049
53051
54867
54868
54869
54870
54871
54872
54873
54874
54875
54876
54877
54878
54879
54880
54881
54882
54883
54884
54885
54886
54887
54888
54889
54890
54891
54892
54893
54894
54895
54896
54897
54898
54899
54900
54901
54902
54903
54904
54905
54906
54907
54908
54909
54910
54911
54912
54913
54914
54915
54916
54917
54918
54919
54920
54921
54922
54923
54924
54925
54926
54927
54928
54929
54930
54931
54932
54933
54934
54935
54936
54937
54938
54939
54940
54941
54943
54944
54945
54946
54947
54948
54949
54950
54951
54952
54953
54954
54955
54956
54957
54959
54960
54961
54962
54963
54964
54965
54966
54967
54968
54969
54970
54971
54972
54973
54974
54975
54976
54977
54978
54979
54980
54981
54982
54983
54984
54985
54986
54987
54988
54989
54990
54991
54993
54994
54995
54996
54997
54998
54999
55000
55001
55002
55004
55005
55006
55007
55008
55009
55010
55011
55012
55014
55015
55016
55017
55018
55019
55020
55021
55022
55023
55024
55025
55026
55027
55028
55030
55031
55032
55033
55034
55035
55036
55038
55039
55040
55043
55044
55045
55046
56805
56806
56807
56808
56809
56810
56811
56812
56813
56815
56816
56817
56818
56819
56821
56822
56825
56826
56827
56828
56829
56830
56831
56832
56833
56834
56835
56836
56837
56838
56839
56840
56841
56842
56843
56844
56845
56846
56847
56848
56849
56850
56851
56852
56853
56854
56855
56856
56857
56858
56859
56860
56861
56862
56863
56864
56865
56866
56867
56868
56869
56870
56871
56872
56873
56874
56875
56876
56877
56878
56879
56880
56881
56882
56883
56884
56885
56886
56887
56888
56889
56890
56891
56892
56893
56894
56895
56896
56897
56898
56899
56900
56901
56902
56903
56904
56905
56906
56907
56908
56909
56910
56911
56912
56913
56914
56915
56916
56917
56918
56919
56920
56921
56922
56923
56925
56926
56928
56929
56930
56932
56933
56934
56935
56936
56937
56938
56939
56941
56944
56945
56946
56947
56948
56949
56950
56951
56952
56953
56954
56955
56957
56958
56959
56961
56962
56963
56964
56965
56966
56967
56968
56969
56970
56972
56973
56974
56976
56978
56979
56981
56983
56984
56985
58614
58615
58616
58617
58619
58620
58621
58622
58624
58625
58626
58628
58629
58631
58632
58633
58634
58635
58636
58637
58638
58639
58640
58641
58642
58643
58644
58645
58646
58647
58648
58649
58650
58651
58652
58653
58654
58655
58656
58657
58658
58659
58660
58661
58662
58664
58665
58666
58667
58668
58669
58670
58671
58672
58673
58674
58675
58676
58677
58678
58679
58680
58681
58682
58683
58684
58685
58686
58687
58688
58689
58690
58691
58692
58694
58695
58697
58698
58699
58700
58701
58702
58703
58704
58705
58706
58707
58708
58709
58710
58711
58712
58713
58714
58715
58716
58717
58718
58719
58720
58721
58722
58723
58724
58725
58726
58727
58728
58729
58730
58731
58734
58735
58736
58737
58738
58740
58741
58742
58743
58744
58745
58746
58747
58748
58749
58753
58754
58755
58757
58758
58759
58761
58762
58763
58764
58765
58766
58767
58769
58770
58771
58772
58773
58775
58776
58777
58778
58779
58783
58784
60439
60440
60441
60442
60443
60444
60446
60447
60448
60449
60450
60451
60453
60454
60456
60458
60459
60461
60462
60463
60464
60465
60466
60468
60469
60470
60471
60472
60473
60474
60475
60476
60477
60478
60479
60480
60481
60482
60483
60484
60485
60486
60488
60489
60491
60492
60493
60496
60497
60498
60499
60500
60501
60502
60503
60504
60505
60506
60507
60508
60509
60510
60511
60512
60513
60514
60515
60516
60517
60518
60519
60520
60521
60522
60523
60524
60525
60526
60527
60528
60529
60530
60531
60532
60533
60534
60535
60536
60537
60538
60539
60540
60541
60542
60543
60544
60545
60546
60547
60548
60549
60550
60551
60552
60553
60554
60555
60556
60557
60559
60560
60561
60562
60563
60564
60566
60567
60572
60573
60574
60575
60576
60577
60578
60579
60580
60582
60583
60584
60585
60586
60587
60588
60589
60590
60591
60592
60593
60594
60595
60597
60600
60601
60602
60603
60604
62315
62316
62317
62318
62319
62320
62321
62322
62323
62324
62326
62327
62328
62329
62330
62331
62332
62333
62335
62336
62337
62338
62339
62340
62341
62342
62343
62344
62345
62346
62347
62348
62349
62350
62351
62352
62353
62354
62355
62356
62357
62358
62359
62360
62361
62362
62363
62364
62365
62366
62367
62368
62370
62371
62372
62373
62374
62375
62376
62377
62378
62379
62380
62381
62382
62383
62384
62385
62386
62387
62388
62389
62390
62391
62392
62393
62394
62395
62396
62397
62399
62400
62401
62402
62403
62404
62405
62407
62408
62409
62410
62411
62412
62413
62414
62415
62416
62417
62418
62419
62420
62421
62422
62423
62424
62425
62426
62427
62428
62429
62430
62431
62432
62433
62434
62435
62436
62437
62438
62439
62440
62441
62442
62443
62444
62445
62446
62448
62449
62450
62453
62455
62457
62460
62462
62464
62465
62466
62467
62468
62469
62470
62471
62472
62473
62474
62475
62476
62478
62481
62484
62485
62486
62488
62489
62490
62491
62492
62493
64377
64378
64379
64380
64381
64382
64383
64384
64385
64386
64387
64388
64389
64390
64391
64392
64393
64394
64395
64396
64397
64398
64399
64400
64401
64402
64403
64405
64406
64407
64408
64409
64410
64411
64412
64413
64414
64415
64416
64417
64418
64419
64420
64421
64422
64423
64424
64425
64427
64428
64429
64430
64431
64432
64433
64434
64435
64436
64437
64438
64439
64440
64441
64442
64443
64444
64445
64446
64447
64448
64449
64450
64451
64452
64453
64454
64455
64456
64457
64458
64459
64460
64461
64462
64463
64465
64466
64467
64468
64469
64470
64471
64472
64473
64474
64475
64476
64477
64478
64479
64480
64481
64482
64483
64484
64485
64486
64487
64488
64489
64490
64491
64492
64493
64494
64495
64496
64497
64498
64499
64500
64501
64502
64503
64504
64505
64506
64507
64508
64509
64510
64511
64513
64514
64515
64516
64517
64518
64519
64520
64521
64522
64523
64524
64525
64526
64527
64528
64529
64530
64531
64532
64533
64534
64536
64537
64538
64539
64540
64541
64542
64543
64544
64545
64546
64547
64549
64550
64551
64552
64553
64554
64555
64556
64557
64558
64559
64560
66363
66364
66365
66366
66368
66369
66370
66371
66372
66373
66374
66375
66376
66377
66379
66380
66381
66382
66383
66384
66385
66386
66388
66389
66390
66391
66392
66394
66395
66396
66397
66398
66399
66400
66401
66402
66403
66404
66405
66406
66407
66408
66410
66411
66412
66413
66414
66415
66416
66417
66419
66420
66421
66422
66423
66424
66425
66426
66427
66428
66429
66430
66431
66432
66433
66434
66435
66436
66437
66438
66439
66440
66441
66442
66443
66444
66445
66446
66447
66448
66449
66450
66451
66452
66453
66454
66455
66456
66457
66458
66459
66460
66461
66462
66463
66464
66465
66466
66467
66468
66469
66470
66471
66472
66473
66474
66475
66476
66477
66478
66479
66480
66481
66482
66483
66484
66485
66486
66488
66489
66490
66491
66492
66493
66494
66495
66498
66499
66500
66502
66503
66504
66506
66507
66508
66509
66512
66513
66514
66515
66517
66518
66520
66521
66522
66523
66524
66525
66526
66527
66528
66529
66530
66532
66533
66534
66535
66537
66538
66541
66542
66543
68152
68153
68154
68155
68156
68157
68158
68159
68160
68161
68162
68163
68164
68165
68166
68167
68168
68169
68170
68171
68172
68173
68174
68175
68176
68177
68178
68179
68180
68181
68182
68183
68184
68185
68186
68187
68189
68190
68191
68192
68193
68194
68195
68196
68197
68198
68199
68200
68201
68202
68203
68205
68206
68207
68208
68209
68210
68211
68212
68213
68214
68215
68216
68217
68218
68219
68220
68221
68222
68223
68225
68226
68227
68228
68229
68230
68231
68232
68233
68234
68235
68236
68237
68238
68239
68240
68241
68242
68243
68244
68245
68246
68247
68248
68249
68250
68251
68252
68254
68255
68256
68257
68258
68259
68260
68261
68262
68264
68265
68266
68267
68268
68269
68270
68272
68273
68274
68275
68276
68277
68278
68279
68280
68281
68282
68283
68284
68286
68288
68289
68290
68291
68292
68293
68294
68295
68296
68297
68298
68299
68300
68302
68303
68304
68305
68306
68307
68308
68309
68310
68311
68312
68313
68314
69906
69907
69908
69909
69910
69911
69912
69913
69914
69915
69916
69917
69918
69919
69920
69921
69922
69924
69925
69926
69928
69929
69930
69931
69932
69933
69934
69935
69936
69937
69938
69939
69940
69941
69942
69943
69944
69945
69946
69947
69948
69949
69950
69952
69953
69954
69955
69956
69957
69958
69961
69962
69963
69964
69965
69966
69967
69968
69969
69970
69971
69972
69974
69975
69976
69977
69978
69979
69980
69981
69982
69983
69984
69985
69986
69987
69988
69989
69990
69991
69992
69993
69994
69995
69996
69997
69998
69999
70000
70001
70002
70003
70004
70005
70006
70007
70008
70009
70010
70011
70012
70013
70014
70015
70016
70017
70018
70019
70020
70021
70022
70023
70024
70026
70027
70028
70031
70032
70033
70034
70035
70038
70039
70041
70042
70043
70044
70045
70046
70047
70048
70049
70050
70052
70053
70054
70055
70056
70057
70058
70059
70060
70061
70063
70064
70065
70066
70067
70068
70069
70070
70071
70072
70073
70074
70075
70076
70077
70078
71628
71629
71630
71631
71632
71633
71634
71635
71636
71637
71638
71639
71640
71641
71642
71645
71646
71647
71648
71650
71651
71652
71653
71654
71655
71656
71657
71658
71659
71660
71661
71662
71664
71665
71666
71667
71668
71669
71670
71671
71672
71673
71674
71675
71676
71677
71678
71679
71680
71681
71682
71683
71684
71685
71686
71687
71688
71689
71690
71691
71692
71693
71694
71695
71696
71697
71698
71699
71700
71701
71703
71704
71705
71706
71707
71708
71709
71710
71711
71713
71714
71715
71716
71717
71718
71719
71720
71721
71722
71723
71724
71725
71726
71727
71728
71729
71730
71731
71732
71733
71734
71735
71736
71737
71738
71739
71740
71741
71742
71743
71744
71745
71746
71747
71748
71749
71750
71752
71753
71754
71755
71756
71757
71758
71759
71760
71761
71762
71763
71764
71765
71766
71767
71768
71769
71770
71771
71772
71773
71774
71775
71776
71777
71779
71780
71782
71783
71784
73288
73289
73290
73291
73292
73293
73294
73295
73297
73298
73299
73300
73301
73302
73303
73304
73305
73306
73308
73309
73310
73311
73312
73313
73314
73315
73316
73317
73318
73319
73320
73321
73322
73323
73324
73325
73326
73327
73328
73329
73330
73331
73332
73333
73334
73335
73336
73337
73338
73339
73340
73341
73342
73343
73344
73345
73346
73347
73348
73349
73350
73351
73352
73353
73354
73355
73356
73357
73358
73359
73360
73361
73362
73363
73364
73365
73366
73367
73368
73369
73370
73371
73372
73373
73374
73375
73376
73377
73378
73379
73380
73381
73382
73383
73384
73385
73386
73387
73388
73389
73390
73391
73392
73393
73394
73395
73396
73397
73398
73399
73400
73401
73402
73403
73404
73405
73406
73407
73408
73409
73410
73411
73412
73413
73414
73415
73416
73417
73418
73419
73420
73421
73422
73423
73424
73427
73428
73429
73430
73431
73432
73433
73434
73435
73436
73437
73438
73439
73441
73442
73445
74278
74279
74280
74281
74282
74283
74284
74285
74286
74287
74289
74292
74293
74294
74295
74297
74298
74299
74300
74303
74304
74305
74308
74309
74311
74312
74313
74314
74315
74316
74317
74318
74320
74321
74322
74323
74324
74325
74326
74327
74328
74329
74330
74331
74332
74334
74335
74336
74337
74338
74340
74341
74342
74343
74344
74346
74348
74349
74350
74351
74352
74354
74355
74356
74358
74359
74360
74361
74362
74363
75110
75111
75112
75113
75114
75115
75116
75117
75118
75120
75121
75123
75124
75125
75126
75127
75128
75129
75130
75131
75132
75133
75135
75138
75139
75140
75141
75142
75143
75144
75145
75146
75147
75148
75150
75151
75153
75154
75155
75157
75158
75159
75162
75163
75164
75165
75167
75168
75169
75173
75174
75177
75178
75179
75181
75182
75183
75184
75185
75186
75189
75190
75191
75192
75193
75194
75195
75196
75197
75198
76048
76049
76050
76051
76052
76053
76055
76056
76057
76058
76059
76060
76063
76064
76065
76066
76067
76068
76069
76070
76071
76072
76073
76074
76075
76076
76077
76078
76079
76080
76082
76083
76084
76085
76086
76088
76089
76090
76091
76092
76093
76094
76095
76096
76097
76098
76099
76100
76101
76102
76103
76105
76106
76108
76109
76111
76112
76113
76114
76115
76117
76118
76119
76120
76121
76122
76123
76124
76125
76127
76128
76129
76130
76131
76132
76135
76138
76139
76140
76141
76143
76144
76146
76147
76148
76149
76150
76151
76153
76154
76155
76156
76158
76159
76161
76162
76163
77001
77005
77007
77008
77009
77010
77011
77012
77013
77014
77016
77017
77018
77019
77020
77021
77022
77023
77024
77025
77027
77028
77029
77030
77031
77032
77033
77034
77035
77036
77037
77038
77039
77040
77041
77042
77045
77046
77047
77048
77049
77050
77051
77053
77054
77055
77057
77058
77059
77060
77062
77063
77064
77065
77066
77069
77070
77072
77073
77074
77076
77078
77081
77082
77083
77084
77085
77086
77088
77089
77091
77092
78398
78399
78400
78402
78403
78404
78406
78407
78408
78409
78411
78412
78413
78414
78415
78416
78418
78419
78420
78421
78422
78423
78424
78425
78426
78428
78430
78431
78432
78433
78434
78435
78436
78437
78438
78439
78440
78441
78442
78444
78445
78446
78447
78449
78450
78451
78453
78455
78456
78458
78459
78460
78461
78462
78463
78464
78465
78466
78467
78468
78469
78470
78471
78472
78473
78474
78475
78476
78477
78478
78479
78480
78481
78482
78483
78484
78485
78486
78487
78488
78489
78490
78491
78492
78493
78494
78495
78496
78497
78498
78499
78500
78501
78502
78503
78504
78505
78506
78508
78509
78510
78511
78512
78513
78515
78516
78517
78518
78519
78520
78521
78522
78524
78525
78526
78527
78528
78529
78530
78531
78532
78533
78534
78535
78537
78538
78539
78540
78541
78542
78543
78544
78545
78546
78547
78548
78549
78550
78551
78552
80091
80092
80093
80094
80095
80096
80098
80099
80100
80101
80103
80104
80105
80106
80107
80108
80109
80110
80111
80112
80113
80114
80115
80116
80117
80118
80119
80120
80121
80122
80123
80124
80125
80126
80127
80128
80130
80131
80132
80133
80134
80135
80136
80137
80138
80139
80140
80141
80142
80143
80144
80145
80146
80147
80148
80149
80150
80151
80152
80153
80154
80155
80156
80158
80159
80160
80161
80162
80163
80164
80165
80166
80167
80168
80169
80170
80171
80172
80173
80174
80175
80176
80177
80178
80179
80180
80181
80182
80183
80184
80185
80186
80187
80188
80189
80190
80191
80192
80193
80194
80195
80196
80197
80198
80199
80200
80201
80202
80203
80204
80205
80206
80207
80208
80209
80210
80211
80212
80213
80214
80215
80216
80218
80219
80220
80221
80222
80224
80225
80226
80227
80228
80229
80230
80231
80232
80234
80235
80236
80237
80238
80239
80240
80242
80243
80244
80245
80246
80247
81517
81518
81519
81520
81521
81522
81523
81524
81525
81526
81527
81528
81529
81530
81531
81533
81534
81536
81537
81538
81539
81541
81542
81543
81544
81545
81546
81547
81548
81550
81551
81553
81555
81556
81557
81558
81559
81560
81561
81562
81563
81565
81566
81567
81568
81569
81571
81572
81573
81574
81575
81576
81577
81578
81579
81580
81581
81582
81583
81584
81585
81586
81587
81589
81590
81591
81593
81594
81595
81596
81597
81598
81599
81600
81601
81602
81603
81604
81605
81606
81607
81608
81609
81610
81611
81612
81613
81614
81615
81616
81617
81618
81619
81620
81621
81622
81623
81624
81625
81626
81627
81628
81629
81630
81632
81633
81634
81635
81636
81637
81638
81639
81640
81641
81642
81643
81645
81646
81647
81648
81649
81650
81651
81652
83279
83280
83281
83282
83283
83284
83285
83286
83287
83288
83289
83290
83291
83292
83293
83294
83295
83296
83297
83298
83299
83300
83301
83302
83303
83304
83305
83306
83307
83308
83309
83310
83311
83312
83313
83314
83315
83316
83317
83318
83319
83320
83321
83322
83323
83325
83326
83327
83328
83329
83330
83331
83332
83333
83334
83335
83336
83337
83338
83339
83340
83341
83342
83343
83344
83345
83346
83347
83348
83349
83350
83351
83352
83353
83354
83355
83356
83357
83358
83359
83360
83361
83362
83363
83364
83365
83366
83367
83368
83369
83370
83371
83372
83373
83374
83375
83376
83377
83378
83379
83380
83381
83382
83383
83384
83385
83386
83387
83388
83389
83390
83391
83392
83393
83394
83395
83396
83397
83398
83399
83400
83401
83402
83403
83404
83405
83406
83407
83408
83409
83410
83411
83412
83413
83414
83415
83416
83417
83419
83420
83421
83422
83423
83424
83425
83426
83427
83428
83429
83430
83431
83432
83433
83434
83435
83436
83437
83439
83440
83441
83442
83443
83444
83445
83446
83447
83448
83449
83450
83451
83452
84808
84809
84810
84811
84813
84814
84815
84816
84818
84819
84820
84821
84823
84824
84825
84827
84828
84829
84830
84831
84832
84833
84834
84836
84837
84838
84839
84840
84841
84842
84843
84844
84845
84846
84847
84848
84849
84852
84853
84854
84855
84856
84857
84858
84859
84860
84861
84862
84863
84864
84865
84866
84867
84868
84869
84870
84871
84872
84873
84874
84875
84876
84877
84878
84879
84880
84881
84882
84883
84884
84885
84886
84887
84888
84889
84890
84891
84892
84893
84894
84895
84896
84897
84898
84899
84900
84901
84902
84903
84904
84905
84907
84908
84909
84912
84913
84914
84915
84916
84917
84918
84919
84923
84924
84925
84927
84928
84929
84932
84933
84935
84936
84937
84939
84940
84941
84942
84943
84944
84945
84946
84947
84948
84949
84950
84951
84952
84953
84954
84955
86270
86271
86272
86273
86274
86275
86276
86277
86278
86279
86280
86281
86282
86283
86284
86285
86286
86287
86288
86289
86290
86291
86293
86294
86296
86297
86298
86299
86300
86301
86302
86303
86305
86307
86308
86309
86310
86311
86312
86313
86314
86315
86316
86317
86318
86319
86320
86321
86322
86323
86324
86325
86328
86329
86330
86332
86333
86334
86335
86336
86337
86338
86339
86340
86341
86342
86343
86344
86345
86346
86347
86348
86349
86350
86351
86352
86353
86354
86355
86356
86357
86358
86359
86360
86361
86362
86363
86364
86365
86366
86367
86368
86369
86370
86371
86372
86373
86374
86375
86376
86377
86378
86379
86381
86382
86383
86384
86385
86386
86387
86389
86390
86391
86393
86394
86396
86397
86398
86399
86400
86401
86402
86403
86405
86406
86407
86408
86409
86411
86412
86413
87759
87760
87761
87762
87763
87764
87765
87766
87767
87768
87769
87770
87771
87772
87774
87775
87776
87777
87778
87779
87780
87781
87782
87783
87784
87785
87786
87787
87788
87789
87790
87791
87792
87793
87794
87795
87797
87799
87800
87802
87803
87804
87805
87806
87807
87808
87809
87810
87811
87812
87813
87814
87815
87816
87817
87818
87819
87820
87821
87822
87823
87824
87825
87826
87827
87828
87829
87830
87831
87832
87834
87835
87836
87837
87838
87839
87840
87841
87842
87843
87844
87845
87846
87847
87848
87849
87850
87851
87852
87853
87854
87855
87856
87857
87858
87859
87860
87861
87862
87863
87864
87865
87866
87867
87868
87870
87871
87873
87874
87875
87876
87877
87878
87880
87881
87882
87883
87886
87887
87889
87890
87891
87892
87894
87895
87896
87897
87898
87899
87900
87901
87902
87903
89275
89276
89277
89278
89279
89280
89281
89283
89284
89285
89286
89289
89290
89291
89292
89293
89294
89295
89296
89298
89299
89300
89301
89302
89303
89304
89305
89306
89307
89309
89310
89311
89312
89314
89315
89316
89317
89318
89319
89320
89321
89322
89323
89325
89327
89328
89329
89330
89331
89332
89333
89334
89337
89338
89339
89341
89342
89343
89344
89345
89346
89347
89348
89349
89350
89351
89352
89353
89354
89355
89356
89357
89358
89359
89360
89361
89362
89363
89364
89365
89366
89367
89369
89370
89371
89372
89373
89374
89375
89376
89377
89378
89379
89380
89381
89382
89384
89385
89386
89388
89389
89390
89391
89392
89393
89394
89395
89396
89398
89400
89401
89402
89403
89404
89406
89407
89408
89409
89410
89411
89412
89413
89414
89415
89416
89417
89418
89419
89420
89421
89422
89423
89424
89425
89426
89427
89428
89429
89430
89431
89432
89434
89435
90629
90630
90631
90632
90633
90634
90635
90636
90637
90638
90639
90640
90642
90643
90644
90645
90647
90648
90649
90651
90652
90653
90654
90655
90656
90657
90658
90659
90661
90662
90664
90665
90667
90668
90669
90670
90672
90673
90674
90675
90676
90677
90678
90679
90680
90681
90682
90684
90685
90686
90687
90688
90689
90690
90691
90692
90693
90694
90695
90696
90697
90698
90699
90700
90701
90702
90703
90704
90705
90706
90708
90709
90710
90711
90712
90713
90715
90716
90717
90718
90719
90720
90721
90722
90723
90724
90727
90728
90729
90730
90731
90734
90736
90737
90739
90740
90743
90744
90745
90746
90747
90748
90749
90750
90751
90752
90755
90756
90758
90759
90760
90761
90762
90763
90764
90765
90766
90767
90768
90769
90770
92233
92234
92235
92236
92237
92238
92239
92240
92241
92242
92243
92244
92245
92246
92247
92248
92249
92250
92251
92252
92253
92254
92255
92256
92257
92258
92259
92260
92261
92262
92263
92264
92265
92266
92267
92268
92269
92270
92271
92272
92273
92274
92275
92276
92277
92278
92279
92280
92281
92282
92283
92285
92286
92287
92288
92289
92290
92291
92292
92293
92294
92295
92296
92297
92298
92299
92300
92301
92302
92303
92304
92305
92307
92308
92309
92310
92311
92312
92313
92314
92315
92316
92317
92318
92319
92320
92321
92322
92323
92324
92325
92327
92328
92329
92330
92331
92332
92334
92335
92336
92337
92338
92339
92340
92341
92342
92343
92344
92345
92346
92347
92348
92349
92350
92351
92352
92353
92354
92355
92356
92357
92359
92360
92361
92362
92363
92364
92366
92367
92368
92369
92370
92371
92372
92373
92374
92375
92376
92377
92378
92379
92380
92381
92382
92383
92384
92385
92386
92387
92388
92389
92390
92391
94012
94013
94014
94015
94017
94018
94020
94021
94022
94023
94024
94025
94026
94027
94028
94029
94030
94031
94032
94033
94034
94035
94036
94037
94038
94039
94040
94041
94042
94043
94044
94045
94046
94047
94048
94049
94050
94051
94052
94053
94054
94055
94056
94057
94058
94059
94060
94061
94062
94063
94064
94065
94066
94067
94068
94069
94070
94071
94072
94073
94074
94075
94076
94077
94078
94079
94080
94081
94082
94083
94084
94085
94086
94087
94088
94089
94090
94091
94092
94093
94094
94095
94096
94097
94098
94099
94100
94101
94102
94103
94104
94105
94106
94107
94108
94109
94110
94111
94112
94113
94114
94115
94116
94117
94118
94119
94120
94121
94122
94124
94125
94126
94127
94128
94130
94131
94132
94133
94134
94135
94136
94137
94138
94139
94140
94141
94142
94143
94144
94145
94146
94147
94148
94151
94152
94153
94154
94155
94156
94157
94158
94159
94160
94161
94162
94163
94164
94165
94166
94167
94169
94170
94171
94172
94173
94174
94175
94176
95610
95611
95612
95613
95614
95615
95616
95617
95618
95619
95621
95622
95623
95624
95625
95626
95627
95628
95629
95630
95631
95632
95633
95634
95635
95636
95637
95638
95640
95641
95642
95643
95644
95645
95646
95647
95649
95650
95651
95652
95653
95654
95655
95656
95657
95658
95659
95660
95661
95662
95663
95664
95665
95666
95667
95668
95669
95670
95671
95672
95673
95674
95675
95676
95677
95678
95679
95680
95681
95682
95683
95684
95685
95686
95687
95688
95689
95690
95691
95692
95693
95694
95695
95696
95697
95698
95699
95700
95701
95702
95703
95704
95705
95706
95707
95710
95711
95712
95713
95714
95715
95716
95717
95718
95719
95720
95721
95722
95723
95724
95726
95727
95728
95729
95730
95731
95732
95734
95736
95738
95739
95741
95742
95743
95744
95745
95746
95747
95748
95750
95751
95752
95753
95754
95755
95756
96789
96790
96792
96795
96796
96797
96798
96800
96801
96802
96803
96804
96805
96806
96807
96808
96809
96810
96811
96812
96813
96814
96815
96816
96817
96819
96820
96822
96823
96824
96825
96826
96827
96828
96829
96832
96833
96834
96835
96836
96838
96839
96840
96841
96842
96843
96844
96845
96846
96847
96848
96849
96850
96851
96852
96853
96854
96855
96856
96857
96859
96860
96861
96862
96863
96864
96865
96866
96867
96868
96869
96870
96871
96872
96873
96875
96877
96878
96879
96880
96881
96882
96883
96884
96885
96886
96887
96888
96891
96894
96896
96897
96900
96901
96902
96903
98170
98171
98172
98173
98174
98175
98176
98177
98179
98180
98181
98182
98183
98184
98185
98186
98187
98188
98189
98190
98191
98192
98193
98194
98195
98196
98197
98198
98199
98200
98201
98202
98203
98204
98205
98206
98207
98208
98209
98212
98213
98214
98215
98216
98217
98219
98220
98221
98222
98223
98224
98225
98226
98227
98228
98229
98230
98231
98232
98233
98234
98235
98236
98237
98239
98240
98241
98242
98243
98244
98245
98247
98248
98249
98250
98251
98252
98253
98254
98255
98256
98257
98258
98259
98260
98261
98262
98263
98264
98265
98267
98268
98269
98271
98272
98273
98274
98276
98277
98278
98281
98282
98283
98285
98286
98287
98288
98289
98290
98291
98292
98293
98294
98295
98296
98297
98299
98300
98301
98302
98303
98304
98305
98306
98307
98308
98309
98311
98312
98313
98314
98316
99535
99536
99537
99538
99539
99540
99541
99542
99543
99545
99546
99547
99548
99549
99550
99551
99552
99553
99554
99556
99557
99559
99560
99561
99562
99563
99564
99565
99566
99567
99568
99569
99570
99572
99573
99574
99575
99576
99577
99578
99579
99580
99582
99583
99584
99585
99586
99587
99588
99589
99591
99592
99593
99594
99595
99596
99597
99598
99599
99600
99601
99602
99604
99605
99607
99608
99609
99610
99611
99612
99615
99616
99617
99618
99619
99620
99621
99622
99624
99625
99626
99627
99628
99629
99630
99631
99632
99633
99634
99635
99636
99637
99638
99639
99640
99641
99642
99643
99644
99645
99646
99647
99648
99649
99654
99655
99657
99660
100930
100931
100932
100933
100934
100935
100937
100939
100940
100941
100942
100943
100944
100945
100946
100947
100949
100950
100952
100953
100954
100955
100956
100957
100958
100959
100960
100961
100962
100963
100964
100965
100966
100967
100968
100969
100970
100971
100972
100973
100974
100975
100976
100977
100979
100980
100981
100982
100983
100984
100985
100986
100987
100988
100989
100990
100991
100992
100993
100994
100995
100996
100997
100998
100999
101000
101001
101002
101003
101004
101005
101006
101007
101008
101009
101010
101011
101013
101014
101015
101016
101017
101018
101019
101020
101021
101022
101023
101024
101025
101026
101027
101028
101029
101031
101033
101035
101036
101037
101038
101039
101040
101041
101042
101043
101044
101045
101046
101047
101048
101049
101050
101051
101052
101053
101054
101055
101056
101057
101058
101059
101061
101062
101064
101065
101066
102549
102550
102551
102552
102553
102554
102555
102557
102558
102559
102560
102561
102562
102563
102565
102566
102567
102568
102570
102572
102573
102574
102575
102576
102577
102578
102579
102580
102581
102582
102583
102584
102585
102586
102587
102589
102590
102591
102592
102593
102594
102596
102597
102598
102599
102600
102601
102602
102603
102604
102605
102606
102608
102609
102610
102611
102612
102613
102614
102615
102616
102617
102618
102619
102620
102621
102622
102624
102625
102626
102627
102628
102629
102630
102631
102632
102633
102634
102635
102636
102637
102638
102641
102642
102643
102644
102645
102646
102647
102648
102649
102650
102651
102652
102653
102654
102655
102656
102657
102658
102659
102660
102661
102662
102663
102664
102665
102666
102667
102668
102669
102670
102671
102672
102673
102674
102675
102676
102678
102679
102680
102681
102682
102683
102684
102685
102686
102687
102688
102689
102690
102691
102692
102694
102695
102697
102698
102699
102701
102702
102704
102705
102706
102707
102708
102709
102710
102711
102712
104264
104265
104266
104268
104269
104270
104271
104272
104273
104274
104275
104276
104277
104278
104279
104280
104281
104282
104285
104286
104287
104288
104289
104290
104291
104293
104294
104295
104296
104297
104298
104299
104300
104301
104302
104303
104304
104305
104306
104307
104308
104309
104310
104311
104312
104313
104314
104315
104316
104317
104318
104319
104320
104321
104322
104323
104324
104325
104327
104328
104329
104330
104331
104333
104334
104335
104336
104337
104338
104339
104340
104341
104342
104343
104344
104345
104346
104347
104348
104349
104350
104351
104352
104353
104354
104355
104356
104357
104358
104359
104360
104361
104362
104363
104364
104365
104366
104367
104368
104369
104370
104371
104372
104373
104374
104377
104378
104379
104380
104381
104382
104383
104384
104385
104386
104387
104388
104390
104391
104392
104393
104394
104395
104396
104397
104399
104400
104401
104402
104403
104404
104405
104406
104407
104409
104410
104411
104413
104414
104415
104416
104417
104418
104419
104420
104421
104422
104423
104424
104425
104426
104427
104428
104429
104430
106086
106087
106088
106089
106090
106091
106092
106093
106094
106095
106096
106097
106098
106099
106100
106101
106102
106103
106104
106105
106106
106107
106108
106109
106110
106111
106112
106113
106114
106115
106116
106117
106118
106120
106121
106122
106123
106124
106125
106126
106127
106128
106129
106130
106131
106132
106133
106134
106135
106136
106137
106138
106139
106140
106141
106143
106144
106145
106146
106147
106148
106149
106150
106151
106152
106153
106154
106155
106156
106157
106158
106159
106160
106161
106162
106163
106164
106165
106166
106167
106168
106169
106170
106171
106172
106173
106175
106176
106177
106178
106179
106180
106181
106182
106183
106184
106185
106186
106187
106188
106189
106190
106191
106192
106193
106194
106195
106196
106197
106198
106199
106200
106201
106202
106203
106204
106205
106206
106207
106208
106209
106211
106212
106213
106214
106215
106216
106217
106218
106219
106221
106222
106223
106224
106225
106226
106227
106228
106229
106230
106231
106232
106233
106234
106235
106236
106237
106238
106239
106240
106241
106242
106243
106244
106245
106246
106247
106248
106249
106250
106251
106252
106253
106254
106255
106256
107790
107791
107792
107794
107796
107797
107798
107799
107800
107802
107803
107804
107805
107806
107807
107808
107809
107810
107811
107812
107813
107814
107815
107816
107817
107818
107819
107820
107821
107822
107823
107824
107825
107826
107827
107828
107829
107830
107831
107832
107834
107835
107836
107837
107838
107839
107840
107841
107842
107843
107844
107845
107846
107847
107848
107849
107850
107851
107852
107853
107854
107855
107856
107857
107858
107859
107860
107861
107862
107864
107865
107866
107867
107868
107869
107870
107871
107872
107873
107874
107875
107876
107877
107878
107879
107880
107881
107882
107883
107884
107885
107887
107888
107889
107890
107891
107892
107893
107894
107895
107896
107897
107898
107899
107901
107902
107903
107904
107905
107906
107907
107908
107909
107910
107911
107912
107913
107914
107915
107916
107917
107918
107919
107920
107921
107922
107923
107924
107925
107926
107927
107928
107929
107931
107932
107933
107934
107937
107938
107939
107940
107941
107942
107943
107944
107945
107946
107947
107949
107951
107952
109345
109346
109347
109348
109349
109351
109352
109353
109354
109355
109356
109357
109358
109359
109361
109362
109363
109364
109365
109366
109368
109369
109371
109372
109373
109374
109375
109376
109377
109378
109379
109380
109381
109382
109383
109384
109385
109386
109387
109388
109389
109390
109391
109392
109393
109394
109395
109396
109397
109398
109399
109400
109401
109402
109403
109404
109405
109406
109407
109408
109409
109410
109412
109413
109414
109415
109416
109417
109418
109419
109420
109421
109422
109423
109424
109425
109426
109427
109428
109429
109430
109431
109432
109433
109434
109435
109436
109437
109438
109439
109440
109441
109442
109443
109444
109445
109446
109447
109448
109449
109450
109451
109453
109454
109455
109456
109457
109458
109459
109460
109461
109462
109463
109464
109465
109466
109468
109469
109471
109473
109475
109476
109477
109478
109479
109480
109481
109482
109483
109484
109485
109486
109487
109488
109490
109491
109492
111040
111041
111042
111043
111044
111045
111046
111047
111048
111049
111050
111052
111053
111054
111055
111056
111057
111058
111059
111060
111061
111062
111063
111064
111065
111066
111067
111068
111069
111070
111071
111072
111073
111074
111075
111076
111077
111078
111079
111080
111082
111083
111084
111085
111086
111087
111088
111089
111091
111092
111093
111094
111095
111096
111097
111098
111099
111100
111101
111102
111103
111104
111105
111106
111107
111108
111109
111110
111111
111112
111113
111114
111115
111116
111117
111118
111119
111120
111121
111122
111123
111124
111125
111126
111127
111128
111129
111130
111131
111132
111133
111134
111135
111136
111137
111138
111139
111140
111141
111142
111143
111144
111145
111146
111147
111148
111149
111150
111151
111152
111153
111154
111155
111156
111157
111158
111159
111160
111161
111162
111163
111164
111165
111166
111167
111168
111169
111170
111171
111172
111173
111174
111175
111176
111177
111178
111179
111181
111182
111184
111186
111187
111188
111189
111190
111191
111193
111196
111197
111198
111199
111200
111201
111203
111204
111205
111206
111207
112630
112631
112633
112634
112635
112636
112637
112638
112639
112640
112641
112642
112643
112645
112646
112647
112648
112649
112651
112652
112653
112654
112655
112656
112657
112658
112660
112661
112662
112663
112664
112665
112666
112667
112668
112669
112670
112671
112672
112673
112674
112675
112676
112677
112678
112679
112680
112681
112682
112684
112685
112687
112688
112689
112690
112691
112692
112693
112694
112695
112697
112698
112699
112700
112701
112702
112703
112704
112705
112706
112707
112708
112709
112710
112711
112712
112713
112714
112715
112716
112717
112718
112719
112721
112722
112723
112724
112725
112726
112727
112728
112729
112730
112731
112732
112733
112734
112735
112736
112737
112738
112739
112740
112741
112742
112743
112744
112746
112747
112748
112749
112750
112751
112752
112753
112754
112755
112756
112757
112758
112759
112760
112761
112762
112763
112764
112765
112766
112767
112768
112769
112770
112771
112772
112773
112774
112775
112776
112777
114286
114287
114288
114289
114290
114291
114292
114293
114294
114295
114296
114297
114298
114299
114300
114301
114302
114303
114304
114305
114306
114307
114308
114309
114310
114311
114312
114314
114315
114316
114317
114318
114319
114320
114321
114322
114323
114324
114325
114326
114327
114329
114330
114331
114332
114333
114334
114335
114336
114338
114340
114342
114343
114344
114345
114346
114347
114348
114349
114350
114351
114352
114353
114355
114356
114357
114358
114359
114360
114361
114362
114363
114364
114365
114366
114367
114368
114369
114370
114371
114372
114373
114374
114375
114376
114377
114378
114379
114380
114381
114382
114383
114384
114385
114386
114387
114388
114389
114390
114391
114392
114393
114394
114395
114396
114397
114398
114399
114400
114401
114402
114403
114404
114405
114406
114408
114409
114411
114412
114413
114414
114415
114416
114417
114418
114419
114420
114421
114422
114423
114424
114426
114427
114428
114429
114430
114431
114432
114433
114434
114435
114436
114438
114439
114440
114442
114443
114445
114446
114447
114448
114450
114451
115810
115811
115812
115814
115815
115818
115819
115820
115821
115823
115824
115825
115826
115827
115828
115829
115830
115831
115832
115833
115834
115835
115836
115837
115838
115839
115841
115842
115843
115844
115845
115846
115847
115848
115849
115850
115851
115852
115853
115854
115855
115857
115858
115859
115860
115861
115862
115863
115864
115865
115866
115867
115868
115869
115870
115871
115872
115873
115874
115875
115876
115877
115878
115879
115880
115881
115882
115883
115884
115885
115886
115887
115888
115889
115891
115892
115893
115894
115895
115896
115898
115899
115900
115901
115902
115903
115904
115905
115906
115907
115908
115909
115910
115911
115912
115913
115914
115915
115916
115917
115918
115920
115922
115923
115924
115925
115927
115928
115929
115932
115933
115934
115935
115936
115937
115938
115939
115940
115941
115942
115943
115945
115946
115947
115948
115949
115950
115951
115952
115953
115954
115955
115956
115957
115959
115960
115962
115964
115965
115966
117448
117449
117450
117451
117452
117453
117454
117455
117456
117457
117458
117459
117461
117462
117464
117465
117466
117467
117468
117469
117470
117471
117472
117473
117474
117475
117476
117477
117478
117479
117480
117481
117482
117483
117484
117485
117486
117488
117489
117490
117491
117492
117493
117494
117495
117496
117497
117498
117499
117500
117501
117502
117503
117504
117505
117506
117507
117508
117509
117510
117511
117512
117513
117514
117515
117516
117517
117518
117519
117520
117521
117522
117523
117524
117525
117526
117527
117528
117529
117530
117531
117532
117533
117535
117536
117537
117538
117539
117541
117542
117543
117544
117545
117546
117547
117548
117549
117550
117551
117552
117553
117554
117555
117556
117557
117558
117559
117560
117561
117562
117563
117565
117566
117567
117568
117569
117570
117571
117573
117574
117575
117576
117577
117578
117580
117581
117582
117583
117584
117585
117586
117587
117588
117589
117590
117591
117592
117593
117594
117595
117596
117597
119153
119154
119155
119156
119157
119158
119159
119160
119161
119162
119163
119164
119165
119166
119167
119168
119169
119170
119171
119172
119173
119174
119175
119176
119177
119179
119180
119181
119182
119183
119184
119185
119186
119187
119188
119189
119190
119191
119192
119193
119194
119195
119197
119198
119199
119200
119201
119202
119203
119204
119205
119206
119207
119208
119209
119210
119211
119212
119213
119214
119215
119216
119217
119218
119219
119220
119221
119222
119223
119224
119225
119226
119227
119228
119229
119230
119231
119232
119233
119234
119235
119236
119237
119238
119239
119240
119241
119242
119243
119244
119245
119246
119247
119248
119249
119250
119251
119252
119253
119254
119255
119256
119257
119258
119259
119260
119261
119262
119263
119264
119265
119266
119267
119268
119269
119270
119271
119272
119273
119274
119276
119277
119278
119279
119280
119281
119282
119283
119284
119285
119286
119287
119288
119289
119290
119292
119293
119294
119295
119296
119297
119298
119299
119300
119301
119303
119304
119305
119306
119307
119309
119310
119311
119312
119313
119314
119315
119316
119317
119318
119319
119320
119321
119322
119323
119324
119325
120840
120841
120842
120844
120845
120846
120847
120848
120849
120850
120851
120852
120853
120854
120855
120856
120857
120858
120859
120861
120862
120863
120864
120865
120866
120867
120868
120869
120870
120871
120872
120873
120874
120875
120876
120877
120878
120879
120880
120881
120882
120883
120884
120885
120886
120887
120889
120890
120891
120892
120893
120894
120895
120896
120897
120898
120899
120900
120901
120902
120903
120904
120905
120906
120907
120908
120909
120910
120911
120912
120913
120914
120915
120916
120917
120919
120920
120921
120922
120923
120924
120925
120926
120927
120928
120929
120930
120931
120932
120933
120934
120935
120936
120937
120938
120939
120940
120941
120942
120943
120944
120945
120946
120947
120948
120949
120950
120951
120952
120953
120954
120955
120956
120957
120959
120960
120961
120962
120963
120964
120966
120967
120968
120969
120971
120972
120973
120974
120975
120976
120977
120978
120979
120980
120981
120982
120984
120985
120986
120987
120988
120989
120990
120991
120992
120993
120994
