1506
1507
1509
1510
1511
1513
1514
1515
1516
1517
1519
1520
1522
1523
1524
1526
1529
1530
1531
1532
1533
1534
1536
1537
1538
1539
1541
1542
1543
1544
1546
1547
1549
1550
1551
1552
1554
1555
1556
1557
1558
1559
1560
1561
1562
1563
1564
1565
1566
1567
1568
1569
1570
1572
1573
1574
1575
1576
1577
1578
1579
1580
1581
1582
1583
1584
1585
1587
1588
1589
1590
1591
1592
1593
1594
1595
1596
1597
1598
1599
1600
1601
1602
1603
1604
1605
1606
1607
1608
1609
1610
1611
1612
1613
1614
1615
1616
1617
1620
1621
1622
1623
1624
1627
1628
1630
1631
1634
1635
1636
1637
1638
1640
1641
1643
1644
1647
1648
1649
1650
1651
1652
1653
1654
1655
1656
1657
1660
1662
1664
1666
1667
3439
3440
3442
3443
3444
3445
3446
3447
3448
3449
3450
3451
3452
3455
3456
3457
3458
3459
3460
3461
3464
3465
3466
3467
3468
3470
3471
3472
3474
3475
3476
3477
3478
3479
3480
3482
3483
3484
3485
3486
3487
3488
3489
3490
3491
3492
3493
3494
3495
3496
3497
3498
3499
3500
3501
3502
3503
3504
3505
3506
3507
3509
3510
3511
3512
3513
3514
3515
3516
3517
3519
3520
3521
3522
3523
3525
3526
3528
3529
3530
3531
3532
3533
3534
3535
3536
3537
3538
3539
3540
3541
3542
3543
3544
3545
3546
3547
3548
3550
3551
3552
3553
3554
3555
3556
3558
3559
3560
3563
3564
3565
3567
3569
3571
3572
3575
3577
3578
3579
3580
3581
3582
3583
3584
3585
3586
3587
3588
3589
3591
3592
3593
3594
3595
3596
3597
3598
3600
3601
3602
3604
3605
3606
3607
3608
3612
5459
5460
5461
5463
5464
5465
5467
5468
5469
5470
5471
5473
5474
5475
5477
5478
5479
5480
5481
5482
5485
5486
5487
5488
5489
5490
5491
5492
5493
5494
5495
5496
5498
5499
5500
5501
5502
5504
5505
5506
5507
5508
5509
5510
5511
5512
5514
5515
5516
5518
5519
5520
5521
5522
5523
5524
5525
5526
5527
5528
5529
5530
5531
5532
5533
5535
5536
5537
5538
5539
5540
5542
5543
5544
5546
5547
5548
5549
5551
5552
5553
5555
5556
5557
5558
5559
5560
5561
5562
5563
5564
5565
5566
5567
5568
5569
5570
5571
5572
5573
5574
5576
5577
5578
5579
5580
5581
5582
5583
5584
5585
5586
5587
5590
5591
5595
5596
5600
5602
5603
5604
5605
5606
5607
5608
5609
5610
5611
5612
5613
5614
5615
5616
5617
5618
5620
5621
5622
5623
5624
5625
5627
5628
7308
7309
7310
7311
7312
7313
7314
7317
7318
7319
7321
7322
7323
7324
7326
7327
7328
7329
7331
7332
7333
7335
7336
7337
7338
7339
7340
7341
7343
7344
7345
7346
7347
7348
7349
7350
7351
7352
7353
7354
7355
7357
7358
7359
7360
7361
7363
7364
7365
7366
7367
7368
7369
7370
7371
7372
7373
7374
7377
7378
7379
7381
7382
7383
7384
7385
7386
7387
7389
7390
7391
7393
7394
7395
7397
7398
7399
7400
7401
7402
7403
7404
7405
7406
7407
7408
7409
7410
7411
7412
7413
7415
7416
7417
7418
7419
7422
7424
7425
7426
7427
7429
7430
7432
7433
7434
7437
7438
7439
7440
7442
7443
7444
7445
7446
7448
7449
7450
7453
7456
7457
7458
7459
7460
7462
7463
7465
7466
7467
7468
9010
9011
9013
9015
9016
9017
9018
9021
9023
9024
9025
9027
9028
9029
9032
9033
9034
9035
9036
9037
9040
9041
9042
9043
9044
9045
9046
9047
9048
9049
9050
9051
9052
9053
9054
9055
9056
9060
9061
9062
9063
9064
9065
9067
9068
9069
9070
9071
9073
9074
9075
9077
9078
9079
9080
9081
9082
9083
9084
9085
9086
9088
9089
9090
9091
9092
9093
9094
9095
9096
9097
9098
9099
9100
9101
9102
9103
9104
9105
9107
9108
9109
9110
9111
9112
9113
9114
9115
9116
9117
9118
9119
9120
9121
9122
9123
9124
9125
9128
9129
9130
9131
9132
9133
9134
9136
9137
9138
9139
9140
9141
9142
9143
9144
9145
9146
9147
9149
9150
9151
9152
9154
9155
9158
9160
9161
9163
9164
10675
10677
10678
10680
10681
10684
10685
10687
10689
10690
10692
10693
10697
10698
10702
10705
10706
10707
10708
10710
10711
10712
10713
10715
10716
10718
10719
10720
10722
10724
10725
10726
10727
10729
10730
10731
10732
10733
10736
10737
10738
10739
10740
10741
10742
10743
10746
10747
10748
10749
10751
10752
10753
10755
10756
10757
10758
10759
10760
10761
10762
10763
10764
10765
10767
10769
10770
10771
10772
10774
10775
10776
10777
10778
10779
10780
10782
10783
10785
10789
10790
10792
10793
10796
10799
10800
10804
10805
10807
10808
10809
10811
10812
10813
10814
10819
10820
10821
12352
12353
12354
12357
12358
12360
12361
12362
12364
12365
12366
12367
12368
12370
12372
12373
12374
12375
12377
12378
12379
12380
12381
12382
12383
12385
12387
12388
12390
12391
12393
12395
12396
12400
12401
12402
12403
12404
12405
12406
12407
12409
12410
12411
12412
12414
12415
12416
12420
12421
12422
12423
12424
12425
12427
12430
12431
12432
12433
12434
12435
12436
12437
12438
12439
12440
12441
12442
12443
12445
12446
12448
12449
12450
12451
12453
12454
12455
12457
12458
12459
12460
12461
12462
12464
12468
12469
12470
12471
12472
12473
12476
12477
12479
12481
12482
12485
12486
12489
12490
12491
12492
12493
12494
12495
12497
12498
12499
12500
12501
12504
12505
13824
13827
13828
13829
13831
13832
13833
13835
13836
13837
13838
13840
13842
13844
13845
13846
13847
13848
13849
13850
13851
13852
13855
13856
13857
13859
13863
13864
13865
13866
13867
13870
13871
13872
13873
13874
13875
13876
13877
13878
13879
13880
13882
13883
13884
13887
13888
13889
13891
13892
13894
13899
13900
13901
13902
13905
13906
13907
13908
13910
13912
13913
13914
13916
13917
13920
13921
13923
13926
13928
13929
13932
13933
13934
13935
13938
13940
13942
13944
13945
13946
13948
13949
13952
15612
15613
15614
15615
15616
15617
15618
15619
15620
15621
15623
15624
15625
15626
15627
15628
15629
15630
15631
15632
15633
15634
15636
15637
15638
15639
15640
15641
15642
15643
15644
15645
15646
15647
15648
15649
15650
15651
15652
15653
15654
15655
15656
15657
15659
15660
15661
15662
15663
15664
15666
15667
15668
15669
15670
15671
15672
15673
15674
15675
15676
15677
15678
15679
15680
15681
15682
15684
15685
15686
15687
15688
15689
15690
15691
15692
15693
15694
15695
15696
15697
15698
15699
15700
15702
15703
15706
15707
15708
15709
15710
15711
15712
15713
15714
15715
15716
15717
15718
15719
15720
15721
15722
15723
15724
15725
15726
15727
15728
15729
15730
15731
15734
15735
15736
15738
15740
15741
15742
15743
15744
15745
15746
15747
15748
15750
15752
15753
15755
15756
15757
15758
15759
15761
15762
15763
15764
15765
15766
15768
15769
15770
15772
15773
15774
15775
15776
15777
15783
15784
17418
17421
17422
17423
17424
17426
17427
17428
17429
17431
17432
17433
17434
17435
17436
17437
17441
17442
17443
17445
17446
17447
17448
17449
17450
17451
17452
17453
17454
17455
17457
17458
17459
17460
17461
17462
17464
17465
17466
17467
17468
17471
17472
17473
17474
17475
17476
17477
17478
17479
17480
17481
17482
17483
17484
17486
17487
17488
17491
17492
17493
17494
17495
17496
17497
17498
17499
17500
17501
17502
17503
17504
17505
17506
17507
17508
17509
17511
17512
17513
17514
17515
17517
17518
17520
17521
17522
17523
17524
17525
17527
17528
17529
17530
17532
17533
17535
17536
17538
17539
17540
17542
17543
17546
17547
17550
17551
17552
17554
17555
17556
17557
17559
17560
17561
17562
17564
17566
17567
17572
17573
17574
19262
19263
19264
19265
19267
19268
19269
19270
19271
19272
19273
19274
19275
19276
19277
19279
19280
19281
19282
19283
19284
19286
19287
19288
19289
19290
19291
19292
19293
19294
19295
19296
19297
19298
19299
19300
19301
19303
19304
19305
19306
19307
19308
19309
19310
19314
19315
19317
19318
19319
19320
19321
19322
19323
19325
19326
19327
19328
19330
19331
19332
19333
19334
19335
19336
19337
19339
19340
19341
19342
19343
19344
19345
19346
19347
19348
19349
19350
19351
19352
19353
19354
19355
19356
19357
19358
19359
19360
19361
19362
19363
19364
19365
19366
19367
19368
19369
19370
19372
19373
19374
19375
19377
19378
19379
19380
19381
19382
19383
19386
19389
19390
19393
19394
19395
19398
19399
19400
19401
19402
19403
19404
19405
19406
19407
19408
19409
19410
19412
19413
19414
19415
19417
19419
19420
19421
19422
19423
19424
19427
19428
19429
20969
20970
20974
20975
20976
20978
20979
20980
20984
20985
20986
20987
20988
20989
20990
20991
20992
20993
20994
20995
20996
20997
20998
20999
21000
21001
21002
21006
21007
21008
21009
21011
21012
21013
21014
21015
21017
21019
21021
21022
21023
21024
21026
21028
21029
21030
21031
21033
21034
21035
21036
21038
21039
21040
21041
21042
21043
21044
21045
21046
21048
21049
21051
21052
21053
21054
21055
21056
21057
21058
21059
21060
21061
21062
21063
21064
21066
21067
21068
21069
21070
21071
21072
21073
21074
21076
21077
21078
21079
21080
21081
21083
21084
21087
21089
21090
21091
21092
21093
21096
21097
21099
21100
21101
21102
21103
21104
21105
21109
21110
21111
21114
22670
22672
22673
22674
22675
22676
22677
22678
22680
22681
22682
22683
22686
22687
22688
22689
22690
22691
22693
22694
22695
22696
22698
22699
22701
22702
22704
22706
22707
22708
22709
22710
22711
22713
22714
22715
22716
22717
22720
22721
22723
22724
22727
22728
22729
22730
22731
22732
22733
22737
22738
22739
22740
22741
22742
22743
22744
22745
22746
22749
22750
22751
22752
22753
22754
22755
22756
22757
22758
22759
22760
22761
22762
22763
22764
22765
22766
22767
22768
22769
22770
22771
22772
22773
22774
22775
22777
22778
22779
22780
22781
22783
22784
22785
22786
22788
22792
22793
22797
22798
22799
22800
22801
22802
22803
22804
22805
22806
22807
22808
22809
22810
22811
22815
22816
22817
22821
24551
24552
24553
24554
24555
24556
24557
24558
24559
24560
24562
24563
24564
24565
24567
24568
24569
24570
24571
24572
24573
24574
24575
24577
24578
24579
24581
24582
24583
24584
24585
24586
24587
24589
24590
24591
24592
24593
24594
24595
24596
24598
24599
24600
24601
24602
24603
24604
24605
24606
24608
24609
24610
24611
24612
24613
24614
24615
24616
24617
24618
24620
24621
24622
24623
24624
24625
24626
24627
24628
24629
24630
24631
24632
24633
24635
24636
24637
24638
24639
24640
24641
24642
24643
24644
24645
24646
24647
24648
24649
24650
24651
24652
24653
24654
24655
24657
24658
24659
24660
24662
24663
24664
24665
24666
24667
24669
24670
24671
24672
24673
24676
24677
24678
24681
24683
24684
24685
24686
24688
24689
24690
24691
24693
24694
24696
24697
24700
24701
24702
24703
24705
24706
24708
24709
24710
24713
24714
26521
26522
26523
26524
26525
26526
26527
26528
26529
26530
26532
26533
26536
26537
26538
26541
26542
26543
26545
26546
26547
26548
26549
26550
26551
26552
26554
26555
26556
26557
26558
26560
26561
26562
26563
26564
26565
26566
26567
26568
26569
26570
26571
26572
26574
26575
26576
26577
26578
26579
26580
26581
26582
26583
26584
26585
26586
26587
26588
26589
26590
26591
26592
26594
26595
26597
26599
26600
26601
26602
26603
26604
26605
26606
26607
26608
26609
26610
26611
26612
26613
26614
26615
26616
26617
26618
26619
26620
26621
26622
26623
26624
26625
26626
26627
26628
26629
26630
26631
26632
26633
26634
26635
26636
26637
26638
26639
26641
26642
26643
26644
26645
26646
26647
26648
26650
26651
26652
26653
26654
26655
26656
26657
26659
26662
26663
26664
26665
26666
26669
26670
26671
26673
26674
26675
26676
26677
26678
26680
26681
26682
26684
26686
26687
26688
26689
26690
26691
26692
26693
26694
28410
28411
28412
28413
28414
28415
28416
28417
28418
28419
28420
28421
28422
28424
28425
28430
28431
28432
28433
28435
28436
28437
28438
28439
28440
28441
28442
28443
28444
28445
28446
28447
28448
28449
28450
28451
28452
28453
28454
28455
28456
28457
28458
28459
28460
28462
28463
28464
28465
28467
28468
28469
28470
28471
28472
28473
28474
28476
28478
28479
28480
28481
28482
28483
28484
28485
28486
28487
28488
28489
28490
28491
28492
28494
28495
28496
28497
28499
28500
28501
28502
28503
28504
28505
28506
28507
28508
28509
28510
28511
28512
28514
28515
28516
28517
28518
28519
28520
28521
28522
28523
28524
28525
28526
28527
28528
28530
28531
28532
28534
28536
28537
28538
28539
28544
28548
28550
28552
28555
28556
28557
28558
28559
28561
28563
28564
28565
28566
28567
28568
28569
28570
28572
28573
28574
28575
28576
28579
30156
30157
30158
30159
30160
30161
30162
30163
30164
30165
30166
30167
30168
30169
30170
30171
30172
30173
30174
30175
30176
30177
30179
30181
30182
30183
30184
30185
30188
30189
30190
30191
30193
30194
30195
30196
30197
30198
30199
30200
30201
30202
30203
30204
30205
30206
30208
30209
30210
30211
30212
30213
30215
30216
30217
30218
30219
30220
30221
30222
30223
30225
30226
30227
30228
30229
30230
30232
30233
30234
30235
30236
30237
30239
30240
30241
30242
30243
30244
30245
30247
30248
30249
30250
30252
30253
30254
30255
30257
30258
30259
30260
30261
30262
30263
30264
30266
30267
30268
30269
30270
30272
30275
30279
30280
30281
30282
30286
30288
30289
30292
30293
30296
30297
30299
30301
30302
30303
30304
30306
30307
30308
30309
30310
32023
32024
32025
32026
32027
32028
32029
32030
32031
32032
32034
32038
32040
32041
32042
32043
32044
32045
32046
32047
32048
32049
32050
32051
32052
32053
32054
32055
32056
32057
32058
32059
32060
32062
32063
32064
32066
32067
32068
32069
32070
32071
32072
32073
32074
32076
32077
32078
32079
32080
32081
32082
32083
32084
32085
32086
32087
32088
32089
32090
32091
32092
32093
32094
32095
32096
32097
32098
32099
32100
32101
32102
32103
32104
32106
32107
32108
32109
32111
32112
32113
32114
32115
32116
32117
32118
32119
32120
32121
32122
32123
32124
32125
32126
32127
32128
32129
32130
32131
32132
32133
32134
32135
32136
32137
32138
32139
32140
32141
32142
32143
32144
32145
32146
32147
32148
32149
32150
32151
32154
32155
32158
32159
32160
32161
32162
32164
32165
32166
32167
32169
32170
32171
32172
32173
32175
32176
32177
32179
32181
32182
32183
32184
32185
32186
32188
33954
33955
33956
33957
33958
33959
33960
33961
33962
33963
33964
33965
33966
33967
33968
33969
33970
33971
33972
33974
33975
33976
33978
33979
33980
33981
33982
33983
33984
33985
33986
33988
33989
33990
33991
33992
33993
33995
33996
33997
33999
34000
34001
34002
34003
34004
34005
34007
34008
34009
34010
34011
34012
34013
34014
34015
34016
34017
34018
34019
34020
34021
34022
34023
34024
34025
34026
34027
34028
34029
34030
34031
34032
34033
34034
34035
34036
34037
34039
34040
34041
34042
34043
34044
34045
34046
34047
34049
34050
34051
34052
34053
34054
34055
34056
34057
34058
34059
34060
34062
34063
34064
34065
34066
34067
34068
34069
34070
34071
34072
34073
34074
34075
34076
34078
34079
34080
34081
34082
34083
34084
34085
34086
34087
34088
34089
34090
34092
34093
34094
34095
34096
34100
34101
34102
34104
34105
34106
34107
34108
34109
34110
34112
34113
34114
34115
34116
34117
34118
34119
34120
34122
34125
34127
34128
35918
35919
35920
35921
35922
35923
35924
35925
35926
35927
35928
35929
35930
35931
35932
35933
35934
35937
35938
35939
35940
35941
35942
35943
35944
35945
35946
35948
35949
35950
35951
35952
35954
35956
35958
35959
35960
35962
35963
35964
35965
35967
35968
35969
35970
35971
35972
35973
35974
35975
35976
35977
35978
35979
35980
35981
35982
35983
35984
35985
35986
35987
35988
35989
35990
35991
35992
35993
35994
35995
35996
35997
35998
35999
36000
36001
36002
36003
36004
36005
36006
36007
36008
36009
36011
36012
36013
36014
36015
36016
36017
36018
36019
36020
36021
36023
36024
36026
36027
36028
36029
36030
36031
36032
36033
36034
36035
36036
36039
36040
36042
36043
36044
36045
36046
36049
36050
36052
36053
36054
36055
36057
36058
36059
36060
36061
36062
36063
36064
36066
36067
36068
36069
36074
36075
36076
36078
36079
36080
36081
36082
36083
36084
36085
36086
37689
37690
37694
37695
37697
37698
37700
37701
37702
37703
37704
37705
37706
37707
37708
37709
37710
37711
37712
37713
37714
37715
37716
37717
37718
37719
37720
37721
37723
37724
37725
37726
37727
37729
37731
37732
37733
37735
37736
37739
37740
37743
37744
37746
37747
37748
37749
37750
37751
37752
37753
37754
37755
37757
37758
37760
37761
37762
37763
37764
37765
37767
37769
37771
37772
37773
37774
37775
37776
37777
37778
37779
37781
37782
37783
37784
37785
37786
37787
37788
37789
37790
37791
37792
37793
37794
37798
37799
37800
37802
37803
37804
37805
37808
37810
37811
37812
37813
37814
37815
37818
37820
37825
37826
37828
37829
37830
37831
37832
37833
37834
37835
37836
37840
37841
37843
37844
37846
37849
39544
39545
39546
39547
39549
39550
39551
39553
39554
39555
39556
39557
39559
39561
39562
39564
39566
39567
39569
39570
39571
39572
39573
39574
39575
39576
39577
39578
39579
39582
39583
39584
39585
39586
39587
39589
39590
39592
39593
39594
39596
39597
39599
39600
39601
39603
39604
39605
39606
39607
39608
39609
39610
39611
39612
39614
39615
39616
39617
39618
39619
39620
39621
39622
39623
39624
39625
39626
39627
39628
39629
39630
39631
39632
39633
39634
39635
39636
39637
39638
39639
39641
39642
39643
39645
39646
39647
39648
39649
39650
39651
39653
39654
39656
39657
39658
39659
39661
39662
39663
39664
39667
39669
39672
39673
39674
39675
39676
39678
39679
39680
39681
39683
39684
39686
39687
39688
39689
39690
39692
39693
39694
39695
39696
39697
39699
39701
39702
39703
39704
39705
39706
39707
39708
41373
41374
41375
41376
41378
41379
41380
41381
41382
41383
41384
41386
41388
41389
41390
41391
41393
41394
41395
41397
41398
41400
41401
41402
41404
41405
41406
41407
41408
41409
41410
41411
41414
41415
41416
41417
41418
41419
41420
41421
41422
41423
41424
41425
41426
41428
41429
41430
41431
41432
41434
41435
41436
41437
41438
41439
41440
41441
41442
41443
41444
41446
41447
41448
41449
41450
41451
41452
41453
41454
41455
41456
41457
41458
41459
41460
41461
41462
41463
41464
41465
41466
41467
41468
41469
41470
41471
41472
41473
41474
41475
41476
41477
41478
41479
41480
41481
41482
41483
41484
41485
41486
41487
41488
41491
41492
41493
41494
41496
41497
41500
41501
41502
41504
41506
41507
41508
41510
41511
41514
41515
41516
41517
41519
41520
41525
41526
41527
41528
41530
41532
41533
41534
41535
41537
41538
41540
41541
43026
43027
43030
43032
43033
43035
43036
43037
43038
43039
43041
43042
43043
43044
43045
43047
43049
43050
43051
43052
43054
43055
43056
43057
43060
43061
43062
43063
43064
43067
43069
43070
43072
43073
43074
43075
43076
43077
43078
43079
43081
43082
43083
43084
43085
43090
43091
43092
43093
43094
43095
43096
43098
43099
43100
43101
43102
43103
43104
43105
43106
43107
43108
43109
43110
43111
43112
43113
43114
43116
43118
43119
43120
43121
43122
43123
43124
43126
43130
43131
43133
43135
43136
43137
43138
43142
43145
43146
43147
43148
43149
43153
43154
43155
43156
45012
45013
45014
45015
45016
45017
45018
45019
45020
45021
45022
45023
45024
45025
45026
45027
45028
45029
45030
45031
45032
45033
45034
45036
45039
45040
45041
45042
45043
45045
45046
45047
45048
45049
45050
45051
45052
45053
45054
45055
45056
45058
45059
45060
45061
45062
45063
45064
45065
45066
45068
45069
45070
45071
45073
45074
45075
45076
45077
45078
45079
45080
45081
45082
45083
45084
45085
45086
45087
45088
45089
45090
45091
45092
45093
45094
45095
45096
45097
45098
45099
45100
45101
45102
45103
45104
45105
45106
45107
45108
45109
45110
45111
45112
45113
45114
45115
45116
45117
45118
45119
45120
45121
45122
45123
45124
45125
45126
45127
45128
45129
45130
45131
45132
45133
45135
45136
45137
45138
45139
45140
45141
45142
45144
45146
45147
45148
45149
45150
45151
45152
45154
45155
45156
45158
45159
45161
45162
45164
45165
45166
45167
45168
45169
45170
45171
45172
45173
45174
45175
45176
45177
45178
45179
45180
45181
45182
45183
45184
45185
45187
45188
45189
46996
46997
46998
46999
47000
47001
47002
47003
47004
47005
47006
47007
47008
47009
47010
47012
47013
47014
47015
47016
47017
47018
47019
47020
47021
47022
47024
47025
47026
47028
47029
47030
47032
47033
47034
47035
47036
47037
47038
47039
47040
47041
47042
47043
47044
47046
47047
47048
47049
47050
47051
47052
47053
47054
47055
47056
47057
47058
47059
47060
47061
47062
47063
47064
47065
47066
47067
47068
47069
47070
47071
47072
47073
47074
47075
47076
47077
47078
47079
47081
47082
47083
47084
47085
47086
47087
47088
47089
47090
47091
47092
47093
47094
47095
47096
47097
47098
47099
47100
47101
47102
47104
47105
47106
47108
47109
47110
47111
47112
47113
47114
47115
47116
47117
47118
47119
47120
47121
47122
47124
47125
47126
47129
47130
47131
47132
47133
47134
47135
47136
47137
47138
47140
47141
47142
47145
47146
47147
47149
47150
47151
47152
47153
47154
47155
47156
47160
47161
47162
47164
47166
47167
49064
49065
49066
49067
49068
49069
49070
49071
49072
49073
49074
49075
49076
49077
49078
49080
49081
49082
49083
49084
49085
49086
49087
49088
49089
49090
49091
49092
49093
49094
49096
49097
49098
49099
49100
49101
49102
49103
49104
49105
49106
49107
49108
49109
49110
49111
49112
49113
49114
49115
49116
49117
49119
49120
49121
49122
49123
49124
49126
49127
49128
49129
49130
49131
49132
49133
49134
49135
49136
49137
49138
49139
49140
49142
49143
49144
49145
49146
49147
49148
49149
49150
49151
49153
49154
49155
49156
49157
49158
49159
49160
49161
49162
49163
49164
49165
49166
49167
49168
49169
49170
49171
49172
49173
49174
49175
49176
49177
49178
49179
49180
49181
49182
49183
49184
49185
49186
49187
49188
49189
49190
49191
49192
49193
49194
49195
49196
49198
49199
49200
49201
49203
49204
49205
49206
49207
49208
49209
49210
49212
49214
49215
49216
49218
49219
49220
49221
49222
49223
49224
49225
49227
49228
49229
49230
49231
49232
49233
49235
49236
49237
49238
49239
49240
49241
49242
49243
49244
49245
51133
51134
51135
51136
51137
51138
51140
51141
51142
51143
51144
51145
51146
51147
51148
51149
51150
51151
51152
51153
51154
51155
51156
51157
51158
51159
51160
51163
51164
51165
51166
51167
51168
51169
51170
51171
51172
51173
51174
51175
51176
51178
51179
51180
51181
51182
51183
51184
51185
51186
51187
51188
51189
51190
51191
51192
51194
51195
51196
51197
51198
51199
51200
51201
51202
51203
51204
51205
51206
51207
51208
51209
51210
51211
51212
51213
51214
51215
51216
51217
51218
51219
51220
51221
51222
51223
51224
51226
51227
51228
51229
51230
51231
51232
51233
51234
51235
51236
51237
51238
51239
51240
51241
51242
51243
51244
51245
51246
51247
51248
51249
51250
51251
51252
51253
51254
51255
51257
51258
51260
51262
51263
51264
51265
51267
51268
51269
51270
51272
51273
51274
51276
51277
51278
51280
51281
51282
51283
51284
51285
51287
51288
51289
51290
51291
51292
51293
51294
51295
51296
51299
51300
51301
51302
51303
51304
51305
51306
51307
51308
53053
53054
53055
53057
53058
53059
53060
53061
53062
53064
53065
53066
53067
53068
53069
53070
53071
53072
53073
53074
53075
53076
53078
53079
53080
53081
53082
53083
53085
53086
53087
53088
53089
53090
53091
53092
53093
53094
53095
53096
53097
53098
53099
53100
53101
53102
53103
53104
53105
53106
53107
53108
53109
53110
53111
53112
53113
53114
53115
53117
53118
53119
53120
53121
53122
53123
53124
53125
53126
53127
53128
53129
53130
53131
53132
53133
53134
53135
53136
53137
53138
53139
53140
53141
53142
53143
53144
53145
53146
53147
53148
53149
53150
53151
53152
53153
53154
53155
53156
53157
53158
53159
53160
53161
53162
53163
53164
53165
53166
53167
53168
53169
53170
53172
53173
53174
53175
53176
53177
53178
53179
53180
53181
53182
53183
53184
53185
53186
53189
53190
53191
53192
53194
53195
53196
53197
53198
53199
53200
53201
53203
53204
53205
53207
53208
53209
53210
53211
53213
53214
53215
53216
53217
55047
55048
55049
55050
55051
55052
55053
55054
55055
55056
55057
55058
55059
55060
55061
55062
55063
55064
55065
55066
55067
55068
55069
55070
55071
55072
55073
55074
55075
55076
55077
55078
55079
55081
55082
55083
55084
55085
55087
55088
55089
55090
55091
55092
55093
55094
55095
55096
55097
55098
55099
55102
55103
55104
55105
55106
55108
55109
55110
55111
55112
55113
55114
55115
55116
55117
55118
55119
55120
55122
55123
55124
55125
55126
55127
55128
55129
55130
55131
55132
55133
55134
55135
55136
55137
55138
55139
55140
55141
55142
55143
55144
55145
55147
55148
55149
55150
55151
55152
55153
55154
55155
55156
55157
55158
55159
55160
55161
55162
55163
55164
55165
55166
55167
55168
55169
55170
55171
55172
55173
55174
55175
55176
55177
55180
55183
55184
55185
55186
55187
55188
55189
55190
55191
55192
55193
55194
55195
55196
55197
55198
55199
55200
55201
55202
55203
55204
55205
55206
55207
55208
55210
55211
55212
55213
55217
55218
55219
55220
55221
56986
56987
56988
56989
56990
56991
56992
56993
56995
56996
56997
56998
57001
57002
57003
57005
57006
57007
57008
57010
57011
57012
57014
57015
57016
57017
57018
57019
57020
57021
57022
57023
57024
57025
57026
57027
57028
57029
57030
57031
57032
57033
57034
57036
57037
57038
57040
57041
57042
57044
57045
57046
57047
57048
57049
57050
57051
57052
57053
57054
57055
57056
57057
57058
57060
57061
57063
57064
57065
57066
57067
57068
57069
57070
57071
57072
57073
57074
57075
57076
57077
57078
57079
57080
57081
57082
57083
57084
57085
57086
57087
57088
57089
57090
57091
57092
57093
57095
57096
57097
57098
57099
57101
57102
57103
57104
57105
57106
57107
57108
57109
57110
57112
57113
57114
57116
57119
57120
57122
57126
57127
57129
57130
57131
57133
57134
57135
57136
57137
57139
57140
57141
57143
57145
57146
57147
57148
57150
57152
57153
57154
58786
58787
58788
58790
58791
58792
58793
58794
58795
58796
58797
58798
58799
58800
58801
58802
58803
58804
58807
58809
58810
58811
58812
58813
58814
58815
58816
58817
58818
58820
58822
58823
58824
58825
58826
58828
58831
58832
58833
58834
58835
58836
58837
58838
58839
58841
58842
58843
58844
58845
58846
58847
58848
58849
58850
58851
58852
58853
58854
58855
58856
58857
58859
58860
58861
58862
58863
58864
58865
58866
58867
58868
58869
58870
58871
58874
58875
58876
58877
58878
58879
58880
58881
58882
58883
58884
58885
58886
58887
58888
58889
58890
58891
58892
58893
58894
58895
58896
58897
58898
58902
58907
58910
58915
58916
58917
58918
58919
58921
58922
58924
58925
58926
58927
58930
58931
58932
58933
58934
58935
58938
58939
58940
58941
60605
60607
60608
60609
60610
60611
60612
60613
60614
60615
60616
60617
60619
60620
60623
60624
60625
60626
60628
60630
60631
60632
60634
60635
60636
60637
60638
60639
60640
60641
60642
60643
60644
60645
60646
60647
60649
60650
60651
60652
60657
60658
60659
60660
60661
60662
60663
60664
60665
60666
60667
60668
60669
60670
60671
60672
60673
60675
60676
60677
60678
60679
60680
60681
60682
60683
60684
60685
60686
60687
60688
60689
60690
60691
60692
60693
60694
60695
60696
60697
60698
60699
60700
60701
60702
60703
60704
60705
60706
60707
60708
60709
60710
60711
60712
60714
60715
60716
60717
60719
60721
60722
60725
60726
60728
60729
60730
60732
60733
60735
60736
60737
60738
60740
60741
60742
60744
60745
60746
60747
60748
60749
60750
60751
60753
60754
60755
60756
60757
60759
60760
62495
62496
62497
62498
62499
62500
62501
62502
62503
62504
62506
62507
62509
62510
62512
62513
62514
62515
62516
62518
62519
62521
62522
62523
62524
62525
62526
62527
62528
62529
62530
62531
62532
62534
62535
62536
62537
62538
62539
62540
62541
62542
62543
62544
62545
62547
62548
62549
62550
62551
62552
62554
62555
62556
62557
62559
62560
62561
62562
62563
62564
62565
62566
62567
62570
62571
62572
62573
62574
62575
62576
62577
62578
62580
62581
62582
62583
62584
62585
62586
62587
62588
62589
62590
62591
62592
62593
62594
62595
62597
62598
62599
62600
62601
62602
62603
62604
62605
62606
62607
62608
62610
62611
62612
62613
62614
62615
62616
62617
62618
62619
62621
62622
62623
62624
62625
62626
62628
62629
62630
62631
62632
62633
62634
62635
62636
62637
62638
62639
62641
62642
62643
62644
62645
62646
62647
62649
62650
62651
62652
62653
62654
62655
62656
64561
64562
64563
64565
64566
64567
64568
64569
64570
64571
64572
64573
64574
64575
64576
64577
64578
64579
64580
64581
64582
64583
64584
64585
64586
64587
64588
64589
64590
64591
64592
64593
64594
64595
64596
64597
64598
64599
64600
64601
64603
64604
64605
64606
64607
64608
64609
64610
64611
64612
64613
64614
64615
64616
64618
64619
64620
64621
64622
64623
64624
64625
64626
64627
64628
64629
64630
64631
64632
64633
64634
64635
64636
64637
64638
64639
64640
64641
64642
64643
64644
64645
64646
64647
64649
64650
64651
64652
64653
64654
64655
64656
64657
64658
64659
64660
64661
64662
64663
64664
64665
64666
64667
64668
64669
64670
64671
64673
64674
64675
64676
64677
64678
64680
64681
64682
64683
64685
64686
64687
64688
64689
64691
64692
64693
64695
64696
64697
64698
64699
64700
64701
64702
64703
64704
64705
64707
64708
64709
64710
64711
64712
64713
64714
64715
64716
64717
64718
64720
64721
64722
64723
64724
64725
64727
64728
64729
64730
64731
64732
64733
64734
64735
64736
64737
64738
64739
66544
66545
66546
66547
66548
66550
66551
66552
66553
66554
66555
66556
66557
66558
66560
66561
66562
66563
66564
66565
66566
66567
66568
66570
66571
66572
66574
66575
66576
66579
66580
66581
66582
66583
66584
66585
66586
66587
66588
66589
66590
66591
66592
66593
66594
66595
66596
66597
66598
66599
66600
66601
66602
66604
66605
66606
66607
66608
66609
66610
66611
66612
66613
66614
66615
66616
66617
66618
66620
66621
66622
66623
66624
66625
66626
66627
66628
66629
66630
66631
66632
66633
66634
66636
66637
66638
66639
66640
66641
66642
66643
66644
66645
66646
66647
66648
66649
66650
66651
66652
66653
66654
66655
66656
66657
66658
66659
66660
66662
66663
66664
66665
66666
66667
66668
66669
66671
66672
66673
66674
66675
66676
66677
66678
66680
66681
66684
66685
66687
66688
66690
66691
66692
66693
66695
66696
66697
66698
66700
66701
66703
66704
66705
66706
66707
66708
66710
66711
66712
66713
66716
66717
66718
68315
68318
68319
68320
68321
68322
68324
68327
68328
68329
68330
68331
68332
68334
68335
68336
68337
68338
68339
68340
68341
68342
68343
68344
68345
68346
68347
68348
68349
68350
68351
68352
68353
68354
68355
68356
68357
68358
68359
68360
68362
68363
68364
68365
68366
68367
68368
68369
68370
68371
68372
68373
68374
68375
68376
68377
68378
68379
68380
68381
68382
68383
68384
68385
68386
68387
68388
68389
68390
68391
68392
68393
68394
68395
68396
68397
68398
68399
68400
68401
68402
68403
68404
68405
68406
68407
68408
68409
68410
68411
68412
68413
68414
68416
68417
68418
68419
68420
68422
68423
68424
68425
68426
68427
68428
68429
68430
68432
68433
68434
68435
68436
68437
68440
68441
68442
68444
68445
68446
68447
68448
68449
68450
68451
68452
68453
68454
68455
68456
68457
68458
68459
68460
68462
68463
68464
68465
68466
68467
70079
70080
70081
70082
70083
70084
70085
70086
70087
70088
70089
70091
70092
70093
70094
70095
70096
70097
70098
70099
70100
70101
70102
70103
70104
70105
70106
70107
70109
70110
70111
70112
70113
70114
70115
70116
70118
70121
70122
70123
70124
70126
70127
70128
70129
70130
70131
70132
70133
70134
70135
70136
70137
70139
70140
70141
70142
70143
70144
70145
70146
70147
70148
70149
70150
70151
70153
70154
70155
70156
70157
70158
70159
70160
70161
70162
70163
70164
70165
70166
70167
70168
70169
70170
70171
70172
70173
70174
70175
70176
70177
70178
70180
70181
70182
70183
70184
70185
70186
70187
70188
70190
70191
70192
70193
70194
70195
70196
70197
70198
70199
70200
70201
70202
70203
70204
70205
70206
70207
70209
70211
70213
70214
70215
70216
70217
70218
70219
70221
70222
70223
70224
70225
70227
70229
70230
70231
71786
71787
71788
71789
71790
71791
71792
71793
71794
71795
71796
71797
71798
71799
71800
71801
71802
71804
71805
71806
71807
71808
71810
71812
71813
71814
71815
71816
71817
71818
71819
71820
71821
71823
71824
71825
71826
71827
71829
71830
71831
71832
71833
71834
71835
71836
71837
71838
71840
71841
71842
71843
71844
71845
71846
71847
71848
71849
71850
71851
71852
71853
71854
71855
71856
71857
71858
71859
71860
71861
71862
71863
71864
71865
71866
71867
71869
71870
71871
71872
71873
71874
71875
71876
71877
71878
71879
71881
71882
71883
71884
71886
71887
71888
71889
71890
71891
71892
71893
71894
71895
71896
71898
71899
71900
71903
71904
71905
71906
71907
71908
71909
71910
71911
71912
71913
71914
71915
71916
71917
71918
71919
71920
71921
73447
73449
73450
73451
73452
73453
73454
73455
73456
73457
73459
73461
73462
73463
73464
73465
73466
73467
73468
73469
73470
73471
73472
73473
73474
73475
73476
73477
73478
73479
73481
73483
73485
73486
73488
73490
73491
73492
73493
73495
73496
73497
73498
73499
73500
73501
73502
73503
73504
73505
73506
73507
73508
73509
73511
73512
73513
73514
73515
73516
73517
73518
73519
73520
73521
73522
73523
73524
73525
73526
73527
73528
73529
73530
73531
73532
73533
73534
73535
73536
73537
73538
73539
73540
73541
73543
73544
73545
73546
73548
73549
73550
73551
73552
73553
73554
73555
73556
73558
73559
73560
73561
73562
73563
73564
73565
73566
73567
73568
73569
73570
73571
73572
73574
73575
73576
74368
74370
74372
74373
74375
74376
74377
74378
74379
74382
74383
74385
74386
74389
74390
74391
74392
74393
74394
74396
74397
74398
74400
74401
74402
74403
74406
74408
74409
74410
74411
74413
74417
75201
75202
75203
75205
75207
75208
75209
75210
75211
75213
75215
75216
75217
75218
75220
75221
75224
75225
75227
75229
75230
75231
75232
75233
75234
75236
75237
75238
75239
75240
75241
75245
75246
75249
75251
75253
75256
75257
75258
75259
76164
76165
76166
76167
76168
76172
76173
76174
76175
76176
76177
76178
76179
76180
76181
76183
76184
76186
76187
76188
76189
76191
76196
76197
76199
76200
76201
76205
76206
76207
76208
76210
76211
76212
76213
76214
76215
76216
76218
76219
76220
76221
76222
76223
76224
76225
76227
76229
76230
76232
76233
76234
76235
76236
76237
76239
76240
76242
76244
76245
76246
76247
76248
76251
76252
76253
76254
76255
76256
76257
77093
77094
77095
77097
77099
77100
77101
77102
77103
77104
77105
77106
77108
77109
77110
77111
77113
77114
77115
77117
77118
77123
77125
77126
77127
77129
77131
77132
77134
77136
77137
77138
77140
77141
77143
77145
77146
77147
77148
77149
77150
77152
77153
77154
77155
77156
77158
77159
77161
77162
77163
77164
77168
77169
77170
77172
77173
77174
77175
77176
77177
77178
77181
77182
77183
77184
78555
78556
78557
78558
78559
78560
78561
78562
78563
78564
78565
78566
78567
78568
78569
78570
78572
78573
78574
78576
78577
78578
78579
78581
78582
78583
78584
78585
78586
78587
78588
78590
78591
78592
78593
78594
78595
78596
78597
78598
78599
78600
78601
78602
78603
78605
78606
78607
78608
78609
78610
78611
78612
78613
78615
78616
78617
78619
78620
78621
78622
78623
78624
78625
78626
78627
78628
78629
78630
78631
78632
78633
78634
78635
78636
78638
78639
78640
78641
78642
78643
78644
78645
78646
78647
78648
78649
78650
78651
78654
78655
78656
78657
78658
78659
78660
78661
78662
78663
78664
78665
78666
78667
78668
78669
78670
78671
78672
78673
78675
78676
78677
78678
78679
78680
78681
78682
80248
80249
80250
80251
80253
80255
80256
80257
80258
80259
80260
80262
80263
80264
80265
80266
80267
80268
80269
80270
80271
80272
80273
80275
80277
80279
80280
80281
80282
80283
80284
80285
80286
80287
80288
80289
80290
80291
80292
80294
80295
80296
80297
80298
80299
80300
80301
80302
80303
80304
80305
80306
80307
80308
80309
80310
80311
80312
80313
80314
80315
80316
80317
80318
80319
80320
80321
80322
80323
80324
80325
80326
80327
80328
80329
80330
80331
80332
80333
80334
80335
80336
80337
80338
80339
80340
80341
80342
80343
80344
80345
80346
80347
80348
80349
80350
80351
80353
80354
80355
80356
80357
80358
80359
80360
80361
80362
80363
80365
80366
80368
80369
80370
80372
80373
80374
80375
80376
80377
80378
80379
80380
80381
80382
80383
80384
80385
81653
81654
81655
81656
81657
81658
81659
81660
81661
81662
81663
81664
81665
81666
81667
81668
81669
81670
81672
81673
81674
81675
81676
81677
81679
81680
81681
81682
81684
81686
81687
81688
81689
81690
81691
81692
81693
81694
81695
81696
81697
81698
81700
81701
81702
81703
81704
81705
81706
81707
81708
81709
81710
81713
81714
81715
81716
81717
81718
81719
81720
81721
81722
81723
81724
81725
81726
81727
81728
81729
81730
81731
81732
81733
81734
81735
81736
81737
81739
81740
81741
81742
81743
81744
81745
81747
81748
81749
81750
81751
81752
81754
81755
81756
81757
81758
81759
81760
81762
81763
81764
81765
81767
81768
81771
81772
81773
81774
81775
81776
81777
83453
83454
83455
83456
83457
83458
83459
83460
83461
83462
83463
83464
83465
83466
83467
83468
83469
83470
83471
83472
83473
83474
83475
83476
83477
83478
83479
83480
83481
83482
83483
83484
83485
83486
83487
83488
83489
83490
83491
83492
83494
83495
83496
83497
83498
83499
83500
83501
83502
83503
83504
83505
83506
83507
83508
83509
83510
83511
83512
83513
83514
83515
83516
83517
83518
83519
83520
83521
83522
83523
83524
83525
83526
83527
83528
83529
83530
83531
83532
83534
83535
83536
83537
83538
83539
83540
83541
83542
83543
83544
83545
83546
83547
83548
83549
83550
83551
83552
83553
83554
83555
83556
83558
83559
83560
83562
83563
83565
83566
83567
83568
83570
83571
83572
83573
83574
83576
83577
83578
83579
83580
83581
83582
83583
83584
83586
83587
83588
83590
83591
83592
83593
83594
83595
83597
83598
83599
83600
83601
83602
83603
83604
83605
84956
84957
84959
84960
84962
84963
84964
84965
84966
84968
84969
84970
84971
84972
84973
84974
84976
84977
84978
84979
84980
84981
84982
84983
84984
84985
84988
84989
84990
84991
84992
84994
84995
84996
84997
84998
84999
85000
85001
85002
85003
85005
85006
85007
85008
85009
85010
85011
85012
85013
85014
85015
85016
85017
85018
85019
85021
85022
85023
85024
85025
85026
85027
85028
85029
85032
85033
85034
85035
85036
85037
85038
85039
85040
85041
85043
85044
85045
85046
85047
85050
85051
85053
85054
85056
85057
85058
85059
85060
85061
85062
85063
85064
85065
85066
85068
85069
85070
85071
85072
85073
85074
85075
85076
86416
86417
86419
86420
86421
86422
86423
86425
86426
86427
86429
86430
86431
86435
86436
86438
86439
86441
86442
86443
86444
86445
86446
86447
86448
86449
86450
86451
86452
86454
86455
86456
86457
86459
86460
86461
86462
86463
86465
86466
86467
86468
86469
86470
86471
86472
86473
86474
86476
86477
86479
86481
86483
86484
86485
86486
86487
86488
86489
86490
86491
86492
86493
86494
86495
86496
86497
86498
86499
86500
86501
86502
86503
86504
86505
86507
86508
86510
86511
86513
86515
86516
86517
86518
86519
86520
86521
86522
86523
86524
86525
86526
86527
86528
86529
86532
86533
87905
87906
87907
87908
87910
87911
87913
87916
87917
87918
87919
87920
87921
87922
87923
87925
87926
87927
87929
87932
87933
87935
87936
87937
87938
87940
87942
87944
87945
87946
87947
87948
87949
87950
87951
87953
87954
87955
87956
87957
87959
87960
87961
87962
87963
87964
87965
87966
87967
87969
87970
87971
87973
87974
87975
87976
87977
87978
87979
87981
87982
87983
87984
87985
87986
87987
87988
87989
87990
87993
87995
87996
87997
87999
88000
88001
88002
88003
88005
88007
88009
88011
88012
88014
88015
88017
88018
88019
88020
88021
88022
89437
89438
89439
89440
89441
89442
89443
89444
89445
89446
89447
89448
89449
89450
89451
89452
89453
89454
89455
89456
89457
89458
89460
89461
89462
89463
89464
89465
89466
89467
89468
89469
89470
89471
89472
89474
89477
89478
89479
89480
89481
89482
89483
89484
89486
89488
89489
89490
89491
89492
89493
89495
89496
89497
89498
89499
89500
89501
89502
89503
89504
89505
89506
89508
89509
89510
89511
89512
89513
89514
89515
89516
89518
89519
89520
89521
89522
89523
89524
89527
89528
89529
89530
89531
89533
89534
89535
89536
89538
89539
89540
89541
89542
89544
89545
89546
89547
89548
89549
89550
89552
89553
89554
89555
89556
89557
89558
89559
89560
89561
89562
89564
90771
90773
90774
90775
90776
90777
90778
90780
90781
90783
90784
90785
90786
90787
90788
90789
90791
90792
90793
90794
90795
90797
90798
90799
90800
90801
90802
90803
90804
90805
90806
90807
90808
90809
90810
90811
90812
90813
90814
90815
90816
90817
90818
90819
90820
90821
90822
90823
90824
90825
90826
90827
90828
90829
90830
90831
90833
90834
90835
90836
90837
90838
90839
90840
90841
90842
90843
90844
90845
90846
90847
90848
90849
90850
90853
90855
90856
90857
90858
90859
90860
90862
90863
90866
90867
90868
90869
90870
90871
90873
90874
90875
90876
92393
92394
92395
92396
92397
92398
92399
92400
92401
92402
92403
92404
92405
92406
92407
92408
92409
92410
92411
92412
92413
92414
92416
92417
92418
92419
92420
92421
92422
92424
92425
92427
92428
92429
92430
92432
92433
92434
92435
92437
92438
92439
92440
92441
92442
92443
92444
92445
92446
92447
92448
92449
92451
92452
92453
92454
92455
92456
92457
92458
92459
92461
92462
92463
92464
92465
92466
92467
92468
92469
92470
92471
92472
92473
92474
92475
92476
92477
92478
92479
92480
92481
92482
92483
92484
92485
92486
92487
92488
92489
92490
92491
92492
92493
92494
92495
92497
92498
92499
92500
92501
92502
92503
92504
92506
92507
92508
92509
92510
92511
92512
92514
92518
92519
92520
92521
92522
92523
92524
92525
92526
92527
92528
92529
92530
92532
92533
92534
94177
94178
94179
94180
94181
94183
94185
94186
94187
94188
94189
94190
94191
94192
94193
94194
94195
94196
94197
94198
94199
94200
94201
94202
94203
94204
94205
94206
94207
94208
94209
94211
94212
94213
94214
94215
94216
94217
94218
94219
94220
94221
94222
94223
94225
94226
94228
94229
94230
94231
94232
94233
94234
94235
94236
94237
94238
94239
94240
94241
94242
94243
94244
94245
94246
94247
94248
94249
94250
94251
94252
94253
94254
94255
94256
94257
94258
94259
94260
94261
94262
94263
94264
94265
94266
94267
94268
94269
94271
94272
94273
94274
94275
94277
94280
94281
94282
94283
94284
94285
94286
94287
94288
94289
94291
94292
94293
94295
94296
94298
94299
94300
94301
94302
94303
94304
94305
94306
94307
94308
94310
94311
94312
94313
94314
94315
94316
94317
94319
94320
94321
95758
95759
95760
95761
95763
95764
95765
95767
95768
95769
95770
95772
95773
95774
95776
95777
95778
95779
95780
95781
95782
95783
95784
95785
95786
95787
95788
95789
95790
95791
95792
95794
95795
95796
95797
95798
95799
95801
95802
95803
95804
95805
95807
95808
95811
95812
95813
95814
95815
95816
95817
95818
95819
95820
95821
95822
95823
95824
95825
95827
95828
95829
95830
95831
95832
95834
95835
95836
95837
95838
95839
95840
95841
95842
95843
95844
95845
95846
95847
95848
95849
95850
95851
95852
95853
95854
95855
95856
95857
95858
95859
95861
95862
95863
95864
95865
95866
95867
95868
95869
95870
95871
95872
95873
95874
95876
95877
95878
95880
95881
95883
95884
95886
95887
95888
95890
95892
95894
95895
95896
95897
95899
95901
95902
95903
96904
96905
96906
96908
96910
96912
96914
96916
96918
96919
96921
96922
96923
96925
96926
96927
96928
96929
96931
96933
96934
96935
96936
96937
96938
96939
96940
96941
96942
96943
96944
96945
96947
96948
96951
96952
96953
96954
96955
96956
96957
96959
96960
96961
96962
96963
96964
96965
96967
96969
96970
96971
96972
96973
96975
96976
96977
96981
96982
96983
96986
96989
96990
96992
96994
96995
96996
98317
98318
98319
98320
98322
98323
98325
98326
98328
98329
98330
98331
98332
98333
98334
98336
98337
98338
98339
98340
98342
98344
98345
98346
98347
98348
98349
98350
98351
98352
98353
98354
98356
98359
98361
98362
98363
98364
98365
98366
98367
98368
98369
98370
98371
98372
98374
98375
98377
98378
98379
98380
98381
98382
98383
98384
98385
98386
98387
98388
98389
98390
98391
98392
98393
98394
98395
98396
98397
98398
98399
98400
98401
98402
98404
98405
98406
98408
98409
98410
98411
98413
98414
98415
98418
98419
98420
98421
98423
98424
98426
98428
98429
98431
98432
98434
98436
98438
98439
98440
98441
98442
98443
98444
98445
98446
98447
98448
99662
99663
99664
99666
99668
99671
99673
99674
99675
99676
99677
99678
99680
99683
99684
99685
99686
99687
99688
99690
99693
99694
99695
99697
99698
99699
99700
99702
99703
99704
99705
99706
99707
99708
99709
99711
99713
99714
99716
99717
99718
99719
99720
99721
99722
99723
99724
99725
99726
99727
99728
99729
99730
99731
99732
99733
99734
99735
99736
99737
99738
99740
99741
99742
99743
99744
99745
99746
99747
99748
99749
99751
99752
99754
99755
99757
99758
99760
99761
99762
99763
99764
99765
99767
99768
99769
99771
99772
99773
99774
99777
101067
101070
101071
101072
101073
101075
101077
101078
101079
101080
101082
101083
101084
101086
101087
101088
101091
101092
101093
101094
101096
101097
101098
101099
101100
101101
101102
101103
101107
101108
101109
101110
101111
101113
101116
101117
101118
101120
101121
101123
101124
101125
101126
101128
101129
101130
101131
101132
101133
101134
101135
101136
101137
101138
101140
101141
101143
101144
101145
101146
101147
101148
101149
101150
101151
101152
101153
101154
101155
101157
101158
101159
101161
101162
101163
101164
101166
101168
101169
101170
101171
101172
101174
101175
101176
101177
101178
101179
101180
101181
101182
102713
102714
102715
102717
102718
102720
102722
102723
102724
102725
102726
102728
102729
102730
102731
102732
102733
102734
102735
102736
102738
102739
102740
102741
102742
102743
102744
102745
102746
102749
102750
102751
102752
102753
102755
102756
102757
102758
102759
102760
102761
102762
102764
102765
102766
102767
102768
102769
102770
102771
102772
102773
102774
102775
102776
102777
102778
102779
102780
102781
102783
102784
102785
102786
102788
102789
102790
102791
102793
102794
102795
102796
102797
102798
102799
102800
102801
102802
102803
102804
102805
102806
102807
102809
102810
102811
102812
102813
102814
102815
102816
102817
102818
102820
102821
102822
102823
102824
102825
102826
102827
102828
102829
102830
102831
102833
102834
102835
102836
102837
102838
102839
102840
102841
102842
102843
102844
102845
102846
102847
102848
102849
102850
102851
102852
102854
102856
102858
102859
102860
104431
104433
104434
104435
104437
104438
104439
104440
104442
104443
104444
104445
104446
104448
104449
104450
104451
104453
104455
104456
104457
104458
104459
104460
104462
104463
104464
104465
104466
104467
104468
104469
104470
104471
104472
104473
104474
104475
104476
104478
104479
104480
104481
104482
104483
104485
104486
104487
104488
104489
104490
104491
104492
104493
104494
104495
104496
104497
104498
104499
104500
104502
104503
104504
104505
104506
104507
104508
104509
104510
104511
104512
104513
104514
104515
104516
104517
104518
104519
104520
104521
104522
104523
104524
104526
104527
104529
104530
104531
104532
104534
104535
104536
104537
104539
104542
104543
104544
104545
104546
104547
104548
104549
104550
104551
104552
104553
104554
104555
104556
104557
104558
104560
104561
104562
104563
104564
104566
104567
104568
104569
104570
104571
104572
104573
104574
106257
106258
106259
106260
106261
106262
106263
106264
106267
106268
106269
106270
106271
106272
106273
106274
106275
106276
106277
106278
106280
106281
106282
106283
106284
106285
106286
106287
106288
106289
106290
106291
106292
106293
106294
106295
106297
106298
106299
106300
106301
106302
106303
106304
106305
106306
106307
106308
106310
106311
106312
106313
106314
106315
106316
106317
106318
106319
106320
106321
106322
106323
106324
106325
106326
106327
106328
106329
106330
106331
106332
106333
106334
106335
106336
106337
106338
106339
106340
106341
106342
106343
106344
106345
106346
106347
106348
106349
106350
106351
106352
106353
106354
106355
106356
106357
106358
106359
106360
106361
106362
106365
106366
106367
106368
106369
106370
106372
106373
106374
106376
106377
106378
106379
106380
106381
106382
106383
106384
106386
106387
106388
106390
106391
106392
106393
106394
106397
106398
106399
106400
106401
106402
106403
106404
106405
106406
106407
107953
107954
107955
107956
107958
107959
107960
107961
107962
107963
107964
107965
107967
107968
107969
107970
107971
107973
107974
107975
107976
107977
107978
107979
107980
107981
107983
107984
107985
107986
107987
107988
107989
107990
107992
107994
107995
107996
107997
107999
108000
108002
108003
108004
108006
108008
108009
108010
108011
108012
108013
108014
108015
108016
108017
108019
108020
108021
108022
108023
108024
108025
108026
108027
108028
108029
108030
108031
108032
108033
108034
108035
108036
108038
108039
108040
108041
108042
108043
108044
108045
108046
108047
108048
108050
108051
108052
108053
108054
108056
108057
108058
108059
108060
108061
108062
108063
108067
108068
108069
108070
108071
108072
108073
108074
108075
108076
108077
108078
108079
108080
108081
108082
108083
108084
108085
108087
108088
108089
108090
108091
108092
108093
108094
108095
108096
108097
108098
108099
108100
109494
109495
109498
109499
109500
109501
109502
109503
109504
109505
109506
109509
109510
109511
109512
109514
109515
109516
109518
109519
109520
109521
109522
109523
109524
109525
109526
109527
109528
109529
109530
109531
109532
109533
109534
109535
109536
109537
109538
109539
109540
109541
109543
109544
109545
109546
109547
109548
109549
109550
109551
109552
109553
109554
109555
109556
109557
109558
109559
109560
109561
109562
109563
109564
109565
109566
109567
109568
109569
109570
109572
109573
109574
109575
109576
109578
109579
109580
109581
109582
109583
109585
109586
109587
109588
109589
109590
109592
109594
109595
109596
109597
109598
109600
109601
109602
109603
109604
109605
109606
109607
109608
109609
109610
109611
109612
109613
109615
109616
109617
109619
109622
111208
111209
111210
111211
111212
111213
111214
111215
111217
111218
111219
111221
111222
111223
111224
111225
111226
111227
111228
111229
111230
111231
111232
111233
111234
111235
111236
111237
111238
111239
111240
111241
111242
111243
111245
111246
111247
111248
111249
111250
111251
111252
111253
111254
111255
111256
111258
111259
111260
111261
111262
111263
111264
111265
111266
111267
111268
111269
111270
111271
111272
111273
111275
111276
111277
111278
111279
111280
111281
111282
111283
111284
111285
111286
111287
111288
111289
111290
111292
111293
111294
111295
111296
111297
111298
111299
111300
111301
111302
111303
111304
111305
111306
111307
111308
111309
111310
111311
111312
111313
111314
111315
111316
111317
111318
111320
111321
111322
111323
111324
111325
111326
111327
111328
111329
111330
111331
111332
111333
111334
111335
111336
111337
111338
111340
111341
111342
111343
111344
111345
111347
111348
111349
111350
111351
111352
111353
111354
111355
111356
112779
112780
112781
112782
112783
112784
112785
112786
112787
112788
112789
112790
112791
112792
112794
112795
112796
112797
112798
112799
112800
112801
112802
112804
112805
112806
112807
112808
112809
112810
112812
112813
112814
112815
112816
112817
112818
112819
112820
112821
112822
112823
112824
112825
112826
112827
112828
112829
112830
112831
112832
112833
112834
112835
112836
112837
112838
112839
112840
112841
112842
112844
112845
112846
112847
112848
112849
112850
112851
112852
112853
112854
112855
112856
112857
112858
112860
112861
112862
112863
112864
112865
112866
112867
112868
112869
112870
112871
112872
112873
112874
112875
112876
112877
112880
112881
112882
112883
112884
112885
112886
112887
112888
112889
112890
112891
112893
112894
112895
112896
112899
112900
112901
112902
112903
112904
112905
112906
112907
112908
112909
112910
112911
112912
112913
114453
114454
114455
114456
114458
114460
114461
114462
114463
114465
114466
114467
114468
114469
114470
114471
114472
114474
114475
114477
114478
114479
114480
114481
114482
114483
114484
114485
114486
114487
114489
114490
114491
114492
114493
114494
114495
114496
114497
114498
114499
114500
114501
114502
114503
114504
114505
114506
114507
114508
114509
114510
114511
114512
114513
114514
114515
114516
114517
114518
114519
114520
114521
114524
114525
114526
114527
114528
114529
114531
114532
114533
114534
114535
114536
114537
114538
114539
114540
114541
114542
114543
114545
114546
114547
114548
114549
114550
114551
114552
114553
114554
114555
114556
114557
114558
114559
114561
114562
114564
114565
114567
114568
114569
114571
114573
114574
114575
114576
114578
114580
114581
114583
114584
114585
114587
114588
114589
114590
114591
114592
114593
114594
114595
114596
114597
114598
114599
114600
114601
115967
115968
115969
115970
115971
115972
115973
115974
115976
115977
115978
115979
115980
115981
115982
115983
115984
115985
115986
115987
115988
115990
115991
115992
115993
115994
115995
115996
115998
115999
116000
116001
116003
116004
116005
116006
116007
116008
116009
116010
116011
116013
116014
116015
116016
116017
116018
116019
116020
116021
116022
116023
116024
116025
116026
116027
116028
116029
116030
116031
116032
116033
116034
116035
116036
116037
116038
116040
116041
116042
116043
116044
116045
116046
116047
116048
116049
116050
116051
116052
116053
116055
116056
116057
116058
116059
116060
116061
116062
116063
116065
116066
116068
116069
116070
116071
116072
116074
116075
116077
116078
116079
116080
116081
116082
116083
116084
116085
116088
116089
116090
116091
116092
117598
117599
117600
117601
117602
117603
117604
117605
117607
117608
117610
117611
117612
117613
117614
117616
117617
117618
117619
117620
117621
117623
117624
117625
117626
117627
117628
117629
117630
117631
117632
117633
117634
117635
117636
117637
117638
117639
117640
117641
117642
117643
117644
117645
117646
117647
117648
117649
117650
117651
117652
117653
117654
117655
117656
117657
117658
117660
117661
117662
117663
117664
117665
117666
117667
117668
117669
117671
117672
117673
117674
117675
117676
117677
117679
117680
117681
117682
117683
117684
117685
117686
117687
117688
117689
117690
117691
117692
117693
117694
117695
117696
117697
117698
117699
117700
117701
117702
117703
117704
117705
117706
117707
117708
117709
117710
117711
117712
117713
117714
117716
117717
117718
117719
117720
117721
117722
117724
117725
117726
117727
117728
117729
117730
117731
117732
117733
117734
119327
119328
119329
119330
119331
119332
119333
119334
119335
119337
119338
119339
119340
119341
119342
119343
119344
119345
119346
119347
119348
119349
119350
119351
119352
119354
119355
119356
119357
119358
119359
119360
119361
119362
119363
119364
119365
119366
119367
119368
119369
119370
119371
119372
119373
119374
119375
119376
119377
119378
119380
119381
119382
119383
119384
119385
119386
119387
119388
119389
119390
119391
119392
119393
119394
119395
119396
119397
119398
119399
119400
119401
119402
119403
119405
119407
119408
119410
119411
119412
119413
119414
119415
119416
119417
119418
119419
119420
119421
119422
119423
119424
119425
119426
119428
119429
119430
119431
119432
119433
119435
119436
119437
119439
119440
119442
119443
119444
119445
119446
119447
119448
119449
119451
119452
119453
119454
119455
119456
119457
119460
119461
119462
119464
119465
119466
119467
119468
119469
119470
119471
120999
121000
121001
121002
121003
121004
121005
121006
121008
121009
121010
121011
121012
121013
121014
121017
121019
121020
121021
121022
121025
121026
121027
121029
121030
121031
121032
121033
121034
121035
121036
121037
121039
121040
121041
121042
121043
121044
121045
121046
121047
121048
121049
121050
121051
121052
121053
121054
121055
121056
121057
121058
121059
121060
121061
121062
121063
121064
121066
121067
121068
121069
121071
121072
121073
121075
121076
121077
121078
121079
121080
121081
121082
121084
121085
121086
121087
121088
121089
121090
121091
121092
121093
121094
121095
121096
121098
121099
121100
121101
121102
121106
121107
121108
121109
121111
121112
121113
121114
121115
121116
121117
121119
121121
121122
121124
121125
121127
121128
121129
121130
121131
121132
121133
121135
121136
121137
