425
426
427
428
430
431
432
433
436
437
438
440
441
443
444
445
446
447
449
451
452
453
454
456
457
458
459
460
461
462
463
464
465
467
468
470
471
472
473
474
475
476
477
478
480
481
482
483
484
485
486
487
488
489
490
491
492
493
494
495
496
497
499
500
501
502
503
504
505
506
507
508
509
511
512
513
514
515
516
517
518
519
520
521
522
523
524
525
526
527
528
529
530
531
532
533
534
535
536
537
538
539
540
541
542
543
544
546
547
548
549
550
551
552
554
555
556
557
558
561
563
565
566
567
569
570
571
572
573
574
575
576
577
578
579
580
581
583
585
587
589
592
2279
2280
2281
2282
2283
2284
2285
2286
2287
2288
2289
2291
2292
2295
2297
2299
2300
2301
2302
2305
2306
2307
2308
2309
2310
2311
2312
2313
2314
2315
2316
2317
2318
2319
2320
2321
2322
2323
2324
2325
2326
2327
2328
2329
2330
2331
2332
2333
2334
2335
2336
2337
2338
2339
2340
2341
2342
2343
2344
2345
2346
2347
2348
2350
2351
2352
2353
2354
2355
2356
2357
2358
2359
2360
2361
2362
2364
2365
2366
2367
2368
2369
2370
2371
2372
2373
2374
2375
2376
2377
2378
2379
2380
2381
2382
2383
2384
2385
2386
2387
2388
2389
2390
2391
2392
2393
2394
2395
2396
2397
2398
2399
2401
2402
2403
2404
2405
2406
2407
2411
2413
2414
2415
2416
2419
2420
2421
2422
2425
2426
2427
2428
2429
2430
2432
2433
2434
2435
2436
2438
2439
2440
2441
2442
2443
2444
2446
2448
2449
2450
2451
2452
2453
2454
2455
2456
4273
4274
4275
4276
4277
4278
4279
4280
4281
4282
4283
4284
4285
4286
4287
4289
4290
4291
4292
4293
4294
4295
4296
4298
4299
4300
4301
4302
4303
4305
4306
4307
4308
4309
4310
4311
4312
4313
4314
4315
4316
4317
4318
4319
4320
4321
4322
4323
4324
4325
4326
4327
4328
4329
4330
4331
4332
4333
4334
4336
4337
4338
4339
4340
4341
4342
4343
4344
4345
4346
4347
4348
4349
4350
4352
4353
4354
4355
4356
4357
4358
4359
4360
4361
4362
4363
4364
4365
4366
4367
4368
4369
4370
4371
4372
4373
4374
4375
4376
4377
4378
4379
4380
4381
4382
4383
4384
4385
4386
4387
4388
4389
4390
4391
4392
4393
4394
4395
4396
4397
4398
4400
4401
4402
4403
4404
4405
4406
4408
4409
4410
4412
4413
4414
4415
4416
4417
4418
4421
4422
4423
4424
4425
4426
4427
4428
4429
4430
4431
4432
4433
4435
4436
4438
4439
4440
4441
4442
4443
4444
4445
4446
4447
4448
4449
4450
4451
4452
4453
6210
6212
6213
6214
6215
6216
6217
6218
6219
6220
6221
6223
6226
6227
6230
6231
6232
6233
6234
6235
6238
6239
6240
6242
6243
6244
6246
6247
6248
6249
6250
6251
6252
6253
6254
6255
6257
6258
6259
6261
6262
6263
6264
6265
6266
6268
6269
6270
6271
6272
6273
6274
6275
6276
6277
6278
6279
6280
6281
6282
6284
6285
6286
6287
6288
6289
6290
6291
6293
6294
6295
6296
6297
6299
6300
6301
6302
6304
6305
6306
6307
6308
6309
6310
6311
6312
6313
6314
6316
6317
6318
6319
6320
6321
6322
6324
6325
6326
6327
6328
6329
6330
6331
6332
6333
6334
6335
6336
6339
6340
6341
6343
6346
6347
6348
6349
6350
6351
6353
6358
6359
6360
6361
6362
6363
6364
6365
6366
6367
6369
6370
6371
6372
6373
6374
6375
6376
6377
6380
6384
8012
8014
8015
8016
8017
8018
8019
8020
8021
8022
8023
8024
8026
8027
8028
8029
8030
8031
8032
8033
8034
8035
8036
8037
8038
8041
8042
8043
8044
8045
8047
8048
8049
8050
8051
8052
8053
8054
8055
8056
8057
8058
8059
8062
8063
8064
8065
8066
8067
8069
8070
8071
8072
8073
8074
8075
8076
8077
8078
8079
8081
8082
8083
8084
8085
8086
8087
8088
8089
8091
8092
8093
8094
8095
8096
8097
8098
8099
8100
8101
8102
8103
8104
8105
8106
8107
8109
8110
8111
8112
8113
8114
8115
8117
8118
8119
8120
8121
8122
8123
8124
8125
8127
8129
8130
8132
8134
8136
8138
8139
8140
8141
8143
8145
8146
8147
8148
8149
8150
8151
8152
8154
8155
8158
8159
8160
8161
8164
8166
8169
8170
8171
9684
9685
9686
9687
9688
9689
9690
9691
9692
9693
9694
9695
9696
9698
9699
9700
9701
9702
9704
9705
9706
9707
9709
9710
9711
9713
9714
9715
9716
9717
9718
9719
9720
9724
9725
9726
9727
9728
9729
9731
9733
9734
9735
9737
9738
9739
9740
9741
9742
9743
9746
9747
9748
9749
9750
9751
9752
9753
9754
9755
9756
9757
9758
9759
9760
9761
9762
9763
9765
9766
9767
9769
9770
9771
9772
9773
9774
9776
9777
9778
9779
9780
9781
9782
9783
9784
9785
9786
9788
9789
9790
9791
9794
9795
9796
9797
9798
9802
9803
9805
9806
9807
9809
9810
9811
9812
9813
9814
9815
9818
9819
9823
9824
9825
9827
9828
9831
9833
9834
11340
11341
11342
11344
11348
11351
11354
11355
11357
11359
11360
11361
11362
11363
11364
11365
11366
11367
11369
11370
11371
11373
11374
11375
11376
11378
11380
11381
11382
11384
11385
11386
11387
11388
11389
11390
11391
11392
11394
11397
11398
11399
11400
11401
11402
11403
11404
11405
11406
11407
11408
11409
11410
11411
11412
11413
11414
11415
11416
11417
11418
11419
11421
11422
11423
11424
11425
11427
11428
11429
11430
11431
11432
11433
11434
11435
11436
11437
11438
11439
11440
11441
11442
11443
11444
11445
11446
11447
11448
11449
11450
11451
11452
11453
11455
11456
11457
11459
11460
11463
11470
11471
11473
11474
11476
11477
11478
11479
11480
11481
11482
11483
11484
11485
11486
11488
11489
11491
11493
11494
11495
11496
11497
11498
11500
11501
11503
12954
12955
12956
12957
12958
12960
12961
12962
12963
12966
12967
12968
12975
12976
12978
12979
12980
12981
12982
12983
12984
12985
12986
12987
12988
12989
12990
12991
12992
12993
12994
12997
12999
13000
13001
13002
13003
13004
13005
13006
13007
13011
13013
13014
13015
13016
13017
13019
13020
13021
13023
13024
13026
13028
13029
13031
13032
13033
13034
13035
13036
13038
13039
13040
13041
13043
13044
13045
13046
13048
13049
13050
13051
13052
13053
13056
13057
13059
13061
13062
13064
13066
13067
13068
13070
13071
13072
13075
13076
13079
13081
13082
13085
13086
13087
14513
14514
14515
14516
14517
14518
14519
14520
14521
14522
14523
14524
14525
14526
14527
14528
14529
14530
14532
14533
14535
14536
14537
14539
14540
14541
14542
14544
14545
14546
14547
14548
14549
14550
14551
14552
14553
14554
14555
14556
14557
14558
14559
14560
14561
14562
14563
14564
14565
14566
14567
14569
14570
14571
14572
14573
14574
14575
14576
14577
14578
14579
14580
14581
14582
14583
14584
14585
14587
14588
14589
14590
14591
14592
14593
14594
14595
14597
14598
14599
14600
14601
14602
14603
14604
14605
14606
14607
14608
14609
14610
14611
14612
14613
14614
14615
14616
14617
14618
14619
14620
14621
14622
14623
14624
14625
14626
14628
14629
14630
14631
14632
14633
14634
14635
14636
14639
14642
14644
14645
14646
14648
14649
14651
14652
14654
14655
14656
14659
14660
14661
14662
14665
14668
14669
14670
14671
14672
14674
14675
14677
14678
14679
14681
14682
16363
16364
16365
16366
16367
16368
16369
16371
16372
16373
16375
16376
16377
16378
16379
16380
16381
16382
16384
16385
16387
16388
16389
16390
16391
16392
16393
16395
16396
16397
16398
16399
16401
16402
16403
16404
16405
16406
16407
16408
16409
16410
16411
16412
16413
16414
16415
16416
16417
16418
16419
16420
16421
16422
16423
16424
16425
16426
16427
16428
16429
16430
16431
16432
16433
16434
16435
16437
16438
16439
16440
16441
16442
16443
16444
16445
16446
16447
16448
16449
16450
16451
16452
16453
16454
16455
16456
16457
16458
16459
16460
16461
16462
16463
16464
16466
16467
16468
16469
16470
16471
16472
16473
16474
16475
16476
16477
16478
16479
16480
16481
16483
16485
16491
16493
16494
16495
16497
16498
16499
16500
16501
16503
16504
16506
16507
16508
16509
16510
16512
16513
16514
16515
16516
16517
16520
16521
16525
16526
16527
16528
16529
18166
18167
18168
18170
18171
18172
18174
18175
18176
18177
18178
18179
18180
18181
18182
18183
18184
18185
18186
18187
18188
18189
18190
18191
18192
18193
18194
18196
18197
18198
18199
18200
18201
18202
18203
18204
18205
18206
18207
18208
18209
18210
18211
18212
18213
18214
18215
18216
18217
18218
18220
18221
18222
18223
18225
18226
18227
18228
18229
18230
18231
18232
18233
18234
18235
18236
18237
18238
18239
18241
18242
18243
18244
18245
18246
18247
18248
18249
18250
18251
18252
18253
18254
18256
18257
18258
18259
18260
18261
18262
18263
18264
18265
18266
18267
18268
18269
18270
18271
18272
18273
18274
18275
18276
18277
18278
18279
18281
18282
18283
18284
18285
18286
18288
18289
18291
18292
18293
18294
18296
18297
18298
18299
18300
18301
18304
18305
18306
18309
18310
18313
18314
18315
18317
18318
18319
18320
18321
18322
18323
18324
18325
18326
18327
18328
18329
18330
18334
18335
18336
19961
19962
19963
19964
19965
19966
19967
19968
19971
19972
19973
19975
19976
19977
19979
19980
19981
19982
19984
19985
19986
19987
19988
19989
19990
19993
19994
19995
19996
19997
19998
20000
20001
20002
20003
20004
20005
20007
20008
20011
20014
20015
20017
20018
20019
20020
20021
20022
20023
20024
20025
20026
20027
20028
20029
20030
20031
20032
20033
20034
20035
20036
20037
20038
20039
20040
20041
20042
20043
20044
20045
20046
20047
20048
20049
20050
20051
20052
20053
20054
20055
20056
20057
20058
20059
20060
20061
20062
20063
20064
20065
20066
20067
20068
20069
20072
20073
20074
20075
20076
20077
20078
20083
20084
20085
20087
20089
20090
20091
20093
20094
20098
20099
20100
20101
20104
20105
20106
20109
20111
20112
20114
21673
21674
21675
21677
21678
21679
21681
21682
21683
21684
21685
21686
21687
21689
21690
21691
21692
21693
21694
21695
21696
21697
21698
21699
21700
21701
21702
21703
21705
21706
21707
21708
21709
21710
21711
21712
21713
21714
21716
21717
21718
21720
21721
21722
21723
21724
21725
21726
21727
21728
21729
21730
21731
21732
21733
21734
21735
21736
21737
21739
21740
21741
21742
21744
21745
21747
21748
21749
21750
21751
21753
21754
21755
21756
21757
21758
21759
21760
21761
21762
21763
21765
21766
21767
21768
21769
21770
21771
21772
21773
21774
21775
21776
21777
21778
21779
21780
21781
21782
21783
21784
21785
21786
21787
21790
21791
21792
21793
21794
21795
21797
21799
21800
21801
21803
21804
21806
21807
21810
21811
21812
21814
21815
21816
21817
21818
21819
21821
21822
21826
21827
21828
21830
21831
21832
23433
23434
23435
23436
23437
23438
23439
23440
23441
23442
23443
23444
23445
23446
23447
23448
23449
23450
23451
23452
23453
23454
23455
23456
23457
23458
23459
23460
23462
23463
23464
23466
23467
23468
23469
23470
23471
23472
23473
23474
23475
23476
23478
23479
23481
23482
23483
23484
23485
23486
23487
23489
23490
23491
23492
23493
23494
23495
23496
23497
23498
23499
23500
23501
23502
23503
23504
23505
23506
23508
23509
23510
23512
23513
23514
23515
23516
23517
23518
23519
23520
23521
23522
23523
23524
23525
23526
23527
23528
23529
23530
23531
23532
23533
23534
23535
23536
23537
23538
23539
23540
23541
23542
23543
23544
23545
23546
23547
23549
23550
23551
23552
23553
23554
23555
23558
23559
23560
23561
23564
23566
23567
23568
23569
23570
23571
23572
23574
23576
23577
23578
23579
23580
23581
23582
23583
23584
23585
23587
23588
23589
23590
23592
23593
23595
23596
23597
23598
23599
23600
23601
23603
25344
25345
25346
25347
25348
25349
25350
25351
25352
25353
25355
25356
25357
25358
25359
25360
25361
25362
25363
25364
25365
25369
25370
25371
25373
25374
25375
25376
25377
25378
25379
25380
25381
25382
25383
25384
25385
25386
25387
25388
25389
25390
25391
25392
25393
25394
25395
25396
25397
25399
25400
25401
25403
25404
25405
25406
25407
25408
25409
25410
25411
25412
25413
25414
25415
25416
25417
25418
25420
25421
25422
25424
25425
25426
25427
25428
25429
25430
25431
25432
25433
25434
25436
25437
25438
25439
25440
25441
25442
25443
25444
25445
25447
25448
25449
25450
25451
25452
25453
25454
25455
25456
25457
25458
25459
25460
25461
25462
25463
25464
25465
25466
25467
25469
25470
25471
25472
25473
25475
25476
25477
25479
25480
25481
25483
25484
25485
25486
25489
25490
25491
25492
25493
25494
25495
25496
25497
25498
25499
25500
25501
25502
25503
25504
25505
25506
25507
25508
25510
25511
25512
25514
25515
25516
25518
25520
25521
25522
27304
27305
27306
27307
27308
27309
27310
27311
27312
27313
27314
27315
27316
27317
27320
27321
27322
27323
27324
27325
27326
27327
27329
27331
27332
27333
27334
27335
27336
27337
27338
27339
27340
27341
27342
27343
27346
27348
27349
27350
27351
27353
27355
27356
27357
27358
27359
27360
27361
27362
27363
27364
27365
27366
27367
27368
27369
27370
27371
27372
27373
27374
27375
27376
27377
27379
27380
27381
27382
27383
27384
27385
27386
27387
27388
27389
27390
27391
27393
27394
27395
27396
27398
27399
27400
27402
27403
27404
27405
27407
27408
27409
27410
27411
27412
27413
27414
27415
27416
27417
27418
27419
27420
27421
27422
27423
27424
27425
27426
27427
27428
27429
27430
27431
27432
27433
27434
27435
27436
27438
27440
27441
27443
27444
27445
27446
27449
27450
27451
27452
27454
27457
27458
27461
27462
27463
27465
27466
27467
27470
27471
27472
27473
29144
29146
29148
29149
29150
29151
29152
29154
29155
29156
29157
29158
29160
29161
29162
29163
29165
29166
29167
29170
29171
29172
29173
29174
29176
29177
29178
29179
29180
29181
29182
29183
29184
29185
29186
29187
29188
29189
29190
29191
29192
29193
29194
29195
29197
29198
29199
29200
29202
29203
29204
29206
29207
29213
29214
29215
29216
29217
29218
29219
29220
29221
29222
29223
29224
29225
29227
29228
29229
29231
29232
29233
29234
29235
29236
29237
29238
29240
29241
29242
29243
29244
29245
29247
29248
29249
29250
29251
29252
29253
29254
29255
29257
29258
29259
29260
29261
29265
29266
29267
29270
29272
29273
29276
29277
29280
29281
29285
29286
29287
29288
29291
29292
29294
29295
29296
29297
29298
29299
30901
30902
30903
30905
30906
30907
30908
30909
30910
30913
30914
30915
30916
30917
30918
30919
30920
30922
30923
30924
30925
30926
30927
30928
30929
30930
30931
30932
30933
30934
30935
30936
30937
30938
30939
30940
30941
30943
30944
30945
30946
30947
30948
30949
30950
30953
30954
30955
30956
30958
30959
30960
30961
30962
30963
30964
30965
30967
30968
30969
30970
30971
30972
30973
30974
30975
30976
30977
30978
30979
30980
30981
30982
30983
30985
30986
30987
30989
30990
30991
30992
30993
30994
30995
30996
30997
30998
30999
31000
31001
31002
31003
31004
31005
31006
31007
31008
31009
31010
31011
31012
31013
31014
31015
31016
31017
31018
31019
31020
31021
31022
31023
31026
31027
31028
31029
31030
31031
31033
31034
31035
31037
31038
31039
31040
31042
31043
31044
31045
31046
31047
31048
31049
31050
31052
31054
31055
31056
31058
31059
31060
31061
31063
31064
31065
32822
32824
32825
32827
32828
32829
32830
32831
32832
32833
32834
32835
32836
32837
32838
32839
32841
32842
32843
32844
32845
32846
32847
32849
32850
32851
32853
32854
32855
32856
32857
32858
32859
32861
32862
32863
32864
32865
32868
32869
32870
32871
32872
32873
32874
32875
32877
32878
32879
32880
32883
32884
32885
32886
32887
32888
32889
32890
32891
32892
32893
32895
32896
32897
32898
32899
32900
32901
32902
32903
32904
32905
32906
32907
32908
32909
32910
32911
32912
32913
32914
32915
32916
32917
32918
32919
32920
32921
32922
32923
32924
32925
32926
32927
32928
32929
32930
32931
32932
32933
32934
32935
32936
32937
32938
32939
32940
32941
32942
32943
32944
32945
32946
32947
32948
32949
32950
32951
32952
32953
32954
32955
32956
32957
32960
32961
32962
32963
32964
32966
32967
32968
32971
32972
32973
32974
32975
32978
32979
32980
32981
32982
32983
32984
32986
32987
32988
32989
32990
32991
32992
32993
32995
32998
32999
33000
34756
34757
34759
34760
34761
34762
34764
34765
34766
34767
34768
34769
34770
34771
34772
34774
34775
34776
34777
34778
34779
34780
34781
34782
34783
34785
34786
34787
34788
34789
34790
34791
34792
34793
34794
34795
34796
34797
34798
34799
34801
34802
34804
34805
34806
34807
34808
34809
34810
34812
34813
34814
34817
34818
34819
34820
34821
34822
34823
34824
34825
34826
34827
34828
34829
34830
34831
34833
34834
34835
34836
34837
34838
34839
34840
34841
34842
34843
34844
34845
34846
34847
34848
34849
34850
34851
34852
34853
34854
34855
34856
34857
34858
34859
34860
34861
34862
34863
34864
34865
34866
34867
34868
34869
34870
34871
34872
34873
34874
34875
34876
34877
34879
34880
34881
34882
34884
34885
34886
34887
34890
34891
34892
34893
34894
34895
34896
34897
34898
34899
34901
34904
34905
34906
34907
34908
34909
34910
34913
34914
34915
34916
34917
34918
34919
34921
34922
34923
34924
34926
34927
34928
36653
36654
36655
36656
36658
36659
36660
36662
36663
36668
36669
36672
36673
36674
36675
36676
36677
36678
36681
36682
36683
36684
36685
36686
36687
36688
36690
36691
36692
36693
36694
36697
36698
36699
36700
36701
36703
36705
36706
36707
36708
36709
36710
36711
36712
36713
36714
36715
36716
36717
36718
36719
36720
36722
36723
36724
36725
36726
36727
36728
36729
36730
36731
36732
36733
36734
36735
36736
36737
36738
36739
36740
36741
36742
36743
36744
36745
36746
36747
36748
36749
36750
36751
36752
36754
36755
36756
36757
36758
36759
36760
36761
36763
36764
36766
36767
36768
36769
36770
36771
36772
36773
36774
36775
36777
36778
36780
36781
36782
36783
36784
36785
36786
36789
36792
36793
36794
36796
36797
36798
36799
36800
36801
36802
36804
36805
36806
36807
36808
36809
36810
36811
36812
36813
36814
38431
38432
38433
38434
38435
38436
38437
38438
38439
38440
38441
38442
38443
38445
38446
38447
38448
38449
38450
38451
38452
38453
38455
38456
38457
38458
38460
38461
38462
38463
38464
38465
38466
38467
38468
38469
38470
38471
38472
38473
38475
38476
38477
38478
38480
38481
38482
38483
38485
38486
38487
38490
38491
38492
38493
38494
38495
38496
38497
38498
38499
38500
38501
38502
38503
38504
38505
38506
38507
38508
38509
38510
38511
38512
38513
38514
38516
38517
38518
38519
38520
38521
38522
38523
38524
38525
38526
38527
38528
38529
38530
38531
38532
38533
38534
38535
38536
38537
38538
38539
38540
38541
38542
38543
38544
38545
38546
38547
38548
38549
38550
38551
38552
38553
38554
38555
38557
38558
38561
38564
38565
38566
38567
38568
38571
38573
38574
38575
38576
38577
38578
38579
38580
38582
38583
38584
38585
38586
38587
38588
38589
38590
38593
38596
38597
38598
38600
38601
38602
38603
38604
38605
40290
40291
40292
40293
40294
40295
40296
40297
40298
40299
40301
40302
40303
40304
40306
40307
40308
40309
40311
40312
40313
40314
40315
40316
40317
40318
40319
40320
40321
40322
40323
40324
40326
40327
40329
40331
40332
40335
40336
40337
40338
40339
40340
40341
40343
40344
40345
40346
40347
40348
40349
40350
40351
40352
40353
40354
40355
40356
40357
40358
40359
40360
40361
40362
40363
40364
40366
40367
40368
40369
40370
40371
40372
40373
40375
40376
40377
40379
40380
40381
40382
40383
40384
40385
40386
40387
40388
40389
40390
40391
40392
40393
40394
40395
40397
40398
40399
40400
40402
40403
40404
40405
40406
40407
40408
40409
40411
40412
40413
40414
40416
40418
40419
40420
40421
40425
40426
40427
40428
40429
40431
40432
40434
40435
40436
40437
40439
40440
40441
40442
40443
40444
40445
40446
40447
40448
40450
40451
40452
40455
40456
40457
42066
42067
42068
42069
42070
42071
42072
42073
42074
42075
42076
42077
42079
42081
42082
42083
42085
42087
42089
42093
42094
42095
42096
42098
42099
42101
42102
42103
42105
42107
42108
42109
42110
42111
42112
42114
42115
42117
42118
42120
42121
42122
42123
42124
42126
42128
42129
42130
42131
42132
42134
42135
42136
42137
42138
42139
42140
42141
42142
42143
42144
42145
42147
42148
42149
42150
42151
42152
42153
42154
42155
42156
42157
42159
42160
42163
42164
42165
42166
42167
42168
42169
42170
42171
42172
42173
42174
42176
42177
42180
42181
42183
42184
42187
42188
42189
42190
42192
42193
42194
42196
42197
42199
42200
42202
42203
42204
42206
42207
42208
42210
42212
42213
42215
42216
42217
42218
42221
42223
42224
43793
43794
43795
43796
43797
43798
43799
43800
43801
43802
43803
43804
43805
43806
43807
43808
43809
43810
43811
43812
43813
43814
43815
43816
43817
43818
43819
43820
43821
43822
43823
43824
43825
43826
43827
43828
43829
43830
43831
43832
43833
43834
43835
43836
43837
43838
43839
43840
43841
43842
43843
43844
43845
43846
43847
43848
43849
43850
43851
43852
43853
43854
43855
43856
43857
43858
43859
43860
43861
43862
43863
43864
43865
43866
43867
43868
43869
43870
43871
43872
43873
43874
43875
43876
43877
43878
43879
43880
43881
43882
43883
43884
43886
43887
43888
43889
43890
43891
43892
43893
43894
43895
43896
43897
43898
43899
43900
43901
43902
43903
43904
43905
43906
43907
43908
43909
43910
43911
43912
43913
43914
43915
43917
43919
43920
43922
43923
43924
43925
43926
43927
43928
43929
43931
43932
43933
43934
43937
43938
43939
43941
43942
43943
43944
43945
43946
43948
43949
43950
43951
43952
43955
43956
43957
43958
43959
43960
43961
43962
43963
43964
43965
43966
43967
43968
43969
43970
43971
45834
45835
45836
45837
45839
45840
45841
45842
45843
45844
45845
45846
45847
45848
45849
45851
45852
45854
45855
45856
45857
45858
45859
45861
45862
45863
45864
45866
45867
45868
45870
45871
45872
45873
45874
45875
45876
45877
45878
45879
45881
45882
45883
45884
45885
45886
45887
45888
45890
45892
45893
45894
45895
45897
45898
45899
45901
45902
45903
45904
45905
45906
45907
45908
45909
45910
45911
45912
45913
45914
45915
45916
45917
45918
45919
45920
45921
45922
45923
45924
45925
45926
45927
45928
45929
45930
45931
45932
45933
45934
45935
45936
45937
45938
45939
45940
45941
45942
45943
45944
45945
45946
45947
45948
45949
45950
45951
45952
45953
45954
45955
45957
45958
45959
45961
45962
45963
45964
45966
45967
45968
45969
45971
45972
45973
45974
45975
45976
45977
45978
45979
45980
45981
45982
45983
45984
45985
45986
45987
45988
45990
45991
45993
45994
45995
45996
45997
45998
45999
46002
46003
46004
46006
46007
46008
46009
46010
46011
46012
46013
47849
47850
47851
47853
47854
47855
47856
47857
47858
47859
47860
47861
47862
47863
47864
47865
47866
47867
47868
47869
47870
47871
47874
47875
47876
47877
47879
47880
47881
47882
47883
47884
47885
47886
47887
47888
47889
47890
47891
47892
47893
47894
47895
47896
47897
47898
47899
47900
47901
47902
47903
47904
47905
47906
47907
47908
47909
47910
47911
47912
47913
47914
47915
47916
47917
47918
47919
47920
47921
47922
47923
47925
47926
47927
47928
47929
47930
47931
47932
47933
47934
47935
47936
47937
47938
47939
47940
47941
47942
47943
47944
47945
47946
47947
47948
47949
47950
47951
47952
47953
47954
47955
47956
47957
47958
47959
47960
47961
47962
47963
47964
47965
47966
47967
47968
47969
47970
47971
47972
47973
47974
47975
47977
47979
47981
47982
47983
47984
47985
47986
47987
47988
47989
47990
47991
47992
47993
47994
47996
47997
47998
47999
48000
48001
48002
48003
48004
48005
48006
48007
48008
48009
48010
48011
48012
48013
48014
48015
48016
48017
48018
48019
48020
48021
48022
48023
48025
48026
48027
48028
48029
49914
49915
49916
49917
49918
49919
49920
49921
49922
49923
49924
49925
49926
49927
49928
49929
49930
49931
49933
49934
49935
49936
49937
49938
49939
49940
49941
49942
49943
49944
49945
49946
49947
49948
49949
49950
49951
49952
49953
49954
49955
49956
49957
49958
49959
49960
49962
49963
49964
49965
49966
49967
49968
49969
49970
49971
49972
49973
49974
49975
49976
49977
49978
49979
49980
49981
49982
49983
49984
49985
49986
49987
49988
49989
49990
49991
49992
49993
49994
49995
49996
49997
49998
49999
50000
50001
50002
50003
50004
50005
50006
50007
50008
50009
50010
50011
50012
50013
50014
50015
50016
50017
50018
50019
50020
50021
50022
50023
50024
50025
50026
50027
50028
50029
50030
50031
50032
50033
50034
50035
50037
50038
50039
50040
50041
50042
50043
50044
50045
50047
50048
50049
50050
50051
50052
50053
50054
50055
50056
50057
50058
50059
50061
50062
50063
50064
50066
50067
50068
50069
50070
50071
50072
50073
50074
50076
50077
50078
50079
50080
50081
50082
50083
50084
50085
50086
50087
50088
50089
50090
50091
50092
50093
51931
51932
51933
51934
51935
51936
51937
51939
51940
51941
51942
51943
51944
51947
51948
51949
51950
51951
51952
51953
51954
51955
51956
51957
51958
51959
51961
51962
51963
51964
51965
51966
51967
51968
51969
51970
51971
51972
51973
51974
51975
51976
51977
51978
51979
51980
51981
51982
51983
51984
51986
51987
51989
51990
51991
51992
51993
51994
51995
51996
51997
51998
51999
52000
52001
52002
52003
52004
52005
52006
52007
52008
52009
52010
52011
52012
52013
52014
52015
52016
52017
52018
52019
52020
52021
52022
52023
52024
52025
52026
52027
52028
52029
52030
52031
52033
52034
52035
52036
52037
52038
52039
52040
52041
52042
52043
52044
52045
52046
52047
52048
52049
52050
52051
52054
52055
52057
52058
52059
52061
52063
52064
52065
52066
52067
52068
52069
52070
52071
52072
52073
52078
52079
52080
52081
52082
52083
52084
52085
52086
52087
52088
52089
52090
52091
52092
52093
52094
52095
52096
52098
52099
52101
52103
52104
52105
52106
52107
53858
53859
53860
53861
53862
53863
53864
53865
53866
53867
53868
53869
53870
53871
53872
53873
53875
53876
53877
53878
53879
53880
53882
53883
53884
53885
53886
53887
53888
53889
53890
53891
53892
53893
53894
53895
53896
53897
53898
53899
53900
53901
53902
53903
53904
53905
53906
53907
53908
53909
53910
53911
53912
53913
53914
53915
53916
53917
53918
53919
53920
53921
53922
53923
53924
53925
53926
53927
53928
53929
53930
53931
53932
53933
53934
53935
53936
53937
53938
53939
53940
53942
53943
53944
53945
53946
53947
53948
53949
53950
53951
53952
53953
53954
53955
53956
53957
53958
53959
53960
53961
53962
53963
53964
53965
53966
53967
53968
53969
53970
53971
53972
53973
53975
53976
53977
53979
53980
53981
53982
53984
53986
53987
53989
53990
53991
53992
53993
53994
53995
53996
53997
53998
53999
54001
54002
54003
54004
54005
54006
54008
54009
54010
54012
54013
54014
54015
54017
54020
54021
54022
54023
54025
54028
54029
54031
54032
54033
54034
54035
54036
55847
55848
55849
55850
55852
55853
55854
55855
55856
55857
55858
55859
55860
55861
55862
55863
55865
55866
55867
55868
55869
55870
55872
55873
55874
55875
55877
55878
55879
55880
55881
55882
55883
55884
55885
55886
55887
55888
55889
55890
55892
55893
55894
55895
55896
55897
55898
55899
55900
55901
55902
55903
55904
55905
55906
55908
55909
55910
55911
55912
55913
55914
55915
55917
55918
55919
55920
55921
55922
55924
55925
55926
55927
55928
55929
55930
55931
55932
55933
55934
55935
55936
55937
55938
55940
55941
55942
55943
55944
55945
55946
55947
55948
55949
55950
55951
55952
55953
55954
55955
55956
55957
55958
55959
55960
55961
55962
55963
55964
55965
55966
55967
55968
55969
55970
55971
55972
55974
55975
55976
55978
55979
55980
55981
55983
55985
55986
55987
55993
55994
55995
55996
55997
55998
55999
56000
56001
56002
56003
56004
56005
56006
56007
56009
56010
56011
56013
56014
56015
56016
56019
56020
56021
57727
57728
57729
57731
57732
57733
57734
57735
57737
57738
57739
57741
57742
57743
57744
57745
57746
57747
57749
57750
57751
57753
57754
57755
57756
57758
57759
57760
57762
57763
57764
57765
57766
57767
57768
57769
57770
57771
57772
57773
57775
57777
57778
57780
57781
57782
57783
57784
57785
57786
57787
57788
57789
57790
57792
57793
57794
57795
57797
57798
57799
57800
57801
57802
57803
57804
57806
57807
57808
57809
57810
57811
57812
57813
57814
57815
57816
57817
57818
57819
57820
57821
57822
57823
57824
57825
57826
57827
57828
57829
57830
57831
57832
57833
57834
57835
57836
57837
57839
57840
57841
57842
57845
57846
57849
57850
57852
57853
57855
57856
57857
57858
57859
57862
57863
57864
57865
57866
57867
57868
57869
57870
57871
57873
57874
57875
57876
57877
57878
57879
57883
57885
57886
57887
59527
59528
59529
59531
59532
59533
59534
59535
59536
59537
59538
59540
59541
59542
59544
59545
59546
59547
59550
59551
59552
59554
59555
59556
59558
59559
59560
59561
59562
59563
59564
59565
59566
59567
59568
59570
59571
59572
59574
59575
59576
59579
59580
59581
59582
59583
59586
59587
59588
59590
59591
59592
59593
59594
59595
59597
59598
59599
59601
59602
59603
59604
59605
59606
59607
59608
59609
59610
59611
59612
59613
59614
59615
59617
59618
59619
59620
59621
59622
59623
59624
59627
59628
59629
59630
59631
59632
59633
59634
59635
59636
59637
59638
59639
59641
59642
59643
59645
59646
59649
59650
59651
59652
59653
59655
59656
59659
59660
59661
59663
59664
59668
59669
59670
59671
59672
59673
59674
59676
59679
59680
59681
59682
59683
59685
59686
59687
59688
59689
59692
61362
61363
61364
61365
61366
61367
61368
61369
61370
61371
61372
61373
61374
61375
61376
61378
61381
61382
61383
61384
61385
61387
61388
61389
61390
61391
61393
61394
61395
61396
61397
61398
61399
61400
61402
61403
61404
61405
61406
61407
61408
61409
61410
61411
61412
61414
61415
61416
61417
61418
61419
61420
61421
61423
61424
61425
61426
61427
61428
61429
61430
61432
61433
61434
61435
61436
61437
61438
61439
61440
61441
61442
61443
61444
61445
61446
61447
61448
61449
61450
61451
61452
61453
61454
61455
61456
61457
61458
61459
61460
61461
61462
61463
61464
61465
61466
61467
61468
61469
61471
61472
61473
61474
61475
61476
61477
61478
61479
61480
61481
61482
61483
61484
61485
61486
61487
61488
61489
61490
61493
61494
61495
61496
61497
61500
61501
61502
61503
61504
61505
61506
61507
61509
61510
61511
61512
61513
61514
61516
61517
61518
61519
61521
61522
61524
61525
61526
61529
61531
61532
61534
63326
63327
63328
63329
63330
63331
63332
63333
63334
63335
63336
63337
63338
63339
63340
63341
63342
63343
63344
63345
63346
63347
63348
63349
63350
63351
63352
63353
63354
63355
63356
63357
63358
63359
63360
63361
63362
63363
63364
63365
63366
63367
63368
63369
63370
63371
63372
63373
63374
63375
63376
63377
63378
63379
63380
63381
63382
63383
63384
63385
63386
63387
63388
63389
63390
63391
63392
63393
63394
63395
63396
63397
63398
63399
63400
63401
63403
63404
63405
63406
63407
63408
63409
63410
63411
63412
63413
63414
63415
63416
63417
63418
63419
63420
63421
63422
63423
63424
63425
63426
63427
63428
63429
63430
63431
63432
63433
63434
63435
63436
63437
63438
63439
63440
63441
63442
63443
63444
63445
63446
63447
63448
63449
63450
63451
63452
63453
63454
63455
63456
63457
63458
63459
63462
63463
63464
63465
63466
63467
63468
63469
63470
63473
63474
63476
63478
63479
63480
63481
63482
63483
63484
63485
63486
63487
63488
63489
63491
63493
63494
63495
63496
63497
63498
63499
63500
63501
63502
63504
63505
63506
63507
63508
63509
63510
65367
65368
65369
65370
65371
65372
65373
65374
65375
65376
65377
65378
65379
65380
65382
65383
65384
65386
65387
65388
65389
65391
65392
65393
65394
65395
65396
65397
65398
65399
65400
65401
65402
65403
65404
65405
65406
65407
65408
65410
65411
65413
65414
65415
65416
65417
65418
65419
65420
65421
65422
65423
65424
65425
65426
65427
65429
65430
65431
65432
65433
65434
65435
65436
65437
65438
65439
65440
65441
65442
65443
65445
65446
65447
65448
65449
65450
65451
65452
65453
65454
65455
65456
65457
65458
65459
65460
65461
65462
65463
65464
65465
65466
65467
65468
65469
65470
65471
65472
65473
65474
65475
65476
65477
65478
65479
65480
65481
65482
65483
65484
65486
65487
65488
65489
65490
65491
65492
65493
65494
65495
65496
65497
65498
65500
65503
65504
65505
65506
65507
65508
65509
65510
65512
65513
65514
65515
65516
65517
65518
65519
65521
65522
65523
65524
65525
65526
65527
65528
65530
65532
65533
65534
65537
65538
65539
65540
65541
65542
65543
65544
65545
65548
65549
65551
67283
67284
67285
67286
67287
67288
67289
67290
67291
67292
67293
67294
67295
67296
67297
67298
67299
67300
67301
67302
67303
67304
67305
67307
67308
67309
67310
67311
67312
67313
67314
67315
67316
67317
67318
67319
67320
67321
67322
67323
67324
67325
67326
67327
67328
67329
67330
67331
67332
67333
67334
67335
67336
67337
67338
67339
67340
67341
67342
67343
67344
67345
67346
67347
67348
67349
67350
67351
67352
67353
67354
67356
67357
67358
67359
67360
67361
67362
67363
67364
67365
67366
67367
67368
67369
67370
67371
67372
67373
67374
67375
67376
67377
67378
67379
67380
67382
67383
67384
67385
67386
67387
67388
67389
67390
67391
67392
67393
67394
67395
67396
67397
67398
67399
67400
67401
67402
67403
67404
67405
67406
67407
67409
67410
67411
67412
67414
67417
67418
67419
67420
67421
67422
67423
67424
67425
67426
67427
67428
67429
67430
67431
67432
67433
67434
67435
67436
67437
67438
67439
67441
67442
67443
67444
69041
69043
69044
69046
69047
69049
69050
69051
69052
69053
69054
69055
69057
69058
69059
69060
69061
69062
69063
69064
69065
69066
69067
69068
69069
69070
69071
69072
69074
69075
69076
69077
69078
69080
69081
69082
69083
69084
69085
69086
69087
69088
69089
69090
69091
69092
69093
69094
69095
69097
69098
69099
69100
69101
69102
69103
69104
69105
69106
69107
69108
69109
69110
69111
69112
69113
69114
69115
69116
69117
69118
69119
69120
69121
69122
69123
69124
69125
69126
69127
69128
69129
69130
69131
69132
69133
69134
69135
69136
69137
69138
69139
69140
69141
69142
69143
69144
69145
69146
69147
69148
69149
69150
69151
69152
69153
69154
69156
69157
69158
69159
69160
69161
69162
69163
69164
69165
69166
69167
69168
69169
69170
69171
69173
69174
69175
69177
69178
69179
69180
69181
69182
69183
69184
69185
69186
69187
70769
70770
70771
70772
70773
70775
70776
70777
70778
70779
70780
70781
70782
70784
70785
70786
70788
70789
70790
70791
70792
70793
70794
70795
70796
70797
70798
70799
70800
70801
70802
70803
70804
70805
70806
70807
70808
70809
70810
70811
70812
70813
70814
70815
70816
70817
70818
70819
70820
70821
70822
70823
70824
70825
70826
70827
70828
70832
70833
70834
70835
70836
70837
70839
70840
70841
70842
70843
70844
70845
70846
70847
70848
70849
70850
70851
70852
70853
70854
70855
70856
70857
70858
70859
70860
70861
70862
70863
70864
70865
70866
70867
70868
70869
70870
70871
70872
70873
70874
70875
70876
70877
70878
70879
70880
70881
70882
70883
70884
70885
70887
70888
70889
70890
70891
70892
70893
70894
70895
70896
70897
70898
70899
70900
70901
70902
70903
70904
70905
70907
70908
70910
70911
70912
70913
70915
70916
70917
70918
70920
70924
70925
72449
72450
72452
72453
72455
72456
72457
72459
72461
72462
72463
72464
72465
72466
72467
72470
72471
72472
72474
72475
72476
72477
72478
72479
72481
72482
72483
72484
72485
72486
72487
72488
72489
72490
72491
72493
72494
72495
72496
72497
72498
72499
72500
72501
72502
72503
72504
72505
72506
72507
72509
72510
72511
72512
72513
72514
72515
72516
72517
72518
72519
72520
72521
72522
72523
72524
72525
72526
72527
72528
72529
72530
72531
72532
72533
72534
72535
72536
72537
72538
72539
72540
72541
72542
72543
72544
72545
72546
72547
72548
72549
72550
72551
72552
72553
72554
72555
72556
72557
72558
72559
72560
72561
72562
72563
72564
72565
72566
72568
72569
72570
72571
72572
72573
72574
72575
72576
72579
72580
72581
72582
72585
72587
72588
72589
72590
72591
72592
72593
72594
72595
72596
72597
72598
72599
72600
72601
72602
72603
73879
73881
73883
73884
73885
73886
73887
73888
73889
73890
73891
73892
73893
73894
73896
73897
73898
73901
73903
73905
73906
73907
73908
73909
73910
73911
73912
73913
73915
73917
73918
73919
73920
73921
73923
73924
73925
73926
73927
73928
73929
73930
73931
73933
73934
73936
73937
73938
73939
73941
73942
73944
73945
73946
73948
73949
73950
73951
73952
73953
74678
74680
74682
74683
74684
74685
74686
74689
74690
74691
74692
74693
74694
74696
74700
74702
74703
74704
74705
74707
74708
74709
74710
74711
74713
74714
74715
74716
74717
74719
74720
74721
74722
74723
74724
74725
74726
74727
74728
74729
74730
74731
74733
74734
74735
74736
74737
74738
74739
74740
74741
74742
74743
74744
74745
74747
74748
74749
74753
74754
74755
74757
74758
74759
74760
74761
74762
74763
74764
74766
74767
75568
75569
75570
75571
75573
75574
75575
75576
75577
75578
75579
75580
75581
75582
75588
75589
75590
75591
75592
75593
75595
75596
75597
75599
75600
75601
75602
75603
75605
75607
75608
75609
75610
75612
75613
75614
75615
75616
75617
75618
75621
75622
75623
75624
75625
75627
75628
75629
75630
75631
75632
75633
75634
75635
75637
75638
75640
75641
75642
75643
75644
75645
75646
75647
75648
75651
75652
75654
75655
75658
75660
75661
75662
75663
75664
75667
75669
75670
75671
76537
76538
76539
76540
76541
76542
76543
76544
76545
76546
76548
76549
76550
76551
76553
76554
76555
76556
76557
76560
76562
76565
76566
76567
76568
76569
76570
76571
76572
76573
76574
76575
76576
76579
76580
76586
76587
76588
76589
76590
76591
76592
76593
76595
76597
76599
76600
76601
76602
76603
76604
76605
76607
76608
76610
76611
76613
76614
76615
76616
76617
76618
76620
76621
76622
76623
76627
76628
76630
76631
76632
76634
77630
77631
77632
77633
77634
77635
77636
77637
77638
77639
77640
77641
77642
77643
77644
77645
77646
77648
77649
77650
77651
77652
77653
77654
77655
77656
77657
77658
77659
77660
77661
77662
77663
77664
77666
77667
77668
77669
77671
77672
77673
77674
77675
77676
77677
77678
77679
77680
77681
77682
77683
77684
77685
77686
77687
77688
77690
77691
77692
77693
77694
77695
77696
77697
77698
77699
77700
77701
77702
77703
77704
77705
77706
77707
77708
77709
77710
77711
77712
77713
77714
77715
77716
77717
77718
77719
77720
77721
77722
77723
77724
77725
77727
77728
77729
77730
77731
77732
77733
77734
77735
77737
77738
77739
77740
77741
77743
77744
77745
77746
77747
77748
77749
77750
77751
77752
77753
77754
77755
77756
77757
77758
77759
77760
77761
77762
77763
77764
77765
77766
77767
77768
77769
77770
77771
77772
79219
79221
79222
79223
79224
79225
79226
79227
79228
79229
79230
79231
79232
79233
79234
79235
79236
79237
79238
79239
79240
79241
79242
79243
79244
79246
79247
79248
79249
79250
79251
79252
79253
79254
79255
79256
79257
79258
79259
79260
79261
79262
79263
79264
79265
79266
79267
79268
79269
79270
79272
79273
79274
79275
79276
79277
79278
79279
79280
79281
79282
79283
79284
79285
79286
79287
79288
79290
79291
79292
79293
79294
79295
79296
79297
79298
79299
79300
79301
79302
79303
79304
79305
79306
79307
79308
79309
79310
79311
79312
79313
79314
79315
79316
79317
79318
79319
79320
79321
79322
79323
79324
79325
79326
79327
79328
79329
79330
79331
79332
79333
79334
79335
79336
79337
79338
79339
79340
79342
79343
79344
79345
79346
79347
79348
79349
79350
79351
79352
79353
79354
79355
79356
79357
79358
79359
79360
79361
79362
79363
79364
79365
79366
79367
79368
79369
79370
79371
79372
79373
79374
79375
79376
79377
79378
79379
79380
79381
79382
79383
79384
79385
80843
80844
80845
80846
80847
80848
80849
80851
80852
80853
80854
80855
80856
80857
80858
80860
80862
80863
80864
80865
80866
80867
80868
80869
80870
80871
80872
80874
80875
80876
80877
80878
80879
80880
80881
80882
80883
80885
80886
80887
80888
80889
80890
80891
80892
80893
80894
80895
80896
80897
80898
80899
80900
80901
80902
80903
80904
80905
80906
80907
80908
80909
80910
80911
80912
80913
80914
80915
80916
80917
80918
80919
80920
80921
80922
80923
80924
80925
80926
80927
80928
80929
80930
80931
80932
80933
80934
80935
80936
80937
80938
80940
80941
80943
80944
80946
80947
80948
80950
80951
80952
80953
80954
80955
80956
80957
80959
80961
80962
80963
80964
80965
80966
80967
80968
80969
80970
80971
80972
82339
82340
82341
82342
82343
82344
82345
82346
82347
82348
82349
82350
82351
82353
82354
82355
82356
82357
82358
82359
82360
82361
82362
82363
82365
82366
82367
82368
82369
82370
82372
82373
82374
82375
82376
82377
82378
82379
82380
82381
82382
82383
82384
82385
82386
82387
82388
82390
82391
82392
82393
82394
82395
82396
82397
82398
82399
82400
82401
82402
82403
82404
82405
82406
82407
82408
82409
82410
82411
82412
82413
82414
82415
82416
82417
82418
82419
82420
82421
82422
82423
82424
82425
82426
82427
82428
82429
82430
82431
82432
82433
82434
82435
82436
82437
82438
82439
82440
82441
82442
82443
82444
82445
82446
82447
82449
82450
82451
82452
82453
82454
82455
82456
82457
82458
82460
82461
82462
82463
82464
82465
82466
82467
82468
82469
82470
82471
82472
82474
82475
82476
82477
82478
82480
82481
82482
82483
82484
82486
82487
82489
82490
82491
82492
82493
82494
82496
82497
82498
82499
82500
82501
82502
82503
82504
82506
82507
82508
84079
84080
84081
84082
84083
84084
84085
84086
84087
84088
84090
84091
84092
84093
84094
84095
84096
84097
84098
84099
84100
84101
84102
84103
84104
84105
84106
84107
84108
84109
84110
84112
84113
84116
84117
84118
84119
84121
84122
84123
84124
84125
84126
84127
84128
84129
84130
84131
84133
84134
84135
84136
84137
84138
84139
84140
84141
84142
84143
84144
84145
84146
84147
84148
84149
84150
84151
84152
84153
84154
84155
84156
84157
84159
84160
84161
84162
84163
84164
84165
84166
84167
84168
84169
84170
84171
84172
84173
84174
84175
84176
84177
84178
84179
84180
84181
84182
84183
84184
84185
84186
84187
84188
84189
84190
84191
84192
84193
84194
84195
84196
84197
84198
84199
84200
84201
84202
84203
84204
84205
84206
84207
84208
84209
84210
84211
84212
84214
84215
84216
84217
84218
84219
84220
84221
84222
84223
84224
84226
84227
84228
84229
84230
85541
85542
85544
85545
85546
85547
85548
85549
85550
85551
85552
85554
85555
85556
85557
85558
85559
85560
85562
85563
85564
85565
85567
85568
85570
85571
85572
85573
85574
85575
85576
85578
85579
85580
85581
85582
85583
85585
85586
85587
85588
85589
85590
85591
85592
85593
85594
85595
85596
85597
85598
85600
85601
85602
85603
85604
85606
85608
85609
85610
85611
85612
85613
85614
85615
85616
85617
85619
85620
85621
85622
85623
85624
85625
85626
85627
85628
85629
85630
85631
85632
85633
85634
85635
85636
85637
85639
85640
85641
85643
85644
85645
85646
85648
85649
85650
85651
85652
85653
85654
85656
85657
85658
85659
85660
85662
85663
85664
85665
85666
85667
85668
85670
85672
85673
85674
85675
85676
85678
85679
85680
87002
87003
87004
87005
87007
87008
87009
87010
87011
87012
87013
87014
87015
87016
87018
87019
87020
87023
87024
87025
87026
87027
87028
87029
87030
87031
87032
87033
87034
87035
87036
87037
87038
87040
87041
87042
87043
87044
87045
87048
87049
87050
87051
87052
87053
87054
87055
87056
87057
87058
87060
87061
87062
87063
87064
87065
87066
87067
87068
87069
87070
87072
87073
87074
87076
87077
87078
87079
87080
87081
87082
87083
87084
87085
87086
87087
87088
87089
87090
87091
87092
87093
87094
87095
87096
87097
87098
87099
87100
87102
87103
87105
87106
87109
87110
87111
87112
87113
87114
87115
87116
87117
87118
87120
87121
87123
87124
87125
87126
87127
87128
87129
87131
87133
87134
87136
87137
87139
87140
87141
87142
87143
88493
88494
88495
88496
88497
88499
88500
88501
88502
88503
88504
88505
88506
88507
88508
88509
88510
88511
88513
88514
88515
88516
88518
88519
88520
88521
88522
88523
88524
88525
88526
88527
88528
88529
88531
88532
88533
88534
88535
88536
88537
88539
88540
88541
88542
88543
88544
88545
88546
88547
88548
88549
88550
88551
88552
88553
88554
88555
88556
88557
88558
88559
88560
88561
88562
88563
88564
88565
88566
88567
88568
88569
88570
88571
88572
88573
88574
88575
88576
88577
88578
88580
88582
88583
88584
88585
88586
88587
88588
88589
88590
88591
88592
88593
88594
88595
88596
88597
88598
88599
88600
88601
88602
88604
88605
88606
88608
88609
88610
88611
88613
88614
88615
88616
88617
88618
88619
88620
88621
88624
88625
88626
88627
88628
88629
88630
88631
88632
88633
88634
88636
88637
88638
88640
88641
89976
89977
89978
89979
89980
89981
89982
89983
89984
89985
89986
89987
89989
89990
89991
89992
89993
89994
89995
89996
89997
89998
89999
90000
90001
90002
90003
90004
90005
90006
90007
90008
90010
90011
90012
90013
90014
90015
90016
90017
90018
90019
90020
90021
90022
90023
90024
90025
90026
90027
90028
90029
90031
90032
90033
90034
90035
90036
90037
90038
90039
90040
90041
90042
90043
90044
90045
90046
90047
90048
90049
90050
90051
90052
90053
90054
90055
90056
90057
90058
90061
90062
90063
90064
90065
90066
90067
90068
90069
90071
90072
90073
90075
90076
90077
90078
90079
90080
90081
90082
90083
90085
90087
90088
90090
90091
90092
90094
90095
91371
91372
91373
91374
91375
91377
91378
91379
91380
91381
91383
91384
91385
91386
91387
91388
91389
91390
91391
91392
91393
91394
91395
91396
91397
91398
91399
91400
91401
91402
91403
91404
91405
91406
91407
91408
91409
91410
91411
91412
91414
91415
91416
91417
91418
91419
91420
91421
91422
91423
91424
91425
91426
91427
91428
91429
91430
91431
91432
91433
91434
91435
91436
91437
91438
91440
91441
91442
91443
91444
91445
91447
91448
91449
91450
91451
91452
91453
91454
91455
91456
91457
91458
91459
91460
91461
91463
91464
91465
91466
91467
91468
91469
91470
91471
91472
91473
91474
91475
91476
91477
91478
91479
91480
91481
91482
91483
91484
91485
91486
91487
91488
91489
91490
91491
91492
91493
91494
91495
91496
91497
91498
91499
91500
91501
91503
91504
91505
91506
91507
91508
91509
91510
91511
91512
91514
91516
91517
91518
91519
91520
91521
91522
91523
91524
91525
91526
91527
91529
93095
93096
93097
93098
93099
93100
93101
93102
93103
93104
93105
93106
93107
93108
93109
93110
93111
93112
93113
93114
93115
93116
93117
93118
93119
93120
93121
93122
93123
93124
93125
93126
93127
93128
93129
93130
93131
93132
93133
93134
93135
93136
93137
93138
93139
93140
93141
93142
93143
93144
93145
93146
93147
93148
93149
93151
93152
93153
93154
93155
93156
93157
93158
93159
93160
93161
93162
93163
93164
93165
93166
93167
93168
93169
93171
93172
93173
93174
93175
93176
93177
93178
93179
93180
93181
93182
93183
93184
93185
93186
93187
93188
93189
93190
93191
93192
93193
93194
93195
93196
93197
93198
93199
93200
93202
93203
93204
93205
93206
93207
93208
93209
93210
93211
93212
93213
93214
93215
93216
93217
93218
93219
93220
93221
93222
93223
93224
93225
93226
93227
93228
93229
93230
93231
93232
93234
93235
93237
93238
93239
93240
93241
93242
93243
93244
93245
93246
93247
93248
93249
93250
93252
93253
93254
93255
93257
93258
93259
93260
93261
93262
93263
93264
93265
93266
93267
93268
93269
94809
94810
94811
94812
94813
94814
94815
94816
94818
94819
94821
94822
94823
94824
94825
94826
94827
94828
94829
94830
94831
94832
94833
94834
94836
94837
94838
94839
94840
94841
94842
94843
94844
94845
94846
94847
94849
94850
94851
94852
94853
94854
94855
94856
94857
94858
94859
94860
94861
94862
94863
94864
94865
94866
94867
94868
94869
94870
94871
94872
94873
94874
94875
94876
94877
94878
94879
94880
94881
94882
94883
94884
94885
94886
94887
94888
94889
94890
94891
94892
94893
94894
94895
94896
94897
94898
94899
94901
94902
94903
94904
94905
94906
94907
94908
94909
94910
94911
94912
94913
94915
94916
94918
94919
94920
94921
94922
94923
94925
94926
94927
94928
94929
94930
94931
94932
94934
94935
94936
94937
94938
94939
94940
94941
94942
94943
94944
94945
94946
94948
94949
94950
94951
94952
96260
96261
96262
96264
96265
96266
96267
96268
96270
96271
96272
96273
96274
96275
96276
96277
96278
96279
96280
96281
96282
96285
96286
96287
96289
96291
96292
96294
96295
96296
96297
96298
96300
96301
96302
96303
96304
96305
96306
96307
96308
96309
96310
96311
96312
96313
96314
96315
96316
96318
96319
96320
96322
96323
96324
96325
96326
96327
96328
96329
96330
96331
96332
96333
96334
96335
96336
96337
96338
96339
96340
96341
96342
96344
96346
96347
96349
96351
96352
96353
96354
96357
96358
96361
96362
96363
96364
96365
96366
96367
96368
96369
96370
96371
97411
97412
97413
97414
97416
97418
97419
97420
97421
97423
97424
97425
97426
97427
97428
97429
97430
97431
97432
97433
97434
97435
97436
97437
97438
97439
97440
97441
97442
97443
97444
97445
97447
97448
97449
97451
97452
97453
97454
97455
97456
97457
97459
97460
97461
97462
97463
97464
97465
97467
97468
97469
97470
97471
97473
97474
97475
97476
97477
97478
97479
97480
97481
97482
97483
97484
97485
97486
97487
97488
97489
97490
97491
97492
97493
97494
97495
97497
97498
97499
97501
97503
97504
97505
97506
97507
97508
97509
97510
97511
97512
97513
97515
97516
97517
97518
97519
97520
97521
97522
97523
97524
97525
97527
97528
97529
97530
97531
97533
97534
97535
97536
97537
97538
97539
97540
97541
97542
97543
97544
97545
97546
97549
97550
97551
97552
98861
98862
98863
98864
98865
98866
98867
98868
98869
98870
98871
98873
98874
98875
98876
98878
98879
98880
98881
98882
98883
98884
98885
98886
98887
98888
98889
98890
98891
98892
98893
98894
98895
98896
98898
98899
98900
98901
98902
98903
98905
98907
98908
98909
98910
98911
98912
98913
98914
98915
98916
98918
98919
98920
98921
98922
98923
98924
98925
98926
98927
98928
98929
98930
98931
98932
98933
98934
98935
98936
98937
98938
98939
98940
98941
98942
98943
98944
98945
98946
98947
98948
98949
98950
98951
98952
98953
98954
98955
98956
98957
98958
98959
98961
98962
98963
98965
98966
98967
98968
98969
98972
98973
98976
98977
98978
98979
98980
98981
98982
98984
98985
98986
98987
98988
98989
98990
98992
100212
100213
100214
100215
100216
100217
100218
100219
100221
100222
100223
100224
100225
100226
100227
100228
100229
100230
100231
100233
100234
100235
100236
100237
100238
100239
100240
100241
100242
100244
100245
100246
100247
100249
100250
100251
100252
100253
100254
100255
100256
100257
100258
100259
100260
100261
100262
100263
100265
100266
100267
100268
100269
100270
100271
100272
100274
100275
100276
100277
100278
100279
100281
100282
100283
100284
100285
100286
100287
100288
100289
100290
100291
100292
100294
100295
100296
100297
100298
100299
100300
100301
100302
100304
100305
100306
100307
100308
100309
100310
100313
100314
100315
100319
100320
100322
100323
100324
100327
100328
100329
100330
100331
100332
100333
100334
100335
100336
100337
100338
100339
100340
100341
100342
100343
100344
100345
100346
100348
100349
100350
100351
100352
100353
101713
101714
101715
101717
101718
101719
101720
101722
101723
101724
101725
101726
101727
101728
101729
101730
101733
101734
101735
101736
101737
101738
101739
101740
101741
101743
101744
101745
101746
101747
101748
101749
101750
101751
101752
101753
101754
101755
101756
101757
101758
101759
101760
101761
101762
101763
101764
101765
101766
101767
101768
101769
101771
101772
101773
101774
101775
101776
101777
101778
101779
101780
101781
101782
101783
101784
101785
101786
101787
101788
101789
101790
101791
101792
101793
101794
101795
101796
101797
101798
101799
101800
101801
101802
101803
101804
101805
101806
101807
101808
101809
101810
101811
101812
101813
101814
101815
101816
101817
101819
101820
101821
101822
101823
101824
101825
101826
101827
101828
101829
101830
101831
101833
101834
101835
101836
101837
101838
101839
101840
101841
101842
101844
101845
101846
101847
101848
101849
101850
101851
101852
101854
101855
101857
101858
101859
101860
101862
101864
101865
101866
101867
101868
101869
101870
103406
103407
103408
103409
103410
103411
103412
103414
103415
103416
103417
103418
103419
103420
103421
103422
103423
103424
103425
103426
103427
103428
103429
103430
103431
103432
103433
103434
103435
103436
103437
103438
103439
103440
103441
103442
103443
103444
103445
103446
103447
103448
103449
103450
103451
103452
103453
103454
103456
103457
103458
103459
103460
103461
103462
103463
103465
103466
103467
103468
103469
103470
103471
103472
103474
103475
103476
103477
103478
103479
103480
103481
103482
103483
103484
103485
103486
103487
103488
103489
103490
103491
103492
103493
103494
103496
103497
103498
103499
103500
103501
103502
103503
103504
103505
103506
103507
103508
103509
103510
103511
103512
103513
103515
103516
103517
103518
103519
103520
103521
103522
103523
103526
103527
103528
103529
103530
103531
103532
103533
103534
103535
103536
103537
103538
103539
103540
103541
103542
103543
103544
103545
103546
103547
103548
103551
103552
103553
103554
103555
103556
103557
103558
105164
105165
105166
105167
105169
105170
105171
105172
105173
105174
105175
105176
105177
105178
105179
105180
105181
105182
105183
105184
105185
105186
105187
105188
105189
105190
105191
105192
105193
105194
105195
105196
105198
105199
105200
105201
105202
105203
105204
105205
105206
105207
105208
105209
105210
105211
105212
105213
105214
105215
105216
105217
105218
105219
105220
105221
105222
105223
105224
105225
105226
105227
105228
105229
105230
105231
105232
105233
105234
105235
105236
105237
105238
105239
105240
105241
105242
105243
105244
105245
105246
105247
105248
105249
105250
105251
105252
105253
105254
105255
105256
105257
105258
105259
105260
105261
105262
105263
105264
105265
105266
105267
105268
105269
105270
105271
105272
105273
105275
105276
105277
105278
105279
105280
105282
105283
105284
105285
105286
105288
105289
105290
105291
105292
105293
105295
105296
105297
105298
105299
105300
105301
105302
105305
105306
105308
105309
105311
105312
105313
105314
105315
105316
105317
105319
105320
105321
105322
105323
105324
105325
105326
105327
106968
106969
106970
106971
106972
106973
106975
106976
106977
106978
106979
106980
106981
106982
106983
106984
106985
106986
106987
106988
106989
106990
106991
106993
106994
106995
106996
106997
106998
106999
107000
107001
107002
107003
107004
107006
107007
107008
107009
107010
107011
107013
107014
107015
107016
107017
107018
107019
107020
107021
107022
107023
107024
107025
107026
107027
107028
107029
107030
107031
107032
107033
107034
107035
107036
107037
107038
107039
107040
107041
107042
107043
107044
107045
107046
107047
107048
107049
107050
107051
107052
107053
107054
107056
107057
107058
107059
107060
107061
107062
107063
107064
107065
107066
107067
107068
107069
107070
107071
107072
107073
107074
107075
107076
107077
107078
107079
107080
107081
107082
107083
107084
107085
107086
107088
107089
107090
107091
107092
107093
107094
107095
107096
107097
107098
107099
107100
107101
107102
107103
107104
107105
107106
107107
107109
107110
107112
107113
107114
107115
107116
107117
107119
107120
107121
107122
108583
108584
108585
108587
108588
108589
108590
108591
108592
108593
108594
108595
108596
108597
108598
108599
108600
108601
108602
108603
108604
108605
108606
108607
108608
108610
108611
108612
108614
108615
108616
108617
108619
108620
108622
108623
108625
108626
108627
108628
108629
108630
108631
108632
108633
108634
108635
108636
108637
108638
108639
108640
108641
108642
108643
108644
108645
108646
108647
108648
108649
108650
108651
108652
108653
108654
108655
108656
108657
108658
108659
108660
108661
108662
108663
108664
108665
108666
108667
108668
108669
108670
108671
108672
108673
108675
108676
108677
108678
108679
108680
108681
108682
108683
108684
108685
108686
108687
108688
108690
108691
108692
108693
108694
108695
108696
108697
108698
108699
108700
108701
108702
108703
108704
108705
108706
108707
108708
108710
108711
108712
108713
108714
108716
108717
108718
108719
108720
108721
108722
108723
108724
108725
108726
108727
110153
110154
110155
110156
110157
110158
110159
110160
110161
110162
110163
110164
110165
110166
110167
110168
110169
110170
110171
110172
110173
110174
110175
110176
110177
110178
110179
110180
110181
110182
110183
110184
110185
110186
110187
110188
110189
110190
110191
110192
110193
110194
110195
110196
110197
110198
110199
110200
110201
110202
110203
110204
110206
110207
110208
110209
110210
110211
110212
110213
110214
110215
110216
110217
110219
110220
110221
110222
110223
110224
110225
110226
110227
110228
110229
110230
110231
110232
110233
110234
110235
110236
110237
110238
110239
110240
110241
110242
110243
110244
110245
110246
110247
110248
110249
110250
110251
110252
110253
110254
110255
110256
110257
110258
110259
110260
110261
110262
110263
110264
110265
110266
110267
110268
110269
110270
110271
110272
110273
110274
110276
110277
110278
110279
110280
110281
110282
110284
110285
110286
110287
110288
110289
110291
110292
110293
110294
110295
110296
110298
110299
110300
110301
110303
110304
110305
110306
110307
110308
110309
110310
110311
110312
110313
110314
110315
110316
110317
111867
111868
111869
111870
111871
111872
111874
111875
111876
111877
111878
111879
111880
111881
111882
111883
111884
111885
111886
111887
111889
111890
111891
111892
111893
111894
111895
111896
111897
111898
111899
111900
111901
111902
111903
111904
111906
111907
111908
111909
111910
111911
111912
111913
111914
111915
111916
111917
111918
111919
111920
111921
111922
111923
111924
111925
111926
111927
111928
111929
111930
111931
111932
111934
111935
111936
111937
111938
111939
111940
111941
111942
111943
111944
111945
111946
111947
111948
111949
111950
111951
111952
111953
111954
111955
111956
111957
111958
111959
111960
111961
111962
111963
111964
111965
111966
111967
111968
111969
111970
111971
111972
111973
111974
111975
111976
111977
111978
111981
111982
111983
111984
111985
111986
111987
111988
111989
111990
111991
111993
111994
111995
111996
111997
111998
111999
112000
112001
112002
112003
112004
112005
112006
112007
112008
112009
112010
112011
112012
113433
113434
113435
113436
113438
113439
113440
113441
113442
113444
113445
113446
113447
113448
113449
113450
113451
113452
113453
113454
113455
113456
113457
113458
113459
113460
113462
113463
113464
113465
113466
113467
113468
113469
113470
113471
113472
113473
113474
113475
113476
113477
113478
113479
113480
113481
113483
113484
113485
113486
113487
113488
113489
113490
113492
113493
113494
113495
113496
113497
113498
113499
113500
113501
113502
113503
113504
113505
113506
113507
113508
113509
113510
113511
113512
113513
113514
113515
113516
113517
113518
113519
113520
113521
113523
113524
113525
113526
113527
113528
113529
113530
113531
113532
113533
113534
113535
113536
113537
113538
113539
113540
113541
113542
113543
113544
113545
113547
113548
113549
113550
113551
113552
113553
113554
113555
113556
113558
113559
113560
113561
113563
113564
113565
113566
113567
113569
113571
113572
113573
113574
113575
113576
113577
113578
113579
113580
113581
113582
113583
113584
113585
113586
115062
115063
115064
115065
115067
115068
115069
115071
115072
115073
115074
115075
115076
115078
115080
115081
115082
115083
115084
115085
115086
115087
115088
115089
115090
115091
115092
115093
115094
115095
115096
115097
115098
115099
115100
115102
115103
115104
115105
115106
115107
115108
115109
115110
115111
115112
115114
115115
115116
115117
115118
115119
115120
115121
115122
115123
115124
115125
115126
115127
115128
115129
115130
115132
115133
115134
115135
115136
115137
115138
115139
115140
115141
115142
115143
115144
115145
115146
115147
115148
115149
115150
115151
115152
115153
115154
115155
115156
115157
115158
115160
115161
115162
115164
115165
115166
115167
115168
115169
115170
115172
115173
115174
115178
115179
115180
115181
115182
115183
115185
115186
115188
115189
115191
115192
115193
115194
115195
115196
115197
115198
115199
115200
115201
115202
115203
115205
115206
115207
116595
116596
116597
116598
116599
116602
116603
116604
116605
116606
116607
116609
116610
116611
116612
116613
116615
116616
116617
116618
116619
116620
116621
116622
116623
116624
116625
116626
116627
116628
116629
116630
116631
116632
116633
116634
116635
116636
116637
116638
116639
116640
116641
116642
116644
116645
116646
116647
116648
116649
116650
116651
116652
116653
116654
116655
116656
116657
116658
116659
116660
116661
116662
116663
116664
116665
116666
116667
116668
116669
116670
116671
116672
116673
116674
116675
116676
116677
116678
116679
116680
116682
116683
116684
116685
116686
116687
116688
116689
116690
116691
116692
116694
116695
116696
116697
116698
116699
116700
116701
116702
116703
116704
116705
116706
116707
116708
116709
116710
116712
116713
116714
116715
116716
116717
116718
116719
116720
116721
116722
116723
116724
116725
116727
116728
116729
116730
116731
116732
116733
116734
116735
116736
116737
116738
116739
116740
116741
116742
116743
116744
116745
116746
116747
116748
116749
116750
116751
116752
118267
118268
118269
118271
118272
118273
118274
118275
118276
118277
118278
118279
118280
118281
118282
118283
118284
118285
118287
118288
118289
118290
118291
118292
118293
118294
118295
118296
118297
118298
118299
118300
118301
118302
118303
118305
118306
118307
118308
118309
118310
118311
118313
118314
118315
118316
118317
118318
118319
118321
118322
118323
118324
118325
118326
118327
118328
118329
118330
118331
118332
118333
118334
118335
118336
118337
118339
118340
118341
118342
118343
118344
118345
118346
118347
118348
118349
118350
118351
118352
118353
118354
118355
118356
118357
118358
118359
118360
118361
118362
118363
118364
118365
118366
118367
118368
118369
118370
118371
118372
118373
118374
118375
118376
118377
118378
118379
118380
118381
118382
118383
118384
118385
118386
118387
118388
118389
118390
118391
118392
118393
118394
118395
118396
118397
118398
118399
118400
118401
118402
118403
118404
118405
118406
118407
118408
118410
118411
118412
118413
118414
118415
118416
118417
118418
118419
118420
118421
118422
118423
118424
118425
118426
118427
118428
120018
120019
120020
120021
120024
120025
120026
120027
120028
120029
120030
120031
120032
120033
120034
120035
120036
120037
120038
120039
120040
120041
120042
120043
120044
120045
120046
120047
120048
120049
120050
120051
120052
120053
120054
120055
120056
120058
120059
120060
120061
120062
120063
120064
120065
120066
120067
120068
120069
120070
120071
120072
120073
120074
120075
120076
120077
120078
120079
120080
120081
120082
120083
120084
120085
120086
120087
120088
120089
120090
120091
120092
120093
120094
120095
120096
120097
120098
120099
120100
120101
120102
120103
120104
120105
120106
120107
120108
120109
120110
120111
120112
120113
120114
120115
120116
120117
120118
120119
120120
120121
120122
120123
120124
120125
120126
120127
120128
120129
120130
120131
120132
120133
120134
120135
120139
120140
120142
120144
120145
120146
120147
120149
120151
120152
120153
120154
120155
120156
120157
120158
120159
120160
120161
120162
120163
120164
120165
120166
120167
120168
120169
120170
120172
120173
120174
120175
