1205
1208
1214
1215
1217
1218
1220
1223
1224
1225
1226
1227
1228
1230
1231
1232
1234
1235
1237
1238
1239
1240
1241
1242
1243
1244
1245
1248
1250
1251
1252
1253
1254
1255
1256
1257
1258
1259
1261
1263
1264
1265
1266
1267
1269
1270
1272
1273
1274
1275
1276
1277
1278
1279
1280
1281
1282
1283
1284
1285
1286
1289
1291
1294
1295
1296
1298
1303
1305
1310
1311
1312
1314
1315
1317
1318
1319
1320
1323
1326
1328
1329
1330
3121
3122
3123
3124
3126
3128
3129
3130
3133
3134
3136
3137
3138
3139
3140
3141
3143
3144
3145
3147
3148
3149
3151
3152
3153
3154
3156
3157
3158
3159
3160
3162
3163
3166
3167
3168
3169
3170
3171
3172
3175
3177
3178
3179
3180
3181
3184
3187
3188
3189
3190
3191
3192
3193
3194
3195
3196
3198
3199
3201
3202
3203
3204
3206
3207
3208
3209
3210
3211
3212
3213
3214
3216
3217
3218
3219
3220
3221
3223
3224
3225
3227
3231
3234
3236
3237
3241
3242
3243
3244
3245
3246
3247
3248
3249
3250
3252
3253
3256
3257
5122
5124
5125
5126
5127
5128
5130
5132
5133
5134
5135
5136
5137
5138
5139
5140
5145
5146
5147
5149
5150
5151
5152
5153
5154
5155
5157
5158
5159
5160
5161
5162
5164
5165
5167
5170
5171
5173
5174
5175
5177
5178
5180
5181
5182
5183
5184
5185
5186
5188
5189
5190
5191
5192
5194
5195
5196
5198
5199
5201
5202
5204
5205
5206
5207
5209
5210
5211
5212
5213
5214
5215
5216
5217
5218
5219
5220
5221
5222
5223
5224
5225
5226
5227
5228
5229
5230
5231
5232
5234
5235
5236
5237
5239
5240
5242
5243
5244
5245
5247
5248
5249
5252
5254
5255
5256
5257
5258
5259
5260
5261
5262
5263
5264
5267
5268
5270
5271
5272
5274
5275
7000
7001
7002
7003
7004
7005
7007
7010
7014
7015
7016
7018
7019
7020
7021
7022
7023
7024
7026
7027
7028
7032
7033
7034
7035
7036
7037
7038
7040
7042
7043
7044
7045
7046
7047
7048
7052
7053
7054
7055
7056
7057
7059
7060
7062
7063
7064
7065
7066
7067
7069
7070
7072
7074
7075
7076
7077
7078
7079
7080
7081
7082
7083
7085
7086
7087
7088
7089
7090
7092
7093
7094
7095
7096
7098
7099
7100
7101
7102
7103
7104
7106
7108
7109
7113
7118
7120
7121
7124
7125
7126
7127
7129
7131
7132
7134
7136
7137
8735
8736
8737
8739
8740
8741
8742
8744
8745
8747
8749
8753
8754
8755
8758
8759
8760
8761
8762
8764
8767
8768
8770
8772
8773
8776
8779
8780
8781
8782
8783
8785
8786
8788
8790
8791
8792
8793
8794
8797
8798
8799
8800
8801
8802
8803
8804
8805
8806
8807
8808
8809
8810
8812
8813
8815
8816
8817
8820
8828
8829
8830
8831
8833
8835
8837
8838
8839
8842
10402
10403
10406
10408
10409
10411
10413
10415
10418
10419
10421
10422
10423
10425
10426
10427
10429
10431
10432
10433
10434
10436
10440
10444
10445
10446
10447
10448
10451
10452
10453
10455
10459
10460
10461
10462
10464
10465
10466
10467
10468
10469
10470
10472
10473
10475
10476
10477
10478
10479
10480
10481
10482
10486
10490
10491
10494
10496
10498
10510
10511
12055
12056
12057
12058
12059
12061
12062
12064
12065
12067
12068
12069
12071
12072
12074
12075
12076
12078
12079
12080
12081
12082
12083
12085
12086
12089
12091
12093
12095
12096
12097
12100
12101
12102
12103
12104
12106
12107
12108
12109
12111
12112
12113
12114
12117
12118
12119
12120
12121
12124
12126
12127
12128
12129
12130
12131
12132
12133
12135
12137
12138
12139
12140
12142
12144
12147
12150
12151
12152
12156
12158
12162
12164
12166
12168
12169
12171
12172
12173
12174
12177
13571
13572
13573
13575
13580
13582
13583
13584
13588
13589
13590
13591
13592
13594
13596
13597
13598
13599
13600
13601
13602
13603
13604
13606
13608
13609
13611
13616
13619
13620
13623
13626
13628
13629
13630
13633
13636
13637
13639
13640
13641
13645
13647
13650
13652
13653
13654
13655
13657
13658
13659
13660
13662
13663
15303
15305
15306
15307
15308
15309
15311
15313
15314
15315
15317
15318
15319
15320
15321
15322
15323
15324
15326
15327
15328
15330
15331
15332
15333
15334
15335
15337
15341
15343
15344
15345
15346
15347
15348
15350
15353
15354
15355
15357
15358
15359
15360
15361
15362
15363
15365
15366
15370
15371
15372
15374
15375
15377
15378
15379
15380
15381
15383
15384
15385
15386
15387
15388
15389
15392
15393
15394
15395
15396
15397
15398
15399
15402
15403
15404
15405
15406
15408
15410
15412
15413
15414
15415
15417
15420
15421
15422
15423
15424
15425
15426
15430
15431
15432
17129
17130
17132
17134
17136
17142
17143
17145
17146
17147
17148
17149
17150
17151
17153
17154
17156
17157
17158
17159
17160
17162
17163
17164
17166
17167
17169
17170
17171
17172
17173
17174
17175
17177
17178
17179
17180
17181
17182
17183
17184
17185
17186
17188
17189
17190
17191
17192
17193
17194
17195
17196
17197
17198
17199
17200
17201
17202
17203
17206
17207
17208
17209
17210
17211
17212
17213
17214
17215
17216
17220
17221
17223
17224
17227
17231
17232
17233
17234
17239
17240
18952
18954
18955
18957
18958
18959
18960
18961
18962
18964
18965
18967
18969
18970
18971
18974
18975
18976
18978
18979
18980
18983
18984
18985
18986
18987
18988
18991
18992
18993
18994
18998
18999
19000
19001
19002
19003
19004
19005
19006
19007
19008
19009
19010
19011
19012
19013
19015
19016
19017
19019
19021
19022
19023
19024
19026
19027
19028
19029
19030
19031
19032
19033
19034
19035
19036
19037
19039
19040
19041
19042
19043
19044
19045
19046
19047
19048
19049
19050
19054
19055
19056
19057
19058
19059
19061
19063
19065
19066
19067
19068
19069
19070
19071
19074
19075
19076
19077
19078
19082
19083
20685
20686
20691
20693
20694
20695
20696
20698
20699
20701
20703
20705
20706
20708
20710
20711
20712
20713
20715
20717
20718
20719
20720
20722
20723
20724
20726
20727
20728
20729
20730
20731
20732
20733
20734
20737
20738
20741
20743
20744
20745
20746
20747
20748
20749
20750
20752
20753
20754
20755
20756
20758
20759
20760
20761
20763
20764
20765
20766
20767
20769
20771
20775
20776
20777
20781
20784
20786
20789
20792
20793
20795
20796
20797
20801
20803
20804
20805
22409
22410
22411
22413
22414
22415
22416
22417
22420
22421
22422
22423
22425
22427
22429
22430
22431
22433
22435
22436
22437
22438
22439
22440
22443
22444
22445
22446
22447
22448
22451
22452
22453
22454
22455
22457
22459
22460
22461
22462
22463
22464
22465
22466
22467
22469
22470
22471
22472
22473
22474
22476
22477
22478
22479
22480
22482
22483
22487
22489
22490
22491
22492
22493
22495
22496
22497
22498
22501
22502
22503
22504
22505
24244
24245
24246
24247
24248
24250
24251
24253
24256
24257
24258
24259
24263
24264
24265
24267
24268
24269
24270
24271
24272
24273
24274
24275
24276
24277
24278
24279
24280
24281
24284
24285
24287
24288
24292
24293
24294
24295
24296
24297
24299
24300
24301
24302
24303
24305
24306
24307
24308
24309
24311
24313
24314
24315
24316
24317
24319
24320
24321
24322
24323
24325
24326
24328
24329
24330
24331
24332
24333
24334
24335
24336
24337
24338
24341
24344
24345
24346
24351
24352
24354
24356
24357
24361
24367
24368
24370
24371
26196
26197
26199
26200
26201
26204
26205
26206
26207
26208
26209
26210
26211
26212
26215
26216
26218
26219
26221
26222
26223
26224
26225
26226
26227
26228
26229
26230
26231
26233
26235
26236
26238
26239
26244
26245
26247
26248
26250
26251
26252
26253
26256
26257
26258
26259
26260
26261
26262
26263
26264
26265
26266
26267
26269
26270
26271
26274
26275
26276
26277
26278
26279
26280
26281
26282
26283
26285
26286
26288
26289
26290
26291
26292
26293
26294
26295
26296
26298
26299
26301
26304
26305
26306
26308
26310
26311
26312
26313
26316
26317
26318
26320
26321
26325
26326
26327
26328
26329
26332
26333
26335
26336
26337
26338
28090
28093
28094
28096
28097
28098
28099
28100
28104
28105
28106
28107
28108
28109
28110
28112
28113
28115
28116
28117
28118
28119
28121
28122
28123
28124
28125
28127
28128
28129
28130
28132
28133
28134
28137
28138
28139
28141
28142
28144
28147
28149
28150
28151
28152
28154
28155
28157
28158
28159
28161
28162
28163
28164
28165
28166
28168
28169
28170
28171
28172
28173
28174
28175
28176
28177
28178
28179
28180
28181
28183
28184
28185
28186
28188
28189
28190
28192
28193
28194
28196
28198
28200
28202
28208
28209
28210
28211
28212
28213
28214
28215
28216
28217
28218
28219
28222
28226
28227
28228
29857
29860
29865
29866
29867
29870
29871
29874
29875
29877
29878
29880
29881
29882
29884
29885
29887
29888
29889
29891
29892
29893
29898
29899
29902
29903
29904
29905
29906
29908
29910
29911
29913
29914
29915
29916
29917
29918
29920
29923
29924
29927
29929
29930
29931
29932
29933
29934
29935
29936
29937
29938
29939
29941
29942
29943
29944
29945
29947
29948
29951
29952
29953
29964
29969
29973
29974
29979
29984
29986
31705
31706
31707
31708
31709
31710
31711
31713
31714
31715
31717
31719
31720
31721
31722
31723
31725
31726
31727
31728
31729
31730
31732
31733
31734
31735
31738
31739
31742
31743
31746
31747
31749
31750
31754
31755
31756
31757
31758
31759
31760
31761
31762
31763
31764
31765
31766
31767
31768
31769
31770
31772
31773
31774
31775
31777
31778
31780
31781
31782
31783
31784
31785
31786
31788
31789
31790
31791
31793
31794
31795
31796
31797
31799
31802
31803
31804
31805
31808
31811
31812
31814
31817
31818
31819
31820
31823
31824
31825
31828
31832
31834
31839
33630
33632
33636
33638
33640
33641
33642
33643
33644
33646
33648
33649
33650
33652
33653
33655
33657
33658
33659
33660
33662
33663
33664
33665
33669
33670
33671
33672
33674
33676
33677
33679
33680
33681
33683
33685
33687
33688
33689
33690
33691
33692
33693
33694
33695
33696
33697
33698
33699
33703
33704
33705
33708
33709
33710
33712
33713
33714
33715
33716
33717
33718
33720
33721
33722
33723
33724
33725
33726
33727
33728
33729
33730
33731
33733
33734
33735
33736
33737
33738
33739
33740
33742
33743
33744
33745
33747
33749
33751
33752
33754
33755
33756
33759
33760
33763
33764
33767
33768
33769
33771
33772
33773
35587
35588
35591
35592
35593
35596
35597
35598
35599
35600
35602
35603
35605
35606
35608
35609
35610
35611
35612
35613
35614
35615
35616
35617
35618
35619
35621
35622
35623
35624
35626
35627
35628
35629
35630
35631
35634
35636
35637
35638
35639
35640
35641
35642
35643
35645
35646
35647
35648
35650
35652
35653
35654
35655
35656
35657
35658
35661
35662
35663
35665
35666
35667
35669
35670
35671
35672
35674
35675
35676
35677
35678
35679
35680
35681
35682
35683
35684
35685
35686
35687
35688
35690
35691
35692
35693
35694
35695
35696
35697
35698
35704
35705
35708
35710
35713
35714
35715
35716
35718
35719
35720
35721
35722
35726
35728
35729
35730
35731
35732
37404
37406
37407
37408
37409
37410
37413
37414
37415
37416
37419
37420
37422
37423
37424
37425
37426
37428
37429
37431
37432
37434
37435
37437
37439
37442
37445
37448
37449
37450
37451
37453
37457
37458
37459
37463
37464
37465
37466
37467
37468
37469
37470
37471
37472
37473
37474
37476
37477
37480
37481
37482
37486
37488
37489
37490
37491
37492
37493
37494
37495
37496
37497
37501
37503
37504
37505
37506
37507
37508
37510
37513
37515
37516
37517
37519
37520
37521
37522
37523
37525
37526
39235
39236
39237
39240
39241
39248
39249
39251
39252
39256
39257
39258
39259
39262
39264
39265
39267
39268
39269
39270
39271
39273
39274
39276
39278
39280
39281
39282
39283
39284
39285
39286
39287
39289
39290
39292
39293
39294
39295
39297
39298
39299
39300
39301
39303
39306
39307
39310
39311
39312
39313
39314
39315
39317
39318
39319
39320
39321
39323
39324
39325
39326
39327
39328
39330
39332
39333
39334
39337
39338
39344
39345
39346
39347
39349
39352
39354
39355
39356
39359
39360
39361
39362
39365
39367
41067
41068
41071
41072
41073
41074
41075
41077
41078
41079
41080
41081
41083
41084
41085
41086
41087
41089
41090
41093
41094
41095
41096
41097
41098
41099
41100
41101
41102
41103
41105
41107
41108
41109
41110
41111
41112
41114
41115
41116
41117
41118
41119
41121
41122
41123
41124
41125
41126
41127
41128
41129
41130
41131
41132
41133
41134
41135
41136
41138
41140
41141
41142
41143
41144
41145
41146
41149
41150
41152
41153
41154
41155
41157
41158
41159
41160
41161
41162
41163
41166
41168
41169
41170
41172
41173
41177
41180
41183
41185
41186
41190
41191
41192
41194
41195
41196
41199
42755
42758
42761
42764
42766
42767
42769
42771
42772
42774
42775
42777
42778
42779
42780
42781
42783
42788
42790
42791
42792
42793
42795
42796
42797
42799
42801
42802
42805
42806
42807
42808
42809
42810
42811
42812
42813
42815
42816
42817
42818
42820
42821
42822
42823
42825
42829
42830
42832
42833
42834
42835
42838
42841
42844
42846
42850
42852
42856
42858
42864
44666
44668
44669
44670
44671
44672
44674
44675
44676
44677
44678
44680
44681
44682
44683
44685
44687
44688
44689
44690
44691
44692
44694
44695
44698
44699
44701
44702
44703
44704
44705
44707
44708
44709
44710
44712
44713
44714
44717
44718
44720
44721
44723
44724
44726
44727
44729
44730
44731
44732
44736
44737
44738
44739
44740
44741
44742
44743
44744
44745
44746
44747
44748
44749
44750
44751
44752
44753
44754
44755
44756
44757
44758
44759
44760
44761
44763
44764
44765
44766
44767
44768
44769
44770
44771
44772
44773
44774
44776
44777
44778
44779
44780
44782
44783
44784
44785
44786
44790
44791
44795
44796
44800
44801
44803
44804
44805
44806
44810
44811
44812
44814
44815
44818
44819
44821
44822
44824
46670
46671
46672
46673
46675
46676
46677
46678
46679
46681
46682
46683
46684
46685
46686
46688
46689
46690
46692
46693
46694
46695
46696
46697
46698
46699
46700
46702
46703
46704
46705
46706
46707
46708
46709
46710
46711
46713
46714
46715
46717
46718
46719
46720
46721
46722
46723
46724
46725
46726
46727
46728
46729
46730
46731
46733
46734
46735
46737
46738
46739
46740
46742
46743
46744
46745
46746
46747
46748
46750
46751
46752
46753
46754
46755
46756
46757
46759
46760
46761
46762
46763
46764
46765
46766
46767
46768
46769
46770
46771
46775
46777
46778
46779
46784
46785
46787
46793
46794
46795
46796
46797
46798
46799
46800
46801
46802
46803
46804
46805
46806
46808
46810
46811
46813
46815
48719
48720
48721
48722
48723
48724
48725
48726
48727
48728
48729
48730
48732
48734
48736
48737
48738
48739
48741
48742
48743
48744
48745
48746
48747
48749
48750
48751
48752
48753
48754
48755
48756
48757
48758
48759
48760
48762
48763
48764
48765
48766
48767
48768
48769
48770
48772
48773
48774
48775
48776
48777
48780
48781
48782
48783
48784
48785
48786
48787
48788
48789
48791
48792
48793
48794
48795
48796
48797
48798
48803
48804
48805
48806
48807
48808
48809
48810
48811
48812
48813
48814
48815
48817
48818
48819
48820
48821
48822
48824
48825
48826
48827
48828
48829
48830
48831
48832
48833
48834
48835
48836
48838
48839
48840
48841
48842
48843
48845
48847
48848
48849
48852
48854
48856
48858
48859
48860
48861
48862
48863
48865
48866
48867
48868
48869
48871
48872
48873
48874
48875
48876
48877
48878
48879
50789
50790
50791
50792
50794
50795
50796
50797
50798
50799
50800
50801
50803
50804
50805
50806
50807
50808
50809
50810
50811
50812
50813
50815
50816
50817
50818
50819
50820
50821
50823
50824
50826
50827
50828
50830
50831
50833
50834
50835
50836
50837
50838
50839
50840
50841
50842
50843
50844
50845
50846
50847
50848
50849
50850
50851
50852
50853
50854
50855
50856
50857
50860
50861
50862
50863
50864
50865
50866
50867
50868
50869
50870
50872
50873
50874
50876
50877
50878
50879
50880
50881
50882
50884
50885
50886
50887
50888
50889
50890
50891
50892
50893
50894
50895
50896
50897
50898
50899
50900
50902
50904
50905
50906
50908
50909
50910
50911
50912
50913
50914
50915
50916
50917
50920
50922
50923
50924
50928
50929
50930
50931
50932
50933
50934
50936
50937
50938
50940
50941
50942
50943
50945
50946
50947
52731
52732
52733
52734
52735
52736
52738
52739
52740
52741
52744
52746
52749
52750
52751
52752
52754
52755
52756
52757
52758
52759
52760
52761
52762
52763
52764
52766
52767
52768
52769
52770
52773
52774
52775
52777
52778
52781
52783
52785
52786
52787
52788
52789
52791
52792
52795
52798
52799
52800
52801
52802
52803
52804
52805
52806
52807
52808
52809
52812
52813
52814
52815
52816
52817
52818
52819
52820
52821
52822
52823
52824
52825
52827
52828
52829
52830
52831
52832
52833
52835
52836
52837
52838
52839
52841
52844
52845
52846
52850
52852
52853
52855
52856
52857
52858
52859
52861
52862
52866
52869
52871
54710
54711
54714
54715
54718
54719
54720
54721
54723
54724
54725
54726
54727
54729
54730
54731
54734
54735
54736
54738
54739
54740
54741
54742
54743
54744
54745
54746
54747
54749
54750
54753
54754
54755
54756
54757
54758
54759
54761
54762
54763
54765
54766
54767
54770
54771
54772
54773
54774
54776
54777
54778
54779
54780
54781
54782
54783
54784
54787
54788
54789
54790
54792
54793
54795
54796
54797
54798
54799
54800
54802
54803
54804
54805
54806
54807
54809
54812
54813
54815
54816
54817
54818
54819
54820
54821
54822
54823
54824
54827
54828
54831
54834
54836
54839
54840
54841
54844
54846
54847
54848
54849
54850
54851
54852
54853
54854
54855
54857
54858
54859
54860
54861
54862
54863
54865
54866
56663
56664
56665
56668
56669
56671
56672
56674
56676
56677
56678
56679
56682
56683
56684
56685
56687
56688
56689
56690
56691
56692
56693
56695
56696
56697
56698
56699
56703
56705
56706
56708
56710
56711
56712
56713
56714
56715
56716
56717
56720
56722
56723
56724
56725
56726
56727
56728
56729
56730
56731
56732
56733
56734
56735
56737
56738
56740
56741
56742
56743
56744
56745
56746
56747
56748
56749
56750
56751
56752
56754
56755
56757
56760
56761
56762
56763
56764
56767
56768
56769
56770
56772
56774
56775
56776
56777
56780
56783
56787
56788
56793
56794
56795
58492
58493
58494
58495
58496
58499
58501
58502
58503
58505
58506
58507
58508
58509
58512
58513
58514
58515
58517
58518
58519
58521
58523
58524
58525
58528
58530
58531
58532
58534
58535
58536
58537
58538
58539
58540
58541
58542
58543
58544
58547
58548
58549
58550
58551
58552
58554
58556
58557
58558
58559
58560
58562
58563
58564
58567
58568
58571
58572
58574
58575
58576
58578
58580
58581
58582
58583
58584
58588
58592
58593
58594
58595
58596
58600
58602
58603
58604
58611
58612
58613
60309
60311
60312
60314
60316
60318
60319
60320
60323
60324
60325
60327
60328
60329
60330
60331
60332
60333
60335
60336
60337
60339
60340
60342
60343
60344
60346
60349
60350
60351
60353
60354
60356
60357
60358
60359
60360
60362
60363
60364
60365
60366
60367
60368
60369
60370
60371
60372
60374
60375
60376
60377
60378
60379
60380
60381
60382
60383
60385
60386
60387
60388
60389
60390
60392
60393
60394
60395
60396
60398
60399
60400
60402
60409
60410
60415
60416
60417
60423
60425
60427
60428
60429
60430
60431
60432
60433
60434
60435
60437
62169
62170
62171
62172
62173
62174
62175
62176
62178
62179
62182
62183
62184
62185
62186
62187
62188
62190
62191
62193
62194
62195
62197
62198
62199
62200
62201
62202
62203
62204
62205
62206
62207
62208
62211
62213
62214
62215
62216
62217
62221
62222
62223
62224
62225
62226
62227
62228
62229
62231
62232
62233
62234
62236
62237
62239
62240
62242
62243
62245
62246
62247
62248
62249
62250
62251
62252
62253
62254
62255
62256
62257
62258
62259
62260
62262
62263
62264
62265
62267
62268
62269
62270
62272
62273
62274
62275
62276
62279
62281
62282
62283
62284
62285
62287
62289
62290
62292
62294
62295
62296
62297
62298
62300
62301
62302
62307
62308
62309
62312
62313
64216
64217
64218
64219
64220
64221
64222
64223
64224
64225
64226
64229
64232
64233
64234
64235
64236
64237
64238
64239
64240
64241
64242
64243
64244
64245
64246
64248
64249
64250
64251
64252
64253
64255
64256
64258
64259
64260
64261
64262
64263
64264
64266
64267
64268
64269
64271
64272
64274
64275
64276
64277
64278
64279
64280
64281
64283
64284
64285
64286
64287
64288
64289
64290
64291
64292
64293
64295
64296
64297
64298
64300
64301
64302
64303
64304
64305
64306
64307
64309
64310
64311
64312
64314
64315
64316
64317
64318
64319
64320
64321
64322
64323
64324
64325
64326
64327
64329
64331
64334
64335
64336
64337
64339
64340
64342
64345
64346
64347
64348
64350
64351
64352
64353
64354
64355
64356
64358
64359
64360
64361
64362
64363
64364
64365
64366
64367
64369
64370
64371
64372
64374
64375
66211
66212
66215
66216
66217
66218
66219
66220
66225
66226
66227
66228
66229
66230
66232
66233
66234
66235
66236
66238
66239
66241
66243
66244
66246
66247
66250
66251
66252
66253
66254
66255
66256
66257
66258
66259
66260
66261
66263
66264
66265
66267
66268
66269
66270
66271
66272
66273
66274
66275
66276
66277
66278
66280
66281
66283
66284
66285
66286
66288
66289
66290
66291
66292
66293
66294
66295
66296
66297
66298
66299
66300
66301
66303
66304
66305
66307
66308
66309
66310
66311
66312
66314
66315
66317
66318
66319
66320
66322
66323
66324
66325
66326
66329
66331
66336
66338
66339
66340
66342
66343
66346
66348
66349
66350
66352
66353
66354
66355
66356
66357
66358
66360
68023
68026
68027
68028
68029
68030
68031
68032
68033
68034
68035
68036
68037
68038
68039
68041
68042
68043
68045
68048
68049
68050
68051
68052
68053
68055
68056
68057
68058
68059
68060
68062
68063
68064
68066
68067
68068
68069
68070
68071
68072
68073
68074
68075
68076
68077
68078
68079
68080
68082
68084
68085
68086
68087
68088
68089
68090
68091
68092
68093
68094
68095
68096
68097
68098
68099
68100
68101
68102
68103
68104
68105
68106
68107
68108
68109
68110
68111
68112
68113
68114
68115
68117
68118
68119
68120
68121
68122
68123
68124
68125
68126
68127
68129
68130
68131
68132
68133
68135
68136
68137
68139
68140
68141
68142
68143
68144
68145
68146
68147
68148
68149
68151
69769
69770
69771
69772
69774
69775
69776
69777
69778
69779
69782
69783
69784
69785
69786
69787
69788
69789
69790
69791
69793
69794
69795
69796
69797
69798
69799
69800
69801
69802
69804
69805
69807
69808
69810
69811
69812
69813
69814
69816
69817
69818
69819
69820
69821
69822
69823
69824
69826
69827
69828
69829
69830
69831
69832
69833
69834
69835
69836
69837
69838
69839
69840
69841
69842
69843
69844
69845
69846
69847
69848
69849
69850
69851
69852
69853
69854
69855
69856
69857
69858
69859
69860
69861
69862
69863
69864
69865
69866
69867
69868
69869
69870
69871
69872
69873
69874
69875
69876
69877
69878
69879
69880
69883
69884
69885
69886
69887
69888
69889
69890
69892
69893
69894
69895
69896
69897
69901
69902
69903
69904
71499
71500
71501
71502
71503
71504
71506
71507
71508
71509
71510
71511
71512
71513
71514
71516
71517
71518
71519
71520
71521
71522
71524
71525
71526
71528
71529
71530
71532
71535
71536
71539
71540
71541
71543
71545
71546
71548
71549
71550
71551
71552
71553
71554
71555
71556
71557
71558
71559
71560
71561
71562
71563
71564
71565
71566
71568
71569
71570
71571
71572
71573
71574
71576
71577
71578
71579
71580
71581
71582
71583
71584
71585
71586
71587
71588
71589
71590
71591
71592
71593
71594
71595
71596
71597
71598
71600
71601
71603
71604
71605
71607
71608
71609
71610
71611
71612
71613
71614
71615
71616
71618
71619
71620
71621
71622
71623
71625
71626
73165
73166
73167
73168
73169
73170
73171
73172
73174
73175
73176
73177
73178
73179
73180
73181
73182
73183
73184
73185
73186
73187
73188
73189
73190
73191
73192
73193
73195
73196
73197
73198
73199
73202
73203
73204
73205
73206
73207
73208
73209
73210
73211
73212
73213
73215
73217
73218
73219
73220
73221
73222
73223
73224
73225
73226
73227
73228
73230
73231
73232
73233
73234
73235
73236
73237
73238
73239
73240
73241
73242
73243
73244
73245
73246
73247
73248
73249
73250
73251
73252
73253
73254
73255
73256
73257
73258
73260
73261
73262
73263
73264
73265
73266
73269
73270
73272
73273
73274
73275
73276
73277
73278
73279
73280
73281
73282
73283
73284
73286
74219
74220
74221
74222
74223
74224
74226
74227
74231
74234
74235
74236
74237
74238
74239
74240
74241
74242
74243
74244
74245
74248
74249
74250
74251
74252
74255
74256
74257
74258
74259
74260
74261
74262
74263
74265
74266
74267
74268
74270
74271
74272
74273
74274
74275
74276
74277
75053
75054
75055
75057
75058
75060
75061
75064
75065
75068
75069
75071
75072
75074
75076
75077
75078
75079
75080
75083
75085
75086
75087
75088
75089
75090
75091
75092
75095
75096
75097
75098
75099
75101
75103
75104
75107
75109
75964
75965
75966
75967
75969
75970
75971
75972
75974
75978
75979
75980
75982
75985
75986
75987
75988
75989
75990
75991
75993
75995
75996
75998
75999
76000
76001
76002
76003
76004
76007
76008
76009
76011
76013
76014
76015
76016
76017
76018
76020
76021
76022
76024
76025
76026
76027
76028
76029
76030
76033
76036
76039
76040
76041
76042
76043
76044
76045
76940
76941
76942
76943
76944
76946
76948
76949
76950
76951
76952
76954
76956
76957
76958
76959
76960
76963
76964
76966
76967
76968
76969
76970
76971
76974
76975
76976
76977
76978
76980
76982
76983
76984
76985
76986
76987
76989
76990
76992
76993
76995
76996
76999
77000
78287
78289
78290
78291
78292
78293
78294
78296
78297
78298
78299
78300
78301
78302
78303
78304
78305
78306
78308
78309
78310
78311
78312
78313
78314
78315
78316
78317
78318
78319
78320
78321
78322
78323
78324
78325
78326
78327
78328
78330
78331
78332
78333
78335
78336
78337
78338
78339
78340
78341
78342
78343
78345
78346
78347
78348
78349
78350
78351
78352
78353
78354
78355
78356
78357
78358
78360
78361
78363
78365
78366
78367
78368
78369
78370
78371
78372
78374
78375
78376
78377
78378
78379
78380
78382
78384
78385
78386
78388
78390
78391
78393
78394
78395
78397
79966
79967
79968
79970
79971
79972
79973
79974
79975
79976
79977
79978
79979
79980
79981
79983
79984
79986
79987
79988
79989
79990
79991
79992
79993
79994
79995
79996
79998
80000
80001
80002
80004
80005
80006
80007
80008
80009
80010
80011
80012
80013
80014
80015
80016
80017
80019
80020
80021
80022
80023
80024
80025
80026
80027
80028
80030
80031
80032
80033
80034
80035
80036
80037
80038
80039
80040
80041
80042
80043
80044
80046
80047
80048
80049
80050
80051
80052
80053
80054
80056
80057
80059
80060
80062
80063
80065
80066
80067
80068
80069
80070
80071
80073
80074
80075
80076
80077
80078
80079
80080
80081
80082
80083
80084
80086
80087
80089
80090
81416
81417
81418
81420
81423
81425
81428
81429
81430
81431
81432
81433
81434
81435
81436
81438
81439
81440
81442
81444
81446
81447
81448
81449
81452
81453
81454
81455
81456
81457
81458
81459
81460
81461
81462
81463
81464
81465
81466
81467
81468
81469
81470
81471
81472
81473
81474
81475
81476
81477
81479
81480
81481
81482
81483
81484
81485
81486
81488
81489
81490
81491
81492
81494
81495
81498
81499
81500
81501
81502
81503
81504
81505
81507
81509
81510
81511
81512
81513
81515
83126
83128
83129
83130
83131
83132
83133
83134
83135
83136
83137
83138
83140
83141
83142
83143
83144
83145
83146
83147
83148
83149
83150
83151
83152
83153
83154
83155
83156
83157
83159
83160
83161
83162
83163
83164
83166
83167
83168
83169
83170
83171
83172
83173
83174
83175
83177
83178
83179
83180
83181
83184
83186
83187
83188
83189
83190
83191
83192
83193
83194
83195
83196
83197
83198
83199
83200
83201
83202
83203
83204
83205
83206
83207
83208
83209
83210
83212
83213
83214
83215
83216
83217
83218
83219
83220
83221
83222
83223
83224
83225
83226
83227
83228
83229
83230
83231
83232
83233
83234
83236
83237
83238
83239
83240
83242
83243
83244
83245
83247
83249
83250
83251
83252
83253
83254
83255
83256
83257
83258
83259
83260
83261
83262
83263
83265
83267
83268
83270
83271
83272
83273
83274
83275
83276
83277
84697
84698
84699
84700
84701
84703
84704
84705
84707
84708
84710
84711
84712
84713
84714
84716
84717
84718
84719
84720
84722
84723
84724
84725
84726
84727
84728
84729
84731
84732
84734
84735
84736
84737
84738
84739
84741
84742
84743
84744
84745
84747
84748
84749
84750
84751
84752
84753
84754
84755
84756
84757
84758
84759
84760
84763
84765
84766
84767
84768
84771
84774
84775
84776
84777
84778
84779
84780
84781
84782
84783
84786
84787
84788
84789
84790
84791
84792
84793
84794
84795
84796
84797
84798
84799
84800
84801
84802
84804
84805
84806
86166
86169
86170
86171
86172
86173
86174
86175
86177
86178
86179
86180
86181
86182
86183
86184
86185
86186
86187
86188
86189
86190
86191
86192
86193
86194
86197
86199
86200
86201
86202
86203
86205
86206
86207
86208
86209
86210
86211
86212
86213
86215
86216
86217
86218
86219
86220
86221
86222
86223
86224
86225
86226
86227
86228
86229
86230
86232
86233
86235
86236
86237
86238
86239
86241
86242
86243
86244
86245
86246
86247
86248
86249
86251
86252
86253
86254
86255
86256
86257
86259
86261
86262
86263
86264
86265
86266
86267
87644
87645
87646
87647
87649
87650
87651
87654
87655
87656
87657
87658
87661
87662
87663
87664
87665
87666
87667
87668
87669
87670
87671
87672
87674
87675
87676
87677
87679
87680
87681
87684
87685
87686
87687
87688
87690
87692
87693
87694
87695
87697
87698
87699
87700
87701
87702
87703
87704
87705
87706
87707
87708
87709
87710
87711
87712
87714
87715
87716
87717
87718
87719
87720
87721
87722
87723
87724
87727
87728
87729
87730
87731
87732
87733
87734
87735
87736
87737
87738
87739
87741
87742
87743
87744
87746
87748
87749
87750
87751
87752
87754
87755
87756
87757
87758
89153
89154
89156
89157
89158
89159
89160
89161
89162
89163
89164
89165
89166
89167
89168
89169
89170
89171
89172
89173
89174
89175
89177
89178
89179
89180
89182
89183
89185
89186
89187
89189
89190
89191
89192
89193
89194
89195
89196
89197
89198
89199
89200
89202
89203
89204
89205
89206
89207
89208
89210
89211
89212
89213
89214
89215
89216
89217
89219
89221
89222
89223
89224
89225
89226
89228
89229
89232
89233
89234
89236
89237
89238
89239
89240
89241
89242
89243
89246
89247
89249
89250
89251
89252
89253
89254
89255
89256
89257
89258
89259
89260
89261
89262
89263
89264
89265
89266
89268
89269
89270
89271
89272
89273
89274
90530
90533
90534
90536
90537
90538
90539
90540
90541
90542
90543
90545
90547
90548
90549
90553
90555
90556
90557
90558
90559
90560
90561
90562
90563
90564
90565
90566
90567
90568
90569
90570
90571
90572
90573
90574
90575
90576
90577
90578
90579
90580
90581
90582
90584
90585
90586
90587
90588
90589
90590
90591
90592
90593
90594
90595
90596
90597
90598
90599
90600
90601
90602
90603
90604
90605
90606
90607
90608
90609
90610
90611
90612
90613
90614
90615
90618
90619
90620
90623
90624
90626
90628
92099
92100
92101
92102
92103
92104
92105
92106
92107
92108
92109
92110
92111
92112
92113
92114
92115
92116
92117
92118
92119
92120
92121
92122
92123
92124
92125
92126
92127
92128
92131
92132
92133
92134
92135
92136
92137
92139
92141
92142
92143
92144
92145
92146
92147
92148
92149
92150
92151
92153
92154
92155
92156
92157
92158
92159
92160
92161
92162
92163
92164
92165
92166
92167
92168
92169
92170
92171
92172
92173
92174
92175
92176
92177
92178
92179
92180
92181
92182
92183
92184
92185
92186
92187
92188
92189
92190
92191
92194
92195
92196
92197
92199
92200
92202
92203
92204
92206
92207
92208
92210
92211
92212
92213
92215
92217
92218
92219
92220
92221
92222
92224
92225
92226
92227
92228
92230
92232
93885
93886
93887
93888
93889
93890
93891
93892
93893
93894
93895
93896
93897
93898
93900
93901
93902
93903
93904
93905
93906
93907
93908
93909
93910
93911
93912
93913
93914
93915
93916
93918
93920
93921
93922
93923
93924
93925
93926
93927
93928
93929
93930
93931
93932
93933
93934
93935
93936
93937
93939
93940
93941
93942
93943
93944
93945
93946
93947
93948
93949
93950
93951
93952
93953
93954
93955
93956
93957
93958
93959
93960
93961
93962
93963
93964
93965
93966
93967
93968
93969
93970
93971
93972
93973
93974
93975
93976
93977
93978
93979
93980
93981
93982
93983
93984
93985
93986
93987
93988
93989
93990
93991
93993
93994
93995
93996
93997
93998
94000
94001
94002
94003
94004
94005
94006
94008
94009
94010
94011
95488
95489
95490
95491
95492
95493
95494
95495
95497
95499
95500
95501
95502
95503
95504
95505
95506
95507
95508
95509
95511
95512
95513
95514
95516
95517
95519
95520
95521
95522
95523
95524
95525
95526
95527
95528
95529
95531
95532
95533
95534
95535
95537
95538
95539
95540
95542
95543
95544
95545
95546
95547
95548
95550
95551
95552
95553
95554
95555
95556
95557
95558
95559
95560
95561
95562
95563
95564
95565
95566
95567
95568
95569
95570
95571
95572
95573
95574
95575
95576
95577
95578
95579
95580
95581
95582
95583
95584
95585
95586
95587
95588
95589
95590
95591
95592
95593
95594
95595
95596
95597
95598
95602
95603
95604
95605
95608
95609
96727
96729
96731
96732
96733
96734
96736
96737
96738
96739
96742
96743
96744
96745
96746
96747
96748
96749
96750
96751
96753
96754
96755
96756
96757
96758
96759
96761
96763
96764
96765
96766
96767
96768
96769
96770
96771
96772
96773
96774
96775
96778
96780
96782
96785
96786
96787
98064
98065
98068
98069
98070
98071
98072
98073
98074
98075
98076
98077
98078
98079
98082
98083
98084
98085
98086
98087
98088
98089
98090
98091
98092
98094
98095
98097
98098
98099
98100
98101
98102
98103
98104
98105
98106
98107
98109
98110
98111
98112
98114
98116
98117
98118
98119
98120
98122
98123
98125
98126
98127
98128
98129
98130
98131
98132
98133
98134
98135
98137
98138
98139
98140
98141
98142
98143
98144
98145
98146
98150
98151
98152
98153
98154
98155
98156
98157
98158
98159
98161
98162
98163
98166
98167
98168
99432
99433
99436
99437
99439
99441
99442
99443
99444
99445
99446
99448
99451
99453
99454
99456
99457
99458
99459
99460
99461
99463
99464
99466
99468
99470
99472
99473
99474
99475
99477
99478
99479
99480
99481
99482
99484
99485
99487
99488
99489
99490
99491
99492
99493
99494
99495
99496
99497
99498
99499
99500
99502
99503
99505
99506
99507
99508
99509
99510
99513
99514
99515
99517
99518
99519
99521
99522
99524
99525
99528
99531
99532
99533
100826
100827
100828
100829
100831
100832
100834
100836
100837
100838
100840
100841
100842
100843
100845
100846
100847
100848
100851
100852
100853
100856
100858
100859
100860
100862
100863
100864
100865
100866
100867
100868
100869
100870
100871
100872
100873
100875
100877
100879
100881
100882
100883
100884
100885
100886
100887
100888
100889
100890
100891
100892
100894
100896
100897
100898
100899
100900
100901
100902
100903
100904
100905
100906
100907
100908
100909
100910
100911
100912
100913
100914
100915
100916
100919
100920
100921
100923
100924
100925
100928
100929
102424
102425
102426
102427
102428
102430
102431
102432
102433
102434
102435
102437
102438
102439
102440
102441
102443
102444
102445
102447
102448
102449
102450
102451
102452
102453
102454
102455
102457
102458
102459
102460
102461
102462
102463
102464
102465
102466
102467
102468
102469
102470
102471
102472
102474
102475
102476
102477
102478
102479
102480
102481
102482
102483
102484
102485
102486
102487
102488
102489
102490
102491
102493
102494
102496
102497
102498
102499
102500
102501
102502
102503
102504
102506
102507
102508
102509
102510
102511
102512
102514
102515
102516
102517
102518
102520
102521
102523
102524
102525
102527
102528
102529
102530
102531
102532
102533
102534
102536
102537
102539
102540
102541
102542
102543
102544
102545
102546
102547
102548
104132
104133
104134
104136
104137
104138
104139
104140
104141
104142
104143
104144
104145
104146
104147
104148
104149
104150
104151
104152
104153
104155
104156
104157
104159
104160
104161
104162
104163
104164
104166
104167
104168
104169
104170
104171
104172
104173
104175
104176
104177
104178
104179
104180
104182
104183
104184
104185
104187
104188
104189
104190
104191
104192
104193
104195
104196
104197
104198
104199
104200
104201
104202
104203
104204
104205
104206
104207
104208
104209
104210
104211
104212
104213
104214
104215
104216
104217
104218
104219
104220
104221
104222
104223
104224
104226
104227
104228
104230
104231
104232
104233
104234
104235
104237
104238
104239
104240
104241
104242
104243
104244
104245
104246
104248
104249
104250
104251
104252
104253
104254
104255
104256
104257
104260
104261
104262
104263
105942
105943
105944
105945
105946
105947
105948
105951
105952
105953
105954
105955
105956
105957
105958
105960
105961
105962
105963
105964
105965
105966
105968
105969
105970
105971
105972
105973
105974
105975
105976
105977
105978
105979
105980
105981
105983
105984
105985
105986
105987
105988
105989
105990
105991
105992
105993
105994
105995
105996
105997
105998
105999
106000
106001
106002
106003
106004
106005
106006
106007
106008
106009
106010
106011
106012
106013
106014
106015
106016
106017
106018
106019
106020
106021
106022
106023
106024
106025
106026
106027
106028
106029
106030
106031
106032
106033
106034
106035
106036
106037
106038
106039
106040
106041
106042
106043
106044
106045
106046
106047
106051
106053
106055
106056
106060
106061
106062
106063
106064
106065
106066
106067
106068
106069
106070
106072
106075
106076
106077
106078
106079
106081
106083
106085
107671
107672
107673
107674
107677
107678
107679
107680
107681
107682
107683
107684
107686
107687
107688
107689
107690
107691
107694
107695
107697
107698
107699
107700
107701
107703
107704
107705
107707
107708
107709
107710
107711
107712
107713
107714
107715
107716
107717
107718
107719
107720
107721
107722
107723
107724
107725
107726
107727
107728
107729
107730
107731
107733
107734
107735
107736
107737
107738
107739
107741
107742
107743
107744
107745
107746
107747
107748
107749
107750
107751
107752
107753
107754
107755
107757
107758
107759
107760
107761
107762
107763
107766
107767
107768
107769
107770
107771
107772
107773
107774
107777
107779
107780
107781
107783
107784
107785
107786
107787
107788
109230
109231
109232
109233
109234
109235
109236
109237
109243
109244
109245
109246
109248
109249
109250
109252
109253
109254
109255
109256
109257
109258
109259
109260
109261
109262
109263
109264
109265
109266
109268
109270
109271
109272
109273
109275
109276
109277
109278
109279
109280
109281
109282
109283
109284
109285
109287
109288
109289
109290
109291
109292
109293
109294
109295
109296
109297
109299
109300
109301
109302
109303
109304
109305
109306
109307
109308
109309
109310
109311
109312
109313
109314
109315
109316
109317
109318
109319
109321
109322
109325
109326
109327
109328
109329
109332
109333
109335
109336
109337
109338
109339
109340
109341
109342
109343
109344
110906
110907
110909
110910
110911
110912
110914
110915
110917
110918
110919
110920
110921
110922
110923
110924
110925
110926
110927
110928
110929
110930
110931
110932
110934
110935
110936
110937
110938
110939
110940
110943
110944
110945
110946
110947
110948
110949
110950
110951
110952
110953
110954
110955
110957
110958
110959
110960
110961
110962
110963
110964
110965
110967
110968
110969
110970
110971
110972
110973
110974
110975
110976
110978
110979
110980
110981
110982
110983
110984
110985
110986
110987
110988
110989
110990
110991
110992
110993
110994
110996
110997
110998
110999
111000
111001
111002
111003
111004
111005
111006
111008
111009
111010
111011
111012
111013
111014
111015
111018
111020
111021
111022
111023
111024
111026
111027
111028
111029
111030
111031
111032
111034
111035
111036
111037
111038
111039
112521
112523
112524
112525
112527
112528
112529
112530
112531
112532
112533
112534
112536
112538
112539
112540
112541
112542
112544
112545
112546
112547
112548
112549
112550
112551
112552
112553
112554
112555
112557
112558
112559
112560
112561
112562
112563
112565
112566
112567
112570
112572
112573
112574
112576
112577
112578
112579
112581
112582
112583
112584
112585
112586
112587
112588
112589
112590
112591
112592
112593
112594
112595
112596
112597
112598
112599
112600
112601
112602
112603
112604
112605
112606
112607
112609
112610
112611
112612
112613
112616
112619
112620
112622
112623
112624
112625
112626
112628
112629
114162
114165
114166
114167
114169
114170
114171
114172
114173
114174
114175
114176
114177
114178
114179
114180
114181
114182
114183
114184
114186
114187
114188
114189
114190
114191
114192
114193
114195
114196
114198
114199
114200
114201
114203
114204
114205
114206
114207
114208
114209
114210
114211
114212
114213
114214
114215
114216
114217
114218
114219
114220
114221
114222
114223
114224
114225
114227
114228
114229
114230
114231
114232
114233
114234
114235
114236
114237
114238
114239
114240
114241
114243
114244
114245
114246
114247
114248
114249
114250
114251
114252
114253
114254
114255
114256
114257
114258
114259
114263
114264
114265
114266
114267
114268
114269
114270
114271
114272
114273
114274
114275
114276
114277
114278
114280
114281
114282
114283
114284
114285
115700
115702
115703
115704
115705
115706
115707
115709
115710
115711
115712
115713
115714
115715
115716
115717
115718
115721
115722
115723
115724
115725
115726
115728
115729
115730
115732
115733
115734
115736
115737
115738
115739
115740
115741
115742
115743
115744
115745
115746
115747
115748
115749
115750
115751
115752
115754
115755
115756
115757
115758
115759
115760
115761
115762
115763
115764
115765
115766
115767
115768
115769
115771
115772
115773
115775
115776
115778
115780
115781
115782
115783
115784
115785
115786
115787
115788
115789
115791
115792
115793
115794
115796
115797
115798
115799
115802
115803
115804
115805
115806
115807
115809
117316
117317
117318
117319
117320
117321
117324
117325
117327
117328
117329
117330
117332
117333
117334
117336
117337
117338
117339
117342
117343
117344
117345
117346
117347
117348
117349
117350
117351
117352
117353
117356
117357
117358
117360
117362
117363
117364
117365
117366
117367
117368
117369
117370
117371
117372
117373
117374
117375
117376
117377
117378
117379
117380
117381
117382
117383
117384
117385
117386
117387
117388
117389
117390
117391
117392
117393
117394
117395
117396
117397
117398
117399
117401
117402
117403
117404
117405
117407
117408
117409
117410
117411
117412
117413
117414
117415
117416
117417
117418
117420
117421
117422
117423
117424
117425
117426
117427
117428
117429
117430
117431
117432
117433
117434
117435
117436
117437
117438
117440
117441
117442
117444
117445
117446
117447
119017
119018
119019
119020
119021
119023
119024
119025
119026
119027
119028
119029
119030
119031
119032
119034
119035
119036
119037
119038
119039
119040
119041
119042
119043
119045
119046
119047
119048
119049
119050
119052
119053
119054
119055
119056
119057
119058
119059
119060
119061
119062
119063
119064
119065
119066
119067
119068
119069
119070
119072
119073
119074
119075
119077
119078
119079
119080
119081
119082
119083
119084
119085
119086
119087
119088
119089
119091
119092
119093
119094
119095
119096
119097
119098
119099
119100
119101
119102
119103
119104
119106
119107
119108
119109
119111
119112
119113
119114
119115
119116
119118
119119
119120
119121
119122
119123
119124
119125
119126
119127
119128
119129
119130
119131
119133
119134
119135
119136
119137
119138
119140
119141
119142
119143
119144
119145
119147
119149
119150
119151
119152
120716
120717
120718
120719
120721
120722
120723
120724
120727
120728
120729
120730
120731
120733
120735
120736
120737
120738
120739
120740
120741
120742
120743
120744
120745
120746
120749
120750
120751
120752
120753
120754
120755
120756
120757
120758
120759
120760
120761
120762
120763
120764
120765
120766
120767
120768
120769
120770
120771
120772
120774
120775
120776
120779
120780
120781
120782
120783
120784
120785
120786
120787
120788
120789
120790
120792
120793
120794
120795
120796
120797
120798
120799
120800
120801
120802
120803
120804
120805
120807
120808
120809
120810
120811
120812
120813
120814
120815
120816
120817
120818
120819
120820
120821
120822
120824
120825
120826
120827
120828
120830
120831
120832
120833
120834
120836
120837
120838
120839
