1668
1669
1670
1671
1672
1673
1676
1678
1679
1680
1682
1683
1684
1686
1687
1688
1690
1692
1693
1694
1695
1696
1697
1698
1699
1700
1701
1702
1703
1705
1706
1707
1709
1710
1711
1712
1713
1714
1715
1719
1720
1721
1723
1724
1725
1726
1727
1728
1729
1730
1731
1732
1733
1734
1735
1736
1738
1739
1740
1741
1742
1743
1744
1745
1746
1747
1748
1750
1751
1752
1754
1755
1756
1757
1758
1760
1761
1762
1764
1765
1766
1768
1769
1770
1771
1772
1773
1774
1775
1776
1777
1778
1780
1781
1782
1783
1784
1785
1787
1788
1789
1790
1791
1792
1793
1795
1796
1797
1798
1800
1803
1805
1806
1807
1808
1809
1810
1811
1812
1814
1815
1817
1818
1819
1820
1822
1824
1825
1826
1828
3613
3614
3615
3616
3617
3618
3619
3620
3621
3622
3623
3624
3625
3626
3627
3628
3629
3630
3631
3632
3634
3636
3637
3638
3639
3640
3641
3642
3643
3644
3645
3646
3647
3648
3650
3651
3652
3653
3654
3656
3657
3658
3659
3660
3661
3662
3664
3665
3666
3667
3668
3669
3670
3671
3672
3673
3674
3675
3676
3677
3678
3679
3680
3681
3682
3683
3685
3686
3687
3688
3689
3690
3691
3692
3693
3694
3695
3696
3697
3698
3699
3700
3701
3702
3703
3704
3705
3706
3707
3708
3709
3710
3711
3712
3713
3714
3715
3716
3717
3718
3719
3720
3721
3722
3724
3725
3726
3727
3728
3729
3730
3731
3732
3733
3734
3735
3736
3737
3738
3739
3740
3741
3742
3744
3745
3747
3750
3752
3754
3756
3757
3758
3761
3762
3763
3764
3765
3766
3767
3768
3769
3770
3771
3772
3773
3774
3776
3777
3778
3779
3781
3782
3783
3784
5630
5632
5633
5634
5635
5636
5638
5639
5640
5641
5642
5643
5644
5645
5646
5647
5648
5649
5650
5651
5652
5654
5655
5656
5657
5658
5659
5660
5661
5662
5663
5664
5665
5666
5667
5668
5669
5670
5672
5673
5674
5675
5676
5677
5678
5679
5680
5681
5682
5683
5684
5685
5686
5687
5688
5689
5690
5691
5692
5693
5694
5695
5696
5697
5698
5699
5700
5701
5702
5703
5704
5705
5706
5707
5708
5709
5710
5712
5713
5714
5715
5716
5718
5719
5720
5721
5722
5723
5724
5725
5726
5727
5728
5729
5730
5731
5732
5733
5734
5735
5736
5737
5738
5739
5740
5741
5742
5743
5744
5745
5746
5747
5748
5749
5750
5751
5752
5753
5754
5755
5756
5757
5759
5760
5761
5762
5763
5764
5766
5767
5768
5772
5773
5774
5775
5776
5777
5778
5779
5780
5781
5783
5784
5785
5786
5788
5789
5790
5791
5793
5794
5796
5797
5798
5799
7469
7470
7471
7472
7475
7476
7477
7478
7479
7480
7481
7482
7486
7487
7489
7490
7494
7495
7496
7497
7498
7499
7501
7502
7503
7504
7505
7507
7508
7509
7510
7511
7513
7514
7515
7517
7518
7520
7521
7522
7523
7524
7525
7526
7527
7528
7529
7530
7531
7532
7533
7534
7535
7536
7537
7538
7539
7540
7541
7542
7543
7544
7545
7546
7547
7548
7549
7550
7551
7552
7553
7554
7555
7558
7559
7560
7561
7562
7563
7564
7565
7566
7567
7570
7571
7572
7573
7574
7575
7576
7577
7578
7579
7581
7582
7583
7584
7585
7587
7589
7590
7591
7592
7596
7598
7599
7600
7601
7602
7603
7604
7607
7608
7609
7610
7611
7612
7613
7614
7615
7616
7618
7619
7620
7621
7623
7624
7626
9165
9166
9167
9168
9170
9171
9173
9174
9175
9176
9179
9180
9181
9183
9184
9185
9186
9189
9190
9191
9192
9193
9194
9196
9197
9198
9199
9200
9201
9202
9203
9204
9206
9208
9209
9210
9211
9213
9214
9215
9216
9217
9220
9221
9222
9223
9224
9225
9227
9228
9229
9230
9231
9232
9234
9235
9236
9238
9239
9240
9241
9242
9243
9244
9246
9247
9249
9250
9251
9252
9253
9255
9256
9257
9258
9260
9261
9263
9264
9265
9266
9267
9268
9269
9271
9272
9275
9276
9278
9280
9281
9283
9284
9285
9286
9290
9291
9292
9295
9297
9298
9299
9300
9302
9303
9304
9306
9307
9308
9309
9310
10822
10823
10824
10825
10830
10831
10834
10839
10840
10841
10842
10843
10844
10846
10847
10848
10849
10850
10851
10852
10853
10854
10855
10856
10857
10858
10859
10860
10861
10862
10863
10864
10865
10866
10867
10869
10871
10872
10873
10874
10875
10876
10878
10879
10880
10881
10882
10883
10884
10886
10887
10888
10889
10890
10891
10892
10895
10896
10898
10899
10900
10902
10903
10904
10905
10906
10907
10908
10910
10911
10912
10913
10914
10915
10916
10917
10918
10920
10921
10922
10925
10927
10928
10930
10932
10933
10936
10937
10939
10941
10942
10945
10946
10947
10948
10950
10951
10952
10953
10956
10957
12507
12510
12511
12512
12513
12515
12516
12517
12518
12521
12522
12524
12525
12527
12528
12529
12530
12531
12532
12533
12535
12537
12538
12539
12541
12542
12543
12545
12546
12547
12548
12549
12550
12551
12552
12553
12554
12556
12557
12558
12559
12560
12561
12562
12563
12564
12565
12568
12569
12570
12571
12572
12574
12575
12576
12580
12581
12582
12583
12584
12585
12587
12588
12589
12590
12591
12592
12593
12594
12595
12596
12597
12598
12599
12600
12601
12602
12604
12605
12606
12607
12608
12609
12610
12611
12613
12615
12616
12619
12622
12623
12624
12625
12626
12627
12628
12629
12630
12631
12632
12633
12635
12636
12637
12641
12643
12644
12645
13954
13955
13958
13959
13961
13962
13964
13965
13966
13969
13970
13971
13972
13973
13975
13976
13978
13980
13981
13982
13983
13984
13985
13986
13987
13988
13989
13990
13992
13994
13995
13996
13997
13998
13999
14000
14001
14002
14003
14005
14006
14007
14009
14011
14012
14013
14016
14017
14018
14019
14020
14022
14024
14025
14026
14027
14029
14030
14032
14033
14034
14035
14036
14037
14038
14041
14042
14044
14045
14046
14048
14049
14052
14053
14054
14055
14056
14058
14059
14060
14061
14063
14065
15785
15786
15787
15788
15789
15790
15791
15792
15793
15795
15797
15798
15799
15801
15802
15803
15804
15805
15806
15807
15808
15809
15810
15811
15812
15813
15814
15815
15817
15818
15819
15820
15821
15822
15823
15825
15827
15828
15830
15831
15832
15833
15834
15835
15836
15837
15838
15839
15842
15843
15844
15846
15847
15848
15849
15850
15851
15852
15853
15854
15856
15857
15858
15859
15861
15862
15863
15864
15865
15866
15867
15868
15869
15870
15871
15872
15873
15874
15875
15876
15877
15878
15880
15881
15882
15883
15884
15885
15886
15887
15888
15889
15890
15891
15892
15893
15894
15895
15896
15897
15898
15899
15901
15903
15904
15905
15906
15907
15908
15911
15912
15913
15914
15916
15919
15921
15922
15924
15926
15927
15928
15929
15930
15931
15932
15933
15934
15935
15936
15939
15941
15942
15943
15944
15945
15946
15947
17575
17576
17577
17579
17580
17582
17583
17584
17585
17586
17588
17591
17592
17593
17594
17595
17597
17598
17599
17600
17602
17603
17604
17605
17606
17607
17608
17609
17610
17611
17612
17613
17614
17615
17616
17617
17618
17619
17620
17621
17622
17623
17624
17625
17627
17628
17629
17630
17631
17632
17634
17635
17636
17637
17638
17639
17640
17641
17642
17643
17644
17645
17646
17647
17648
17649
17650
17652
17654
17655
17656
17657
17658
17659
17660
17661
17662
17663
17664
17665
17667
17668
17669
17670
17671
17672
17673
17674
17675
17676
17678
17679
17680
17682
17684
17685
17686
17688
17689
17691
17693
17695
17696
17697
17698
17700
17701
17703
17704
17705
17708
17710
17711
17713
17714
17715
17717
17718
17719
17720
17721
17722
17723
17724
17725
17726
17727
17728
17731
17732
17733
17736
17737
17738
17739
19430
19431
19432
19433
19434
19435
19436
19437
19438
19439
19440
19441
19443
19444
19445
19446
19447
19448
19449
19450
19451
19452
19453
19454
19455
19457
19458
19459
19461
19462
19463
19464
19465
19466
19467
19468
19469
19470
19471
19472
19473
19474
19475
19476
19477
19478
19479
19481
19483
19484
19486
19487
19488
19489
19490
19491
19492
19493
19495
19496
19497
19498
19499
19501
19502
19503
19504
19506
19507
19508
19509
19510
19511
19512
19513
19514
19517
19518
19519
19521
19522
19523
19524
19525
19526
19528
19529
19530
19531
19532
19533
19534
19535
19536
19537
19538
19539
19540
19541
19542
19543
19544
19545
19546
19548
19549
19550
19551
19553
19554
19555
19556
19557
19558
19559
19560
19561
19562
19564
19565
19567
19568
19569
19570
19571
19572
19573
19574
19575
19576
19577
19579
19580
19581
19582
19584
21116
21117
21118
21119
21120
21122
21123
21124
21125
21127
21129
21130
21131
21132
21134
21135
21136
21138
21139
21140
21141
21142
21143
21144
21145
21146
21147
21148
21149
21150
21151
21152
21153
21156
21157
21158
21159
21163
21164
21166
21167
21168
21169
21170
21171
21172
21173
21174
21175
21177
21178
21179
21180
21181
21182
21184
21185
21186
21187
21188
21191
21192
21193
21194
21195
21196
21197
21199
21200
21201
21202
21203
21204
21205
21206
21207
21208
21209
21210
21211
21212
21214
21215
21217
21218
21219
21220
21221
21222
21225
21226
21229
21230
21231
21233
21234
21235
21237
21238
21241
21242
21244
21245
21246
21247
21248
21250
21251
21254
21255
21257
21258
21259
21260
21262
21263
22823
22824
22825
22826
22827
22828
22829
22830
22831
22832
22835
22836
22837
22838
22839
22840
22842
22843
22844
22845
22846
22848
22849
22850
22851
22852
22853
22854
22855
22856
22859
22860
22861
22862
22864
22865
22867
22868
22869
22871
22872
22874
22875
22876
22879
22880
22881
22882
22883
22884
22885
22887
22888
22889
22890
22893
22895
22896
22897
22898
22900
22901
22902
22903
22904
22905
22906
22907
22908
22909
22910
22911
22912
22914
22915
22916
22917
22918
22919
22920
22921
22922
22923
22924
22925
22926
22927
22928
22929
22930
22931
22932
22934
22935
22936
22938
22939
22941
22942
22943
22946
22947
22949
22953
22954
22955
22956
22957
22958
22959
22960
22961
22962
22963
22964
22965
22966
22967
22968
22971
24715
24716
24717
24718
24719
24720
24721
24722
24724
24726
24727
24728
24729
24731
24732
24734
24735
24736
24737
24738
24739
24740
24742
24743
24744
24745
24746
24747
24748
24749
24750
24751
24752
24756
24757
24758
24760
24761
24763
24764
24765
24766
24767
24768
24769
24770
24772
24773
24774
24776
24777
24778
24779
24780
24781
24782
24783
24784
24785
24787
24788
24790
24791
24792
24793
24794
24795
24796
24797
24798
24799
24800
24801
24802
24805
24806
24807
24808
24809
24810
24811
24812
24813
24814
24815
24816
24817
24818
24819
24820
24821
24822
24823
24824
24825
24826
24827
24828
24829
24830
24831
24832
24834
24837
24838
24840
24841
24842
24843
24844
24845
24846
24847
24848
24849
24850
24851
24852
24853
24854
24855
24856
24857
24858
24859
24860
24862
24863
24864
24865
24866
24867
24868
24869
24870
24872
24873
24874
24875
24877
24878
24879
24880
24881
24882
24883
26695
26696
26697
26698
26699
26700
26701
26703
26705
26706
26707
26708
26710
26712
26713
26714
26715
26716
26717
26718
26719
26720
26721
26722
26723
26724
26725
26726
26727
26728
26729
26730
26731
26732
26734
26735
26736
26737
26738
26739
26740
26741
26742
26743
26744
26747
26749
26750
26751
26753
26754
26755
26756
26757
26758
26759
26760
26761
26762
26763
26764
26765
26766
26767
26768
26769
26770
26771
26772
26773
26774
26775
26776
26777
26778
26780
26781
26782
26783
26785
26786
26787
26788
26789
26790
26791
26792
26793
26795
26796
26797
26798
26799
26800
26801
26802
26803
26804
26805
26806
26807
26808
26809
26810
26811
26812
26813
26815
26816
26817
26821
26822
26823
26824
26825
26826
26827
26828
26829
26830
26831
26832
26835
26840
26841
26844
26845
26846
26850
26851
26852
26853
26855
26856
26858
26859
26860
26861
26864
26865
28580
28581
28582
28584
28585
28586
28587
28588
28589
28590
28591
28592
28593
28594
28595
28596
28597
28599
28600
28601
28602
28603
28604
28606
28607
28608
28610
28613
28614
28615
28617
28618
28619
28623
28624
28625
28626
28627
28630
28631
28632
28633
28634
28635
28636
28637
28639
28640
28641
28642
28644
28645
28648
28649
28650
28651
28652
28653
28654
28655
28656
28657
28659
28660
28661
28662
28663
28664
28665
28666
28667
28668
28669
28670
28671
28673
28674
28675
28676
28677
28678
28679
28680
28681
28683
28684
28685
28687
28690
28692
28693
28694
28695
28697
28698
28699
28700
28701
28702
28703
28704
28707
28708
28709
28710
28711
28712
28713
28714
28715
28717
28718
28719
28720
28721
28722
28724
28725
28726
28728
28729
28730
28732
28733
28734
28735
28736
28737
30311
30312
30314
30315
30318
30319
30320
30322
30323
30324
30325
30326
30327
30329
30330
30331
30333
30334
30336
30337
30338
30339
30340
30341
30342
30343
30344
30345
30346
30347
30348
30349
30350
30351
30354
30355
30358
30361
30362
30363
30364
30365
30366
30368
30369
30370
30372
30373
30374
30375
30376
30377
30378
30380
30381
30382
30383
30384
30385
30386
30387
30388
30389
30390
30391
30392
30393
30394
30395
30396
30397
30399
30400
30401
30402
30403
30405
30406
30407
30408
30410
30411
30413
30414
30416
30417
30419
30421
30422
30423
30424
30425
30426
30429
30431
30432
30433
30434
30435
30436
30437
30438
30439
30440
30441
30442
30443
30444
30445
30446
30447
30449
30450
30451
30452
32189
32190
32192
32194
32195
32196
32197
32198
32199
32200
32201
32202
32203
32204
32205
32206
32207
32208
32210
32211
32212
32213
32214
32215
32216
32217
32219
32220
32221
32222
32223
32224
32225
32226
32227
32228
32230
32231
32232
32235
32236
32237
32239
32240
32241
32242
32243
32244
32246
32247
32248
32249
32250
32251
32252
32253
32254
32255
32256
32257
32258
32259
32260
32261
32262
32263
32266
32267
32268
32270
32271
32272
32273
32275
32276
32277
32278
32279
32280
32281
32282
32283
32284
32285
32286
32287
32288
32289
32290
32291
32292
32293
32294
32295
32296
32297
32298
32299
32300
32301
32302
32303
32304
32305
32306
32307
32308
32309
32311
32313
32314
32315
32316
32317
32318
32319
32320
32321
32324
32325
32326
32327
32328
32329
32330
32331
32332
32334
32335
32336
32337
32339
32340
32341
32344
32345
32346
32348
32349
32350
34129
34130
34131
34132
34133
34134
34135
34136
34138
34139
34140
34141
34143
34144
34145
34146
34148
34149
34150
34151
34152
34153
34154
34155
34157
34158
34159
34160
34161
34162
34163
34164
34165
34166
34167
34168
34169
34170
34171
34172
34173
34174
34175
34176
34177
34178
34179
34180
34181
34182
34183
34184
34186
34187
34188
34189
34190
34191
34192
34193
34194
34195
34196
34197
34198
34199
34201
34202
34205
34206
34207
34208
34209
34210
34211
34212
34213
34214
34215
34216
34217
34218
34219
34220
34221
34222
34223
34224
34225
34226
34227
34228
34229
34230
34231
34232
34233
34234
34235
34236
34239
34240
34241
34242
34243
34244
34245
34246
34247
34248
34252
34253
34255
34256
34257
34258
34260
34261
34262
34263
34264
34265
34266
34268
34269
34270
34271
34272
34274
34275
34276
34278
34279
34281
34282
34283
34285
34286
34287
34288
34289
34291
34292
34293
34294
34295
34296
34297
36088
36090
36091
36092
36093
36094
36095
36096
36098
36099
36100
36101
36102
36103
36105
36106
36107
36109
36110
36111
36112
36113
36114
36115
36116
36118
36119
36120
36121
36123
36124
36125
36126
36128
36129
36130
36131
36132
36133
36134
36135
36136
36137
36140
36141
36142
36144
36145
36146
36147
36148
36149
36150
36151
36152
36153
36154
36155
36157
36158
36159
36161
36162
36163
36164
36165
36166
36167
36168
36169
36170
36171
36172
36173
36174
36175
36176
36177
36178
36179
36180
36181
36182
36184
36185
36186
36187
36188
36190
36191
36192
36193
36194
36195
36196
36197
36198
36199
36201
36202
36203
36204
36205
36206
36207
36208
36209
36211
36213
36214
36216
36219
36221
36223
36224
36225
36226
36227
36229
36230
36231
36232
36233
36234
36235
36236
36238
36240
36241
36242
36243
36244
36245
36247
36248
36250
36252
37851
37852
37853
37856
37857
37858
37859
37860
37861
37862
37863
37864
37865
37866
37867
37868
37869
37870
37871
37872
37873
37874
37875
37876
37877
37879
37880
37881
37882
37885
37886
37887
37888
37890
37894
37895
37896
37897
37898
37899
37900
37901
37902
37904
37906
37907
37908
37909
37910
37911
37912
37913
37914
37915
37916
37917
37918
37919
37920
37921
37922
37923
37925
37928
37929
37930
37931
37932
37933
37935
37936
37937
37938
37939
37940
37941
37942
37943
37944
37946
37947
37948
37949
37950
37951
37952
37953
37955
37956
37957
37958
37959
37960
37963
37965
37968
37971
37972
37974
37975
37976
37977
37978
37979
37980
37982
37983
37984
37985
37986
37987
37988
37989
37990
37993
37994
37995
37998
39709
39710
39712
39713
39714
39715
39716
39717
39719
39720
39721
39722
39723
39724
39725
39726
39727
39728
39729
39730
39731
39732
39733
39734
39735
39736
39737
39738
39739
39740
39741
39742
39743
39744
39745
39747
39748
39749
39750
39751
39752
39754
39755
39756
39757
39759
39760
39761
39762
39763
39764
39765
39766
39767
39768
39769
39770
39771
39772
39773
39775
39776
39777
39778
39779
39780
39781
39782
39783
39784
39785
39786
39787
39788
39789
39791
39792
39793
39794
39795
39796
39797
39798
39799
39800
39801
39802
39803
39804
39805
39806
39807
39808
39809
39810
39811
39812
39813
39814
39815
39816
39817
39818
39819
39820
39821
39822
39823
39824
39825
39828
39829
39830
39831
39832
39833
39834
39835
39838
39839
39840
39842
39843
39844
39846
39847
39848
39850
39851
39852
39853
39854
39855
39856
39857
39858
39859
39863
39864
39865
41542
41543
41544
41545
41546
41549
41550
41551
41552
41553
41554
41555
41556
41557
41558
41561
41563
41565
41566
41567
41568
41569
41570
41571
41572
41573
41574
41575
41576
41577
41578
41579
41580
41581
41582
41583
41584
41585
41586
41587
41588
41589
41590
41591
41592
41595
41596
41599
41600
41601
41602
41603
41604
41605
41606
41607
41608
41609
41610
41611
41612
41613
41614
41615
41616
41617
41618
41619
41620
41621
41622
41623
41624
41626
41627
41628
41630
41631
41632
41633
41634
41635
41636
41637
41638
41639
41640
41641
41642
41643
41644
41645
41646
41647
41648
41649
41650
41651
41652
41653
41654
41655
41656
41661
41662
41663
41664
41668
41669
41670
41671
41672
41673
41674
41677
41679
41681
41682
41684
41685
41687
41688
41690
41691
41692
41693
41694
41695
41696
41697
41699
41700
41701
41702
43158
43160
43161
43162
43163
43164
43165
43167
43168
43170
43171
43172
43173
43175
43176
43177
43178
43179
43180
43181
43182
43183
43184
43185
43186
43187
43188
43190
43191
43193
43194
43195
43196
43197
43198
43199
43201
43202
43203
43204
43205
43206
43207
43209
43210
43211
43212
43214
43216
43217
43218
43219
43220
43221
43224
43225
43226
43228
43229
43230
43231
43232
43233
43235
43236
43237
43238
43240
43241
43242
43245
43246
43247
43248
43249
43250
43252
43253
43255
43256
43257
43258
43259
43260
43261
43262
43264
43265
43267
43268
43269
43270
43272
43273
43276
43277
43278
43281
43283
43284
43285
43286
43287
43288
43289
43290
43292
43293
43296
43297
43298
43300
43301
45190
45191
45192
45193
45194
45195
45196
45197
45198
45199
45200
45201
45202
45203
45204
45205
45206
45207
45208
45209
45210
45211
45212
45214
45215
45216
45217
45218
45220
45221
45222
45223
45224
45225
45226
45227
45228
45229
45230
45231
45232
45233
45234
45235
45236
45237
45238
45239
45240
45241
45242
45243
45245
45246
45247
45248
45250
45251
45252
45253
45254
45255
45256
45257
45258
45259
45260
45261
45262
45263
45264
45265
45266
45267
45268
45269
45270
45271
45272
45273
45275
45276
45277
45278
45279
45280
45281
45282
45283
45284
45285
45286
45287
45288
45289
45290
45291
45292
45293
45294
45295
45296
45297
45298
45299
45300
45301
45302
45303
45304
45305
45306
45307
45308
45310
45311
45313
45314
45315
45316
45317
45319
45320
45321
45322
45323
45324
45325
45327
45328
45329
45330
45331
45333
45334
45335
45336
45337
45338
45339
45340
45341
45342
45343
45345
45346
45347
45348
45350
45352
45353
45354
45355
45356
45357
45358
45359
45361
45362
47169
47170
47171
47172
47173
47174
47175
47176
47177
47178
47179
47180
47181
47182
47184
47185
47186
47187
47188
47189
47190
47191
47192
47193
47195
47196
47197
47199
47200
47201
47202
47203
47204
47205
47206
47207
47208
47209
47210
47211
47212
47213
47214
47215
47216
47217
47218
47219
47220
47221
47223
47224
47225
47226
47227
47228
47229
47230
47231
47232
47233
47234
47235
47236
47237
47238
47239
47240
47241
47242
47243
47244
47245
47246
47247
47248
47249
47250
47251
47253
47254
47255
47256
47257
47258
47259
47260
47261
47263
47264
47265
47266
47267
47268
47269
47270
47271
47272
47273
47274
47275
47276
47277
47278
47279
47280
47281
47282
47283
47284
47285
47286
47287
47288
47289
47290
47291
47292
47293
47294
47295
47296
47297
47298
47299
47300
47302
47303
47305
47306
47308
47309
47312
47313
47314
47315
47316
47317
47318
47319
47320
47321
47322
47323
47324
47325
47326
47327
47328
47329
47330
47331
47333
47334
47335
47336
47337
47338
49246
49247
49248
49249
49250
49251
49252
49253
49255
49256
49257
49258
49259
49260
49261
49262
49264
49265
49266
49267
49268
49269
49270
49271
49272
49273
49274
49275
49276
49277
49279
49280
49281
49282
49283
49284
49285
49286
49287
49288
49289
49290
49291
49292
49293
49294
49295
49296
49297
49298
49299
49300
49301
49302
49303
49304
49305
49306
49307
49308
49309
49310
49311
49312
49313
49314
49315
49316
49317
49318
49319
49320
49321
49322
49323
49324
49325
49326
49327
49328
49329
49330
49331
49332
49333
49335
49336
49337
49339
49340
49341
49342
49343
49344
49345
49346
49347
49348
49349
49350
49351
49352
49353
49354
49355
49356
49357
49358
49359
49360
49361
49362
49363
49364
49366
49367
49368
49370
49371
49372
49373
49375
49376
49377
49378
49379
49380
49381
49382
49384
49385
49386
49387
49388
49390
49391
49392
49393
49394
49395
49396
49398
49399
49400
49401
49403
49404
49405
49406
49407
49408
49409
49410
49413
49414
49415
49417
49418
49419
51310
51311
51312
51313
51314
51315
51316
51317
51318
51319
51320
51321
51322
51325
51326
51327
51328
51329
51330
51331
51332
51333
51334
51337
51338
51339
51341
51342
51343
51344
51345
51346
51347
51348
51349
51350
51351
51352
51353
51354
51355
51356
51357
51358
51359
51360
51361
51362
51363
51364
51365
51366
51367
51368
51370
51371
51372
51373
51374
51375
51376
51377
51378
51379
51380
51381
51382
51384
51385
51386
51388
51389
51390
51391
51392
51393
51394
51395
51396
51397
51398
51399
51400
51401
51402
51403
51404
51405
51406
51407
51408
51409
51410
51411
51413
51414
51415
51416
51417
51418
51419
51420
51421
51422
51423
51424
51425
51426
51427
51429
51430
51431
51433
51434
51435
51436
51437
51439
51440
51442
51444
51445
51446
51447
51448
51449
51450
51451
51452
51453
51455
51456
51457
51458
51459
51460
51462
51463
51464
51465
51467
51468
51470
51471
51473
51474
51475
51476
51477
51478
51479
51480
51482
51484
51485
51486
53218
53219
53220
53221
53222
53223
53224
53225
53227
53228
53229
53231
53232
53233
53234
53235
53236
53237
53239
53240
53241
53242
53243
53244
53245
53246
53247
53248
53249
53250
53251
53252
53253
53254
53255
53256
53257
53260
53261
53262
53263
53264
53265
53266
53267
53269
53270
53271
53272
53273
53274
53275
53277
53278
53279
53280
53281
53282
53283
53284
53285
53286
53287
53288
53289
53290
53291
53292
53293
53294
53295
53296
53297
53298
53299
53300
53301
53302
53303
53304
53305
53306
53307
53308
53309
53310
53311
53312
53313
53314
53315
53316
53318
53319
53320
53321
53322
53323
53324
53325
53326
53327
53328
53329
53330
53331
53332
53334
53335
53336
53339
53340
53341
53343
53344
53345
53346
53347
53348
53349
53350
53351
53352
53354
53356
53357
53358
53359
53360
53361
53364
53365
53366
53368
53370
53372
53373
53374
53375
53376
53378
53379
53380
55222
55223
55224
55225
55226
55227
55228
55229
55230
55231
55232
55233
55234
55235
55236
55237
55238
55239
55240
55241
55242
55243
55246
55247
55248
55249
55250
55251
55252
55253
55254
55255
55256
55257
55258
55259
55260
55262
55263
55264
55266
55267
55268
55269
55270
55271
55272
55273
55274
55276
55278
55279
55280
55281
55282
55283
55284
55285
55286
55287
55288
55289
55290
55291
55292
55293
55294
55295
55297
55298
55299
55300
55301
55302
55303
55304
55305
55306
55307
55308
55309
55310
55311
55313
55314
55315
55317
55318
55319
55320
55322
55323
55324
55325
55326
55327
55328
55329
55330
55331
55332
55333
55334
55335
55336
55337
55338
55339
55340
55341
55342
55344
55345
55346
55347
55348
55349
55350
55352
55353
55357
55358
55359
55360
55361
55363
55365
55367
55368
55370
55371
55372
55373
55374
55375
55376
55377
55378
55379
55380
55382
55383
55384
55385
55386
55388
55389
55390
55391
55392
55393
57155
57157
57159
57162
57165
57166
57167
57169
57170
57171
57172
57173
57174
57175
57176
57178
57179
57180
57181
57182
57183
57184
57186
57187
57188
57189
57190
57191
57192
57193
57194
57195
57196
57197
57198
57199
57200
57201
57202
57203
57204
57205
57206
57208
57209
57210
57211
57212
57213
57214
57215
57217
57218
57220
57221
57224
57225
57226
57227
57228
57229
57231
57232
57233
57234
57236
57237
57238
57239
57240
57241
57242
57243
57244
57245
57246
57247
57248
57249
57250
57251
57252
57254
57255
57257
57258
57259
57260
57261
57262
57263
57264
57265
57266
57268
57269
57270
57271
57273
57274
57276
57277
57278
57279
57281
57283
57284
57285
57286
57289
57290
57291
57293
57294
57295
57297
57298
57300
57301
57302
57303
57304
57305
57306
57308
57309
57311
57312
57313
57314
58943
58944
58945
58946
58947
58948
58950
58951
58952
58953
58954
58955
58956
58957
58958
58959
58960
58961
58962
58963
58965
58966
58967
58968
58969
58970
58971
58973
58974
58975
58976
58978
58979
58980
58981
58982
58984
58985
58986
58988
58989
58990
58991
58992
58993
58994
58996
58997
58998
58999
59000
59001
59002
59003
59004
59005
59006
59008
59009
59010
59011
59013
59014
59015
59017
59018
59019
59020
59021
59022
59023
59024
59026
59027
59028
59030
59031
59032
59033
59034
59036
59038
59039
59040
59041
59042
59043
59044
59045
59047
59048
59049
59050
59051
59052
59053
59054
59058
59059
59060
59062
59063
59064
59065
59067
59068
59072
59073
59075
59077
59078
59080
59082
59083
59084
59085
59086
59087
59089
59091
59092
59093
59094
59095
59096
60761
60762
60763
60764
60765
60767
60768
60769
60770
60771
60772
60773
60775
60776
60777
60778
60779
60780
60781
60782
60783
60784
60785
60786
60788
60789
60790
60792
60793
60794
60795
60796
60797
60798
60799
60800
60802
60803
60804
60805
60806
60807
60808
60809
60810
60811
60812
60813
60814
60815
60816
60817
60818
60819
60820
60821
60822
60823
60824
60825
60826
60827
60828
60829
60830
60831
60832
60833
60834
60835
60837
60838
60839
60840
60841
60842
60843
60844
60845
60846
60847
60849
60850
60851
60852
60853
60854
60855
60856
60857
60858
60859
60860
60861
60863
60864
60865
60866
60867
60868
60869
60870
60873
60875
60877
60878
60879
60880
60881
60882
60883
60884
60885
60887
60889
60891
60893
60894
60895
60896
60897
60898
60899
60902
60903
60904
60906
60907
60909
60911
62657
62658
62659
62660
62661
62662
62663
62665
62668
62669
62670
62672
62673
62674
62675
62676
62677
62678
62679
62681
62682
62683
62684
62685
62686
62687
62688
62689
62690
62691
62692
62693
62694
62695
62696
62697
62698
62699
62701
62702
62704
62705
62706
62707
62709
62710
62711
62712
62713
62715
62716
62717
62718
62719
62720
62721
62722
62723
62724
62725
62726
62727
62728
62729
62730
62731
62732
62733
62734
62735
62736
62737
62739
62740
62741
62742
62743
62744
62746
62747
62748
62750
62751
62752
62753
62754
62755
62756
62758
62759
62760
62761
62762
62763
62764
62765
62766
62767
62768
62769
62770
62771
62772
62773
62774
62776
62777
62778
62779
62780
62781
62782
62783
62784
62785
62786
62787
62789
62790
62791
62792
62793
62794
62795
62797
62798
62800
62801
62802
62803
62804
62806
62807
62810
62811
62813
62814
62815
62816
62817
62818
62820
62821
62822
62823
62824
64740
64741
64742
64743
64744
64746
64747
64748
64749
64750
64751
64752
64753
64754
64755
64756
64757
64759
64760
64761
64762
64764
64765
64766
64767
64768
64769
64770
64771
64772
64773
64774
64775
64776
64777
64778
64779
64780
64781
64782
64783
64784
64785
64786
64787
64788
64789
64790
64791
64792
64793
64795
64796
64797
64798
64800
64801
64802
64803
64804
64805
64806
64807
64808
64809
64810
64811
64812
64813
64815
64816
64817
64818
64819
64820
64821
64822
64823
64824
64825
64826
64827
64828
64829
64830
64831
64832
64833
64835
64836
64837
64838
64839
64840
64841
64842
64843
64844
64845
64846
64847
64848
64849
64850
64851
64852
64853
64854
64855
64856
64857
64858
64859
64860
64863
64864
64865
64866
64867
64868
64870
64871
64873
64874
64875
64876
64877
64878
64879
64880
64881
64882
64884
64885
64886
64888
64889
64890
64891
64894
64895
64896
64897
64898
64899
64900
64901
64902
64903
64904
64905
64906
64908
64909
64910
64911
66719
66720
66721
66722
66723
66724
66725
66726
66727
66728
66729
66730
66731
66732
66734
66736
66737
66738
66739
66740
66741
66742
66743
66745
66746
66747
66748
66749
66750
66751
66752
66753
66754
66755
66756
66757
66758
66759
66760
66761
66763
66764
66765
66766
66767
66768
66769
66770
66771
66772
66774
66775
66776
66777
66779
66780
66781
66782
66783
66784
66785
66786
66787
66788
66789
66790
66791
66792
66793
66794
66795
66796
66797
66798
66799
66800
66801
66802
66803
66804
66805
66806
66807
66808
66809
66810
66812
66813
66814
66815
66816
66817
66818
66819
66820
66821
66822
66824
66825
66826
66827
66828
66829
66830
66831
66832
66833
66834
66835
66836
66837
66838
66839
66840
66841
66842
66844
66845
66846
66847
66848
66849
66850
66851
66852
66853
66856
66857
66858
66859
66860
66861
66862
66863
66864
66866
66867
66868
66869
66871
66872
66873
66875
66876
66877
66879
66880
66881
66882
66883
66884
66885
66886
68468
68469
68470
68471
68472
68473
68474
68475
68476
68477
68478
68479
68481
68482
68483
68484
68487
68488
68489
68490
68491
68492
68493
68494
68495
68496
68497
68498
68499
68500
68501
68502
68503
68504
68505
68506
68507
68508
68509
68511
68512
68513
68514
68515
68516
68517
68518
68519
68520
68521
68522
68523
68524
68525
68526
68527
68528
68529
68530
68531
68532
68533
68534
68535
68536
68537
68538
68539
68540
68541
68542
68543
68544
68545
68546
68547
68549
68550
68551
68552
68553
68554
68555
68556
68557
68558
68559
68560
68561
68562
68563
68564
68565
68566
68567
68568
68569
68570
68571
68572
68573
68574
68575
68576
68577
68578
68579
68581
68583
68584
68585
68586
68587
68588
68589
68590
68591
68592
68593
68594
68595
68596
68597
68599
68600
68602
68603
68604
68605
68607
68608
68609
68610
68611
68612
68613
68614
68615
68616
68618
68619
68620
68621
68622
68623
68624
68625
68626
68627
70232
70234
70235
70236
70238
70239
70240
70241
70242
70243
70244
70245
70246
70247
70248
70249
70250
70251
70252
70253
70254
70255
70256
70257
70258
70259
70260
70261
70262
70263
70264
70265
70266
70267
70268
70270
70271
70272
70275
70276
70277
70278
70279
70280
70281
70282
70283
70284
70285
70286
70287
70288
70290
70291
70292
70293
70294
70295
70296
70297
70298
70299
70300
70301
70302
70303
70304
70305
70306
70307
70308
70309
70310
70311
70312
70313
70314
70315
70316
70317
70318
70319
70320
70321
70322
70323
70324
70325
70326
70327
70328
70329
70330
70331
70332
70333
70334
70335
70336
70337
70338
70339
70340
70341
70342
70343
70345
70346
70347
70349
70350
70352
70353
70354
70356
70357
70358
70360
70361
70362
70363
70364
70365
70366
70367
70368
70369
70370
70371
70372
70373
70374
70375
70376
70377
70378
70379
70381
70382
70383
70384
70385
71922
71923
71924
71925
71926
71927
71928
71930
71931
71932
71933
71935
71936
71937
71938
71939
71940
71941
71942
71945
71946
71947
71949
71950
71951
71952
71953
71955
71956
71957
71958
71959
71961
71962
71963
71965
71967
71968
71969
71970
71971
71972
71973
71974
71975
71976
71977
71978
71979
71980
71981
71982
71984
71985
71986
71987
71988
71989
71990
71991
71992
71993
71994
71995
71996
71997
71998
71999
72000
72001
72002
72003
72004
72005
72006
72007
72008
72009
72010
72011
72012
72013
72014
72015
72016
72017
72018
72019
72020
72021
72022
72023
72024
72025
72026
72027
72028
72029
72031
72032
72033
72034
72035
72036
72037
72038
72039
72040
72042
72043
72044
72045
72046
72047
72048
72049
72050
72051
72052
72053
72054
72056
72057
72058
72059
72061
72062
72063
72064
72066
73577
73578
73580
73583
73584
73585
73587
73589
73590
73591
73592
73593
73594
73595
73596
73597
73598
73599
73600
73601
73602
73603
73604
73605
73606
73607
73608
73609
73610
73611
73612
73613
73614
73615
73616
73617
73619
73620
73621
73622
73623
73625
73626
73627
73628
73629
73630
73631
73632
73633
73634
73635
73636
73637
73639
73640
73641
73642
73643
73644
73646
73647
73648
73649
73650
73653
73654
73655
73656
73657
73658
73659
73660
73661
73662
73663
73664
73665
73666
73667
73668
73669
73670
73671
73672
73673
73674
73675
73676
73677
73678
73679
73680
73682
73683
73684
73685
73686
73688
73689
73690
73691
73692
73693
73694
73695
73696
73697
73698
73699
73700
73701
73702
73703
73704
73705
73706
73707
73708
73709
73710
73711
73712
73713
73714
73715
73717
73718
73719
73720
73721
73722
73723
73724
73725
73726
73727
74420
74421
74422
74424
74427
74428
74429
74431
74433
74435
74437
74439
74441
74442
74443
74444
74445
74447
74448
74449
74450
74451
74452
74453
74454
74455
74456
74457
74458
74459
74461
74463
74464
74465
74466
74467
74468
74469
74470
74471
74472
74473
74474
74476
74477
74479
74482
74483
74484
74486
74487
74488
74489
74490
74492
74493
74494
74495
74496
74497
74499
75261
75264
75266
75267
75268
75272
75274
75275
75276
75277
75278
75279
75280
75281
75282
75283
75284
75285
75286
75288
75289
75290
75291
75293
75294
75295
75296
75297
75298
75300
75301
75302
75303
75304
75305
75307
75308
75309
75311
75313
75315
75316
75317
75318
75319
75320
75321
75322
75323
75324
75325
75326
75327
75333
75335
75337
75338
75339
75340
75341
75342
75345
75347
75348
75349
75351
76258
76259
76260
76261
76263
76265
76267
76269
76271
76272
76273
76274
76275
76277
76278
76280
76281
76282
76283
76285
76286
76288
76289
76290
76291
76292
76293
76294
76295
76296
76297
76298
76299
76300
76301
76302
76303
76304
76305
76306
76307
76308
76309
76310
76311
76312
76313
76314
76315
76316
76318
76319
76320
76321
76322
76323
76324
76325
76326
76328
76329
76330
76331
76332
76333
76334
76335
76336
76337
76338
76339
76340
76342
76343
76345
76347
76349
76351
76352
76353
76354
76355
76356
76358
77185
77187
77188
77190
77191
77192
77193
77195
77196
77197
77200
77201
77202
77204
77205
77206
77208
77209
77210
77213
77214
77215
77216
77217
77218
77219
77220
77223
77224
77225
77226
77227
77228
77229
77231
77232
77233
77234
77235
77236
77237
77238
77239
77240
77241
77242
77243
77244
77245
77246
77247
77248
77249
77250
77251
77252
77253
77256
77257
77258
77259
77261
77262
77263
77264
77266
77268
77269
77270
77271
77274
77275
78683
78684
78685
78686
78688
78689
78690
78692
78693
78694
78695
78696
78697
78698
78699
78700
78701
78702
78703
78704
78705
78706
78708
78709
78710
78711
78712
78713
78714
78715
78716
78717
78718
78719
78720
78722
78723
78724
78725
78726
78727
78728
78729
78730
78731
78732
78733
78734
78735
78736
78737
78738
78739
78740
78741
78743
78744
78745
78746
78747
78748
78749
78750
78751
78752
78753
78754
78755
78756
78757
78759
78760
78761
78762
78763
78764
78765
78766
78767
78768
78769
78770
78771
78772
78773
78774
78775
78776
78777
78778
78779
78780
78782
78783
78784
78785
78786
78787
78788
78789
78790
78791
78792
78793
78796
78797
78798
78800
78801
78803
78804
78805
78806
78807
78809
78810
78811
78812
78813
78814
78815
78816
78817
78818
78819
78820
78821
78822
78823
78824
78825
78826
78827
78828
78829
78831
78832
78833
78834
80386
80387
80388
80389
80390
80391
80393
80394
80395
80396
80397
80398
80399
80400
80401
80402
80403
80404
80405
80406
80407
80409
80410
80411
80412
80413
80414
80415
80416
80417
80418
80419
80420
80421
80422
80423
80424
80425
80426
80427
80428
80429
80430
80431
80432
80433
80434
80435
80436
80437
80439
80440
80441
80442
80443
80444
80445
80446
80447
80448
80449
80450
80452
80453
80454
80455
80456
80457
80458
80459
80460
80461
80462
80464
80465
80466
80467
80468
80469
80470
80471
80472
80473
80474
80475
80476
80477
80478
80479
80480
80481
80482
80483
80484
80485
80486
80487
80488
80489
80490
80491
80492
80493
80494
80495
80496
80497
80498
80499
80500
80501
80502
80504
80505
80506
80507
80508
80509
80510
80511
80512
80513
80514
80515
80516
80517
80519
80520
80521
80522
80523
80524
80525
80526
80527
80528
80529
80530
80531
80533
80534
80535
80536
80537
80539
80540
81778
81779
81780
81781
81782
81783
81784
81785
81786
81787
81788
81789
81790
81791
81792
81793
81794
81795
81796
81797
81798
81799
81800
81802
81804
81805
81806
81807
81808
81809
81811
81812
81813
81814
81815
81817
81818
81819
81821
81822
81823
81824
81825
81826
81827
81828
81829
81830
81831
81832
81833
81834
81836
81837
81838
81839
81840
81841
81843
81844
81845
81846
81847
81848
81850
81851
81852
81853
81854
81855
81856
81857
81858
81859
81860
81861
81862
81863
81864
81865
81866
81867
81868
81869
81870
81871
81872
81873
81874
81875
81876
81877
81878
81879
81880
81881
81882
81883
81884
81885
81886
81887
81888
81890
81891
81892
81893
81898
81899
81900
81902
81903
81904
81905
81906
81907
81908
81909
83606
83608
83609
83610
83611
83613
83614
83615
83616
83617
83618
83619
83620
83621
83622
83623
83624
83625
83626
83627
83629
83630
83631
83632
83633
83634
83635
83636
83637
83638
83639
83640
83641
83642
83643
83644
83645
83646
83647
83648
83649
83650
83651
83652
83653
83654
83655
83656
83657
83658
83659
83660
83661
83662
83663
83664
83665
83666
83667
83668
83669
83670
83671
83672
83673
83674
83675
83676
83677
83678
83679
83680
83681
83682
83683
83684
83685
83686
83687
83688
83689
83690
83691
83692
83693
83694
83695
83696
83697
83698
83699
83700
83701
83702
83703
83704
83705
83706
83707
83708
83709
83710
83711
83713
83714
83715
83716
83717
83718
83719
83720
83721
83722
83723
83724
83725
83727
83728
83729
83730
83731
83732
83733
83734
83735
83736
83737
83738
83739
83741
83742
83743
83744
83745
83746
83747
83748
83749
83750
83751
83754
83755
83756
83757
83758
83759
83760
83761
83762
83763
83764
83766
83769
83770
85077
85078
85079
85080
85081
85082
85083
85084
85085
85087
85089
85091
85092
85093
85094
85095
85096
85097
85098
85099
85100
85101
85102
85103
85104
85105
85106
85107
85108
85109
85110
85111
85112
85113
85116
85117
85119
85122
85123
85125
85126
85127
85128
85129
85130
85131
85132
85133
85134
85135
85136
85137
85138
85139
85140
85141
85143
85144
85145
85146
85147
85148
85149
85151
85152
85153
85154
85155
85156
85157
85158
85159
85160
85161
85162
85163
85165
85166
85167
85168
85169
85170
85171
85172
85173
85174
85175
85176
85178
85180
85181
85184
85185
85186
85187
85188
85189
85190
85191
85192
85193
85194
85195
85197
85198
85199
85200
85202
85204
85205
85206
85207
85209
86534
86535
86536
86537
86540
86542
86543
86544
86545
86546
86547
86548
86549
86553
86554
86555
86556
86557
86558
86559
86560
86561
86562
86563
86564
86565
86566
86567
86568
86569
86570
86571
86574
86575
86576
86577
86578
86579
86580
86581
86582
86583
86584
86585
86586
86587
86588
86589
86590
86591
86592
86593
86594
86595
86596
86597
86598
86599
86600
86601
86603
86604
86605
86607
86608
86609
86610
86611
86612
86613
86615
86616
86617
86618
86619
86620
86621
86622
86623
86625
86626
86627
86628
86629
86631
86632
86634
86635
86636
86637
86639
86640
86641
86642
86643
86644
86645
86647
86648
86649
86650
86651
86652
86653
86654
86655
86657
86658
86659
86660
86662
86663
86665
86666
86667
86668
88023
88024
88025
88027
88028
88030
88031
88033
88035
88036
88037
88039
88040
88041
88042
88043
88044
88046
88047
88048
88049
88050
88051
88052
88053
88054
88055
88056
88057
88058
88060
88061
88063
88065
88066
88067
88068
88069
88070
88071
88072
88073
88074
88075
88076
88077
88078
88079
88080
88081
88082
88083
88085
88086
88087
88088
88089
88090
88091
88092
88093
88094
88095
88096
88097
88098
88099
88100
88101
88102
88103
88104
88105
88106
88107
88108
88109
88110
88111
88112
88114
88115
88116
88117
88118
88119
88120
88121
88122
88123
88124
88125
88126
88127
88128
88129
88131
88132
88133
88134
88135
88136
88137
88138
88139
88140
88141
88142
88144
88145
88146
88147
88148
88149
88150
88151
88152
88153
88155
88156
88157
88159
88160
88162
88164
88165
89565
89568
89569
89570
89571
89572
89574
89576
89577
89578
89579
89580
89582
89583
89584
89585
89586
89588
89589
89590
89591
89592
89593
89594
89595
89597
89598
89599
89600
89601
89602
89603
89606
89607
89609
89610
89611
89613
89614
89615
89616
89617
89618
89619
89620
89622
89623
89624
89625
89626
89627
89628
89629
89630
89631
89632
89633
89634
89635
89636
89637
89638
89639
89640
89641
89642
89643
89644
89645
89646
89647
89648
89649
89650
89651
89652
89653
89654
89655
89656
89657
89658
89659
89661
89662
89663
89664
89666
89667
89670
89671
89672
89673
89674
89675
89676
89677
89678
89679
89680
89681
89682
89683
89685
89686
89688
89689
89690
89691
89692
89693
89695
89696
89698
89699
89700
89701
89702
89703
89704
89705
90877
90878
90879
90880
90881
90882
90884
90885
90886
90887
90888
90889
90890
90893
90894
90895
90896
90897
90898
90900
90901
90902
90903
90905
90906
90907
90908
90909
90910
90911
90912
90913
90914
90915
90916
90917
90918
90919
90920
90923
90924
90926
90927
90929
90930
90931
90932
90933
90934
90935
90936
90937
90939
90940
90941
90943
90944
90945
90947
90948
90949
90950
90951
90952
90953
90954
90955
90957
90958
90959
90960
90961
90962
90963
90964
90965
90966
90967
90968
90969
90970
90971
90973
90975
90976
90977
90978
90979
90980
90981
90982
90985
90986
90987
90988
92535
92536
92537
92538
92539
92540
92541
92542
92543
92544
92545
92546
92547
92548
92549
92550
92551
92552
92553
92554
92555
92556
92557
92558
92559
92561
92562
92563
92564
92566
92567
92568
92569
92570
92571
92572
92573
92574
92575
92576
92577
92578
92579
92580
92581
92582
92583
92584
92585
92586
92587
92588
92589
92590
92591
92592
92593
92594
92595
92596
92597
92598
92599
92600
92601
92602
92603
92604
92605
92606
92607
92609
92610
92611
92612
92613
92614
92615
92616
92617
92618
92620
92621
92622
92623
92624
92625
92626
92627
92628
92629
92630
92631
92632
92633
92634
92635
92636
92637
92638
92639
92640
92641
92642
92643
92644
92645
92646
92647
92648
92649
92650
92652
92653
92654
92655
92656
92657
92658
92659
92660
92661
92662
92663
92664
92665
92667
92668
92669
92670
92671
92672
92673
92675
92676
92677
92678
92680
92681
92682
92683
94324
94325
94326
94328
94330
94331
94332
94333
94334
94335
94336
94337
94338
94339
94340
94342
94343
94344
94345
94346
94347
94348
94349
94350
94351
94352
94353
94354
94355
94356
94357
94358
94359
94360
94361
94362
94363
94365
94366
94367
94368
94369
94370
94371
94372
94373
94374
94375
94376
94377
94378
94379
94380
94381
94382
94383
94384
94385
94386
94387
94388
94389
94390
94391
94392
94393
94394
94395
94396
94397
94398
94399
94400
94401
94402
94403
94404
94405
94406
94407
94408
94409
94410
94411
94412
94413
94414
94415
94416
94417
94418
94419
94420
94421
94422
94423
94424
94425
94426
94427
94428
94429
94430
94431
94432
94433
94434
94435
94436
94437
94439
94440
94441
94442
94444
94445
94446
94447
94448
94449
94450
94452
94453
94454
94455
94456
94457
94458
94459
94460
94461
94462
94463
94464
94465
94466
94467
94468
94469
94470
94471
94472
94473
94474
94475
95905
95906
95907
95908
95909
95910
95911
95912
95913
95914
95915
95916
95917
95918
95919
95921
95922
95923
95924
95925
95926
95927
95928
95929
95930
95931
95932
95933
95934
95935
95936
95937
95939
95940
95941
95942
95943
95944
95945
95946
95947
95948
95949
95951
95952
95953
95954
95955
95956
95957
95958
95960
95961
95962
95963
95964
95967
95968
95969
95970
95971
95972
95973
95974
95975
95976
95977
95978
95979
95980
95981
95982
95983
95984
95985
95986
95987
95988
95989
95990
95991
95992
95993
95994
95995
95996
95998
95999
96000
96001
96002
96003
96004
96005
96006
96007
96008
96009
96010
96011
96012
96014
96015
96016
96017
96018
96019
96020
96021
96022
96023
96025
96026
96027
96028
96029
96030
96031
96032
96033
96034
97000
97002
97003
97004
97005
97007
97008
97009
97010
97013
97016
97017
97018
97020
97021
97022
97023
97024
97025
97026
97028
97029
97030
97031
97032
97033
97034
97035
97036
97038
97039
97040
97042
97043
97044
97047
97048
97049
97050
97051
97052
97053
97054
97056
97058
97059
97060
97061
97062
97063
97064
97066
97067
97068
97069
97070
97071
97072
97075
97076
97077
97078
97079
97080
97081
97082
97083
97084
97085
97086
97087
97090
97091
97092
97093
97096
97097
97098
97099
97100
97102
97103
98449
98450
98451
98452
98453
98454
98455
98456
98459
98460
98461
98462
98463
98464
98466
98467
98468
98469
98470
98472
98473
98474
98475
98476
98477
98478
98479
98480
98481
98482
98484
98485
98486
98487
98491
98492
98493
98494
98495
98496
98497
98498
98499
98500
98501
98502
98503
98504
98505
98506
98507
98508
98509
98510
98511
98512
98513
98514
98515
98516
98517
98518
98519
98520
98521
98522
98523
98524
98525
98526
98527
98528
98529
98530
98531
98532
98533
98534
98535
98536
98537
98538
98539
98540
98541
98542
98543
98544
98545
98546
98547
98548
98549
98551
98553
98554
98555
98556
98557
98558
98559
98560
98561
98562
98563
98564
98566
98567
98568
98570
98571
98572
98573
98575
98576
98577
98578
98579
98581
98582
98583
98584
98585
98586
99778
99779
99780
99781
99782
99784
99785
99786
99787
99788
99789
99790
99791
99792
99794
99795
99796
99797
99798
99800
99801
99802
99804
99805
99806
99808
99809
99811
99812
99813
99814
99815
99816
99817
99818
99820
99821
99822
99823
99824
99825
99826
99827
99829
99830
99831
99832
99833
99834
99835
99836
99837
99838
99839
99840
99841
99842
99843
99844
99845
99846
99848
99849
99850
99851
99852
99854
99855
99856
99857
99858
99859
99861
99862
99863
99864
99865
99867
99868
99869
99870
99873
99874
99875
99876
99877
99878
99879
99880
99881
99882
99883
99884
99885
99888
99890
99891
99892
99894
101184
101185
101186
101187
101188
101189
101190
101191
101192
101193
101194
101197
101198
101199
101200
101201
101202
101203
101204
101205
101206
101207
101208
101210
101212
101213
101214
101215
101216
101217
101218
101219
101221
101222
101223
101224
101225
101226
101229
101230
101231
101233
101234
101235
101236
101237
101238
101239
101240
101241
101242
101243
101245
101246
101247
101248
101249
101250
101251
101252
101253
101254
101255
101256
101258
101259
101260
101261
101262
101263
101264
101265
101266
101267
101268
101269
101270
101271
101272
101273
101274
101275
101276
101277
101278
101279
101280
101281
101282
101285
101287
101289
101290
101291
101293
101294
101296
101297
101298
101299
101301
101302
101303
101304
101305
101306
101307
101308
101309
101310
101311
101312
101313
101314
101315
101317
101318
101319
101320
101321
102861
102862
102863
102864
102865
102866
102868
102869
102870
102871
102872
102873
102875
102876
102877
102878
102879
102880
102881
102882
102883
102884
102885
102887
102888
102889
102890
102891
102893
102894
102895
102896
102897
102898
102899
102900
102901
102902
102903
102904
102905
102906
102907
102908
102909
102910
102911
102912
102913
102914
102915
102916
102917
102918
102919
102920
102921
102922
102923
102924
102925
102926
102927
102928
102929
102930
102931
102932
102933
102934
102935
102936
102937
102938
102939
102940
102941
102942
102943
102944
102945
102946
102947
102948
102949
102950
102951
102952
102953
102954
102955
102956
102957
102958
102959
102960
102961
102962
102963
102965
102966
102967
102968
102969
102970
102971
102972
102974
102975
102976
102977
102978
102979
102980
102981
102982
102983
102985
102986
102987
102988
102989
102990
102991
102992
102993
102994
102995
102996
102997
102999
103001
103002
103004
103005
104576
104577
104578
104579
104581
104582
104584
104585
104587
104588
104590
104591
104592
104593
104594
104595
104596
104597
104598
104599
104600
104601
104602
104603
104604
104605
104606
104607
104608
104609
104610
104611
104612
104613
104614
104615
104617
104618
104619
104620
104621
104622
104623
104624
104625
104626
104627
104628
104629
104630
104631
104632
104633
104634
104635
104637
104638
104639
104641
104642
104643
104644
104646
104647
104648
104649
104650
104651
104652
104653
104654
104655
104656
104657
104658
104659
104660
104661
104662
104663
104664
104665
104666
104667
104668
104669
104670
104671
104672
104673
104674
104675
104676
104677
104678
104679
104680
104681
104682
104683
104684
104685
104686
104687
104688
104689
104691
104692
104693
104694
104695
104696
104697
104698
104699
104700
104703
104704
104705
104706
104707
104708
104710
104711
104712
104713
104714
104715
104716
104717
104718
104719
104720
104721
104722
104723
104724
104726
104727
104728
104729
106409
106410
106411
106412
106413
106414
106415
106416
106417
106418
106419
106420
106421
106422
106423
106424
106425
106426
106427
106428
106429
106430
106431
106432
106433
106434
106435
106436
106438
106439
106440
106441
106442
106443
106444
106445
106446
106447
106448
106449
106450
106451
106452
106453
106454
106455
106457
106458
106459
106460
106461
106462
106463
106464
106465
106466
106467
106468
106469
106470
106471
106472
106473
106474
106475
106476
106477
106478
106479
106480
106481
106482
106483
106484
106485
106486
106487
106488
106489
106490
106491
106492
106493
106494
106495
106496
106497
106498
106499
106500
106502
106503
106504
106505
106506
106507
106508
106509
106510
106511
106512
106513
106514
106515
106516
106517
106518
106519
106520
106521
106522
106523
106524
106526
106527
106528
106529
106530
106531
106532
106533
106534
106535
106536
106537
106538
106539
106540
106541
106542
106543
106544
106545
106546
106547
106548
106551
106552
106553
106554
106555
106556
106557
106559
106560
106561
108101
108102
108103
108104
108105
108107
108108
108109
108110
108111
108112
108113
108114
108115
108116
108117
108118
108119
108120
108121
108122
108123
108124
108126
108127
108129
108131
108132
108133
108134
108135
108136
108137
108138
108139
108140
108141
108142
108143
108144
108146
108147
108148
108149
108150
108151
108152
108153
108154
108155
108156
108157
108158
108159
108160
108161
108162
108163
108164
108165
108166
108167
108168
108169
108170
108171
108172
108173
108174
108175
108176
108177
108178
108179
108180
108181
108182
108183
108184
108185
108186
108187
108188
108189
108190
108191
108192
108193
108194
108195
108197
108198
108199
108200
108201
108202
108203
108204
108205
108206
108207
108208
108209
108210
108212
108213
108215
108216
108217
108218
108219
108220
108221
108222
108223
108224
108225
108226
108227
108228
108229
108230
108231
108232
108233
108235
108236
108238
108239
108240
108241
108243
108244
108245
108246
108247
108248
108249
108250
108251
109624
109625
109626
109627
109628
109629
109630
109631
109632
109633
109634
109635
109636
109637
109638
109639
109640
109641
109642
109644
109645
109646
109647
109648
109649
109650
109652
109653
109654
109656
109657
109658
109659
109660
109661
109662
109663
109664
109665
109666
109667
109668
109669
109670
109671
109672
109673
109675
109676
109677
109678
109679
109680
109681
109682
109683
109684
109685
109686
109687
109688
109689
109690
109691
109692
109694
109695
109696
109697
109699
109700
109701
109702
109703
109704
109705
109706
109707
109708
109709
109710
109711
109713
109714
109715
109717
109718
109719
109720
109721
109722
109723
109724
109725
109726
109727
109729
109730
109731
109732
109733
109735
109736
109737
109738
109739
109740
109741
109743
109746
109747
109749
109750
109751
109752
109753
109754
109755
111357
111358
111359
111360
111361
111362
111363
111364
111365
111366
111367
111368
111370
111371
111372
111373
111374
111375
111376
111377
111378
111379
111380
111381
111382
111384
111385
111386
111387
111388
111389
111391
111392
111393
111394
111395
111396
111397
111399
111400
111401
111402
111403
111404
111405
111406
111407
111408
111409
111410
111411
111412
111413
111414
111415
111416
111417
111418
111419
111421
111422
111423
111424
111425
111426
111427
111428
111429
111430
111431
111432
111434
111435
111436
111437
111438
111439
111440
111441
111442
111443
111444
111445
111446
111447
111448
111449
111450
111451
111452
111453
111454
111455
111456
111457
111458
111459
111460
111461
111462
111463
111464
111465
111466
111467
111468
111469
111470
111471
111472
111473
111474
111475
111476
111477
111478
111479
111480
111481
111482
111485
111486
111487
111488
111489
111490
111491
111492
111493
111494
111495
111496
111497
111498
111499
111500
111503
111504
111506
111507
111508
111509
111511
111512
111513
111514
111515
111516
111517
111518
111519
112915
112916
112917
112918
112919
112920
112921
112922
112923
112924
112925
112926
112927
112928
112930
112931
112932
112933
112935
112936
112937
112938
112939
112940
112941
112942
112943
112944
112945
112946
112947
112949
112950
112951
112952
112953
112954
112955
112957
112958
112959
112960
112961
112962
112963
112964
112965
112966
112967
112968
112969
112970
112971
112973
112974
112975
112976
112977
112979
112980
112981
112982
112983
112984
112985
112986
112987
112988
112989
112990
112991
112992
112993
112994
112995
112996
112997
112998
112999
113000
113001
113002
113003
113004
113005
113006
113007
113008
113009
113010
113011
113012
113013
113014
113015
113016
113017
113019
113020
113021
113023
113024
113025
113026
113027
113028
113029
113030
113031
113032
113033
113034
113035
113037
113038
113039
113040
113041
113042
113043
113044
113045
113046
113047
113048
113049
113050
113051
113052
113053
113054
113056
113057
114602
114604
114605
114606
114607
114608
114609
114610
114611
114613
114614
114618
114619
114620
114621
114622
114623
114624
114625
114626
114628
114629
114630
114631
114632
114633
114634
114635
114636
114637
114638
114639
114640
114641
114642
114645
114646
114647
114648
114650
114651
114652
114654
114655
114656
114657
114658
114659
114660
114661
114662
114663
114664
114665
114666
114667
114668
114669
114670
114671
114672
114673
114674
114675
114676
114677
114678
114679
114680
114681
114682
114683
114684
114685
114686
114687
114688
114689
114690
114691
114692
114693
114694
114695
114696
114697
114699
114700
114701
114702
114703
114704
114705
114706
114707
114708
114709
114710
114711
114712
114713
114714
114715
114717
114718
114719
114720
114721
114722
114723
114724
114725
114726
114727
114728
114729
114730
114731
114733
114734
114735
114736
114737
114738
114739
114740
114741
114742
114744
114745
114746
114747
114748
114749
114752
114753
114754
114755
116094
116095
116096
116097
116098
116099
116100
116101
116102
116103
116105
116106
116107
116108
116110
116111
116112
116113
116114
116115
116116
116117
116118
116120
116121
116122
116123
116125
116126
116127
116129
116130
116131
116132
116133
116134
116135
116136
116137
116138
116139
116140
116141
116142
116143
116144
116145
116146
116147
116148
116149
116150
116151
116152
116153
116154
116155
116156
116157
116158
116159
116160
116161
116162
116163
116164
116165
116166
116167
116168
116169
116170
116171
116172
116173
116174
116175
116176
116177
116178
116179
116180
116181
116182
116183
116184
116185
116186
116187
116188
116189
116190
116191
116192
116193
116194
116195
116196
116197
116198
116199
116200
116201
116202
116204
116206
116207
116208
116209
116210
116211
116213
116214
116215
116216
116217
116218
116219
116220
116221
116222
116223
116224
116225
116226
116227
116228
116229
116230
116231
116232
116233
116234
117735
117736
117737
117738
117739
117740
117741
117742
117743
117744
117745
117746
117747
117748
117749
117750
117751
117752
117753
117754
117756
117757
117758
117759
117760
117761
117762
117763
117764
117765
117766
117767
117768
117769
117770
117771
117772
117775
117776
117777
117778
117779
117781
117782
117783
117784
117785
117786
117787
117788
117789
117790
117791
117792
117793
117794
117795
117796
117797
117798
117799
117800
117801
117802
117803
117804
117805
117806
117807
117808
117809
117810
117811
117812
117813
117814
117815
117816
117817
117818
117820
117822
117823
117824
117825
117826
117827
117828
117829
117830
117832
117833
117834
117835
117836
117837
117838
117839
117840
117841
117842
117843
117844
117845
117846
117847
117848
117849
117850
117851
117853
117854
117855
117856
117857
117858
117859
117861
117862
117863
117864
117865
117866
117867
117868
117869
117870
117871
117873
117874
117875
117876
117877
117878
119472
119473
119474
119476
119477
119478
119479
119480
119481
119482
119483
119484
119485
119486
119487
119488
119489
119490
119491
119493
119494
119495
119496
119497
119499
119500
119501
119502
119503
119504
119505
119506
119507
119508
119509
119510
119511
119512
119513
119514
119515
119516
119517
119518
119520
119521
119522
119524
119525
119526
119527
119528
119529
119530
119531
119532
119533
119534
119535
119536
119537
119538
119539
119540
119541
119542
119543
119544
119545
119546
119547
119548
119549
119550
119551
119552
119553
119554
119555
119556
119557
119558
119559
119560
119561
119562
119563
119564
119565
119566
119567
119568
119569
119570
119571
119572
119573
119574
119575
119576
119577
119578
119579
119580
119581
119582
119583
119584
119585
119586
119587
119588
119589
119590
119591
119592
119593
119594
119595
119596
119597
119598
119600
119601
119602
119603
119604
119605
119606
119607
119608
119609
119610
119611
119612
119613
119614
119615
119616
119617
119618
119619
119620
119621
119622
119623
119624
119625
119626
119627
119628
119629
119630
119631
119632
119633
119634
121138
121139
121140
121141
121142
121143
121144
121145
121146
121147
121148
121149
121150
121151
121152
121153
121154
121155
121156
121157
121158
121159
121160
121161
121162
121163
121164
121165
121166
121167
121168
121169
121170
121171
121172
121173
121174
121175
121176
121177
121178
121179
121180
121181
121182
121183
121184
121185
121186
121187
121188
121189
121190
121191
121192
121193
121194
121195
121196
121197
121198
121199
121200
121201
121202
121203
121204
121205
121206
121207
121208
121209
121210
121211
121212
121213
121214
121215
121216
121217
121218
121220
121221
121222
121223
121224
121225
121226
121227
121228
121229
121230
121231
121232
121233
121234
121235
121236
121237
121238
121239
121240
121241
121242
121243
121244
121245
121246
121247
121248
121249
121250
121251
121252
121255
121256
121257
121259
121260
121261
121262
121263
121265
121266
121267
121268
121270
121271
121272
121273
121274
121275
121276
121277
121278
121280
121281
121282
121283
121284
121286
121287
121288
121289
121290
121291
