1047
1048
1049
1050
1051
1052
1053
1054
1055
1057
1059
1060
1061
1063
1064
1066
1067
1068
1070
1071
1073
1074
1075
1076
1077
1078
1079
1081
1082
1083
1084
1085
1086
1087
1088
1089
1090
1091
1092
1093
1094
1095
1097
1098
1100
1101
1102
1104
1106
1108
1110
1111
1113
1115
1116
1117
1118
1119
1120
1121
1122
1123
1124
1125
1127
1128
1129
1130
1131
1132
1133
1134
1136
1139
1140
1141
1142
1145
1146
1147
1148
1149
1150
1151
1153
1154
1155
1156
1158
1159
1160
1162
1163
1165
1166
1168
1169
1170
1171
1172
1173
1174
1175
1177
1178
1180
1181
1182
1184
1185
1186
1187
1188
1190
1192
1193
1194
1196
1198
1199
1201
1202
1203
2958
2959
2960
2961
2962
2963
2966
2967
2968
2969
2971
2972
2973
2975
2976
2977
2978
2979
2980
2981
2982
2983
2984
2985
2987
2988
2989
2990
2991
2992
2994
2996
2997
2998
2999
3000
3001
3003
3004
3005
3007
3008
3009
3010
3011
3012
3015
3016
3017
3018
3019
3020
3021
3022
3023
3024
3025
3027
3028
3030
3031
3032
3034
3035
3036
3037
3038
3039
3040
3041
3042
3043
3044
3045
3046
3047
3048
3049
3050
3051
3052
3053
3054
3055
3056
3057
3058
3059
3060
3061
3062
3063
3064
3065
3066
3067
3068
3069
3070
3071
3072
3073
3074
3076
3078
3079
3080
3082
3083
3086
3087
3088
3091
3092
3093
3094
3096
3097
3099
3100
3101
3102
3104
3105
3107
3108
3109
3110
3111
3112
3114
3115
3116
3119
4952
4953
4954
4955
4956
4957
4958
4959
4960
4961
4963
4964
4965
4966
4967
4968
4972
4974
4975
4976
4977
4978
4979
4980
4982
4983
4984
4985
4986
4988
4989
4990
4991
4992
4993
4994
4995
4996
4997
4998
4999
5001
5002
5003
5004
5005
5006
5007
5008
5010
5011
5012
5013
5014
5015
5016
5017
5019
5020
5021
5022
5023
5024
5026
5027
5028
5029
5030
5031
5032
5033
5034
5035
5036
5037
5038
5039
5040
5042
5043
5044
5045
5046
5047
5048
5049
5051
5052
5053
5054
5055
5056
5058
5059
5060
5061
5062
5063
5064
5065
5066
5067
5068
5069
5070
5071
5072
5073
5074
5075
5076
5077
5078
5080
5082
5083
5084
5085
5087
5088
5089
5090
5091
5092
5093
5094
5096
5098
5099
5101
5103
5104
5106
5107
5108
5109
5112
5115
5116
5117
5120
5121
6855
6856
6858
6859
6860
6861
6864
6865
6867
6868
6869
6870
6871
6874
6877
6878
6879
6880
6881
6882
6883
6884
6885
6887
6888
6890
6891
6892
6893
6894
6897
6898
6899
6900
6901
6902
6903
6905
6906
6907
6910
6911
6912
6913
6915
6916
6917
6918
6919
6920
6921
6922
6923
6925
6926
6927
6928
6929
6930
6931
6932
6933
6934
6935
6936
6937
6938
6939
6940
6941
6942
6943
6944
6946
6947
6948
6950
6951
6952
6953
6954
6955
6956
6958
6959
6961
6962
6963
6965
6966
6967
6969
6970
6971
6974
6975
6977
6978
6980
6983
6984
6986
6988
6991
6992
6993
6994
6995
6996
6997
6998
8591
8592
8594
8595
8596
8597
8599
8600
8601
8604
8606
8607
8608
8609
8614
8615
8616
8617
8618
8619
8620
8621
8622
8623
8624
8625
8626
8627
8628
8629
8632
8634
8635
8636
8637
8639
8640
8643
8644
8645
8646
8647
8650
8651
8652
8653
8654
8655
8656
8657
8659
8661
8662
8665
8666
8667
8669
8670
8671
8672
8673
8674
8675
8676
8677
8678
8681
8682
8683
8686
8687
8688
8689
8693
8694
8695
8696
8697
8698
8699
8702
8703
8705
8706
8707
8708
8709
8711
8717
8718
8720
8723
8725
8726
8727
8731
8733
8734
10266
10267
10269
10270
10271
10272
10273
10274
10276
10277
10278
10279
10281
10282
10284
10285
10286
10289
10290
10291
10292
10293
10294
10295
10296
10297
10298
10299
10301
10302
10304
10305
10306
10308
10309
10311
10313
10314
10315
10316
10317
10321
10322
10323
10327
10328
10329
10330
10331
10334
10335
10337
10338
10339
10340
10341
10342
10343
10344
10346
10347
10348
10349
10351
10352
10353
10354
10355
10356
10357
10359
10362
10363
10364
10365
10366
10368
10369
10370
10373
10375
10377
10378
10380
10382
10386
10387
10388
10389
10393
10395
10396
10398
10399
11921
11922
11923
11924
11925
11926
11927
11928
11929
11932
11933
11935
11937
11939
11941
11942
11944
11945
11946
11948
11949
11950
11951
11953
11954
11955
11956
11957
11958
11960
11962
11965
11967
11969
11970
11975
11976
11977
11979
11980
11982
11983
11984
11986
11987
11988
11989
11990
11991
11992
11993
11994
11995
11997
11998
11999
12000
12002
12003
12004
12005
12006
12007
12008
12009
12011
12012
12013
12014
12015
12016
12017
12018
12019
12020
12021
12022
12023
12024
12025
12026
12030
12032
12033
12035
12037
12039
12040
12041
12043
12044
12045
12046
12047
13466
13468
13469
13470
13471
13473
13478
13479
13480
13481
13483
13484
13485
13486
13487
13488
13489
13491
13493
13496
13498
13499
13500
13502
13504
13507
13508
13509
13510
13512
13513
13514
13515
13516
13518
13519
13522
13523
13524
13525
13526
13527
13528
13529
13530
13533
13535
13536
13538
13539
13540
13547
13556
13557
13558
13560
13563
13565
13567
15151
15152
15154
15155
15156
15157
15158
15159
15160
15162
15163
15165
15166
15167
15168
15169
15170
15171
15172
15173
15174
15175
15176
15177
15178
15179
15180
15181
15182
15183
15184
15185
15186
15187
15188
15189
15191
15192
15194
15195
15196
15198
15199
15200
15201
15204
15205
15206
15207
15208
15209
15210
15211
15212
15213
15214
15215
15216
15217
15218
15220
15221
15222
15223
15225
15226
15227
15228
15229
15230
15231
15232
15233
15234
15235
15236
15237
15238
15239
15241
15242
15243
15244
15245
15247
15248
15249
15250
15251
15252
15253
15254
15256
15258
15259
15260
15261
15262
15263
15264
15265
15267
15268
15270
15273
15275
15278
15280
15281
15283
15285
15286
15287
15288
15289
15292
15293
15295
15297
15298
15299
15300
16978
16979
16980
16981
16982
16983
16984
16988
16989
16990
16991
16992
16993
16994
16997
16999
17001
17002
17003
17005
17006
17007
17008
17009
17010
17011
17012
17013
17014
17015
17016
17017
17020
17021
17023
17025
17026
17029
17030
17031
17032
17033
17035
17036
17038
17039
17040
17041
17043
17044
17046
17047
17048
17050
17051
17054
17055
17056
17057
17058
17059
17060
17061
17062
17063
17064
17065
17066
17067
17068
17069
17070
17071
17072
17073
17074
17076
17077
17078
17079
17080
17082
17083
17086
17087
17088
17089
17091
17092
17094
17096
17097
17102
17103
17104
17105
17107
17109
17110
17112
17113
17114
17115
17116
17117
17120
17121
17122
17123
17124
18799
18800
18801
18803
18804
18809
18810
18811
18812
18813
18814
18815
18816
18817
18818
18820
18823
18824
18825
18826
18827
18828
18829
18830
18831
18832
18833
18834
18835
18836
18837
18838
18841
18842
18843
18844
18845
18846
18847
18848
18849
18850
18851
18852
18853
18854
18855
18856
18857
18858
18859
18860
18861
18862
18863
18864
18865
18866
18867
18868
18869
18870
18871
18872
18873
18874
18876
18877
18878
18879
18880
18881
18883
18884
18885
18886
18887
18888
18889
18891
18892
18893
18894
18895
18897
18899
18900
18901
18902
18903
18904
18905
18909
18910
18912
18915
18916
18917
18918
18919
18920
18922
18924
18925
18926
18927
18928
18929
18930
18931
18932
18933
18934
18935
18936
18937
18938
18939
18940
18942
18943
18944
18946
18947
18948
18949
20551
20552
20553
20554
20555
20556
20557
20558
20559
20560
20561
20562
20563
20564
20566
20569
20570
20571
20572
20573
20575
20576
20578
20580
20581
20582
20584
20587
20588
20589
20591
20593
20594
20595
20596
20598
20599
20600
20602
20603
20605
20606
20607
20609
20610
20611
20612
20613
20614
20615
20617
20618
20619
20620
20621
20622
20623
20624
20625
20626
20627
20628
20629
20630
20631
20632
20634
20635
20636
20637
20638
20641
20642
20646
20647
20650
20651
20653
20654
20657
20658
20660
20662
20663
20666
20668
20669
20670
20671
20672
20675
20676
20680
20682
22257
22259
22260
22261
22262
22264
22265
22266
22267
22268
22270
22272
22274
22275
22277
22278
22280
22281
22282
22283
22284
22285
22286
22287
22288
22289
22290
22291
22292
22293
22295
22296
22297
22298
22299
22300
22301
22302
22303
22307
22308
22310
22311
22312
22314
22315
22316
22317
22318
22319
22321
22322
22323
22324
22325
22326
22327
22328
22329
22331
22332
22333
22334
22336
22337
22338
22340
22341
22343
22345
22346
22347
22348
22349
22350
22351
22352
22353
22354
22355
22356
22357
22358
22359
22361
22362
22363
22364
22366
22367
22369
22370
22371
22373
22374
22378
22380
22381
22383
22384
22385
22386
22387
22389
22390
22391
22393
22394
22395
22396
22399
22401
22404
22405
24085
24086
24088
24089
24091
24092
24094
24095
24096
24097
24098
24099
24100
24102
24103
24104
24105
24106
24108
24109
24110
24111
24112
24113
24114
24115
24116
24117
24118
24119
24120
24121
24122
24123
24124
24125
24126
24127
24128
24129
24130
24131
24132
24133
24135
24136
24138
24139
24140
24141
24142
24143
24144
24145
24147
24148
24150
24151
24152
24153
24154
24155
24156
24158
24159
24160
24161
24162
24163
24164
24165
24166
24167
24168
24169
24170
24171
24172
24173
24174
24175
24176
24177
24178
24179
24180
24181
24183
24184
24186
24187
24188
24189
24190
24191
24192
24193
24194
24195
24196
24197
24198
24200
24201
24202
24205
24206
24207
24210
24211
24215
24216
24217
24218
24219
24221
24222
24224
24225
24226
24227
24228
24229
24230
24231
24234
24235
24236
24238
26033
26034
26035
26036
26037
26038
26039
26040
26041
26042
26043
26044
26045
26046
26048
26049
26050
26051
26052
26053
26054
26055
26057
26058
26059
26060
26061
26062
26063
26064
26065
26066
26067
26068
26070
26071
26072
26073
26074
26075
26076
26078
26079
26080
26081
26082
26083
26084
26085
26086
26087
26088
26089
26090
26091
26092
26093
26094
26095
26096
26098
26099
26100
26102
26103
26104
26106
26107
26108
26109
26110
26111
26113
26114
26115
26117
26118
26119
26120
26121
26122
26123
26124
26125
26126
26127
26128
26129
26130
26131
26132
26133
26134
26135
26136
26137
26138
26139
26140
26141
26142
26143
26144
26145
26146
26148
26149
26150
26151
26152
26154
26155
26156
26160
26161
26162
26163
26164
26165
26166
26167
26170
26171
26172
26174
26175
26177
26178
26179
26180
26181
26182
26185
26186
26187
26189
26190
26193
27933
27935
27936
27937
27938
27941
27942
27944
27946
27947
27948
27950
27951
27953
27954
27955
27956
27959
27960
27962
27963
27964
27965
27967
27968
27969
27970
27971
27972
27973
27974
27975
27976
27977
27978
27980
27982
27983
27984
27986
27987
27988
27990
27991
27992
27993
27994
27995
27996
27997
27998
27999
28000
28001
28002
28003
28004
28005
28006
28007
28009
28010
28011
28014
28015
28016
28017
28018
28019
28020
28021
28022
28023
28024
28025
28026
28027
28028
28030
28031
28032
28034
28035
28036
28037
28038
28039
28040
28042
28045
28046
28047
28048
28051
28054
28057
28059
28060
28064
28066
28067
28069
28070
28072
28073
28074
28075
28077
28078
28079
28080
28081
28082
28084
28085
28086
28088
28089
29722
29723
29725
29728
29729
29730
29734
29735
29736
29737
29738
29740
29741
29742
29744
29745
29746
29747
29748
29749
29750
29751
29752
29753
29754
29755
29756
29757
29758
29759
29760
29761
29762
29763
29765
29766
29767
29768
29769
29770
29771
29772
29773
29774
29777
29778
29780
29781
29782
29783
29784
29785
29786
29787
29788
29790
29791
29792
29793
29794
29796
29797
29798
29799
29800
29801
29802
29803
29804
29805
29806
29807
29809
29810
29811
29812
29813
29815
29816
29817
29818
29819
29820
29821
29824
29827
29829
29830
29831
29833
29834
29835
29837
29840
29841
29842
29843
29845
29846
29847
29848
29849
29851
31544
31545
31546
31548
31549
31550
31551
31552
31553
31554
31555
31557
31558
31559
31561
31562
31563
31564
31566
31567
31568
31569
31570
31572
31574
31575
31576
31577
31578
31579
31580
31581
31582
31583
31584
31585
31586
31587
31588
31589
31590
31592
31593
31594
31595
31597
31598
31599
31600
31601
31602
31603
31604
31605
31606
31607
31608
31609
31611
31612
31613
31614
31615
31616
31618
31619
31620
31622
31623
31624
31625
31626
31627
31628
31629
31630
31631
31632
31633
31635
31636
31637
31638
31639
31640
31642
31644
31645
31646
31647
31648
31650
31652
31653
31654
31657
31661
31662
31664
31667
31671
31672
31673
31677
31678
31679
31682
31683
31684
31685
31686
31687
31689
31691
31693
31694
31696
31697
31698
31702
31703
33464
33465
33466
33468
33469
33470
33471
33472
33473
33474
33476
33477
33478
33480
33482
33483
33484
33485
33486
33487
33488
33489
33490
33492
33493
33494
33495
33496
33497
33498
33499
33500
33503
33504
33505
33506
33508
33509
33510
33511
33512
33513
33514
33515
33516
33517
33518
33519
33520
33521
33523
33524
33525
33526
33527
33528
33530
33531
33533
33536
33537
33538
33539
33541
33542
33543
33544
33545
33546
33547
33548
33549
33550
33551
33552
33553
33554
33556
33557
33558
33559
33561
33563
33565
33566
33567
33568
33569
33570
33571
33572
33573
33574
33575
33577
33578
33579
33580
33581
33582
33583
33584
33585
33586
33587
33588
33589
33591
33592
33594
33595
33596
33597
33600
33603
33604
33605
33607
33608
33609
33610
33611
33612
33613
33616
33617
33618
33619
33620
33622
33624
33625
33627
35427
35428
35432
35433
35434
35435
35436
35437
35439
35440
35441
35442
35443
35444
35445
35447
35448
35449
35450
35451
35452
35453
35454
35456
35457
35458
35459
35461
35462
35463
35464
35465
35466
35467
35468
35469
35470
35471
35472
35474
35475
35476
35477
35478
35479
35480
35481
35482
35483
35484
35485
35486
35488
35489
35490
35491
35492
35493
35494
35495
35496
35497
35498
35499
35500
35501
35502
35504
35505
35507
35508
35509
35510
35511
35512
35513
35514
35515
35516
35517
35518
35519
35520
35521
35522
35523
35524
35525
35526
35527
35528
35529
35530
35532
35533
35534
35535
35538
35540
35541
35543
35545
35546
35547
35548
35550
35553
35554
35556
35558
35559
35560
35561
35562
35563
35564
35565
35567
35568
35569
35570
35573
35574
35576
35577
35578
35579
35580
35582
35583
35584
35586
37258
37260
37263
37265
37266
37268
37269
37270
37271
37272
37273
37274
37278
37279
37280
37281
37282
37283
37284
37285
37286
37287
37288
37289
37291
37292
37293
37294
37295
37296
37299
37300
37301
37306
37307
37308
37310
37311
37312
37313
37314
37315
37316
37317
37319
37320
37321
37323
37324
37325
37326
37327
37328
37329
37330
37331
37333
37334
37335
37336
37338
37339
37340
37342
37343
37344
37347
37348
37349
37350
37352
37353
37355
37357
37358
37359
37360
37362
37363
37364
37366
37367
37368
37369
37371
37372
37376
37377
37378
37380
37381
37383
37385
37386
37388
37390
37392
37393
37394
37395
37398
37399
37400
37402
39081
39082
39084
39085
39086
39088
39089
39091
39092
39093
39094
39095
39096
39097
39098
39099
39100
39101
39102
39105
39106
39107
39108
39110
39111
39112
39113
39114
39115
39116
39117
39118
39119
39120
39121
39122
39124
39125
39126
39127
39129
39130
39131
39132
39133
39134
39135
39136
39138
39139
39140
39141
39143
39144
39145
39146
39147
39149
39150
39151
39152
39153
39154
39155
39156
39159
39160
39161
39162
39163
39164
39165
39166
39167
39168
39169
39170
39171
39172
39173
39174
39175
39176
39177
39178
39179
39180
39182
39183
39184
39185
39186
39188
39189
39190
39192
39193
39194
39196
39200
39203
39205
39206
39207
39209
39212
39213
39215
39216
39218
39219
39220
39222
39224
39225
39227
39228
39229
39230
39231
39232
40922
40923
40926
40927
40928
40929
40930
40932
40933
40934
40936
40938
40941
40942
40943
40944
40945
40946
40947
40949
40950
40952
40953
40954
40955
40956
40957
40958
40959
40960
40961
40962
40963
40964
40965
40966
40967
40968
40969
40970
40971
40972
40973
40974
40975
40976
40977
40979
40980
40981
40982
40983
40984
40985
40986
40987
40988
40990
40991
40992
40993
40995
40996
40997
40998
41000
41001
41002
41003
41004
41005
41006
41007
41008
41010
41011
41012
41013
41015
41016
41017
41018
41019
41020
41021
41022
41023
41024
41027
41028
41029
41030
41031
41032
41033
41034
41037
41039
41042
41044
41045
41046
41047
41049
41050
41051
41052
41053
41054
41055
41056
41059
41060
41061
41063
41064
42628
42629
42631
42633
42634
42636
42637
42638
42640
42641
42642
42643
42645
42649
42650
42652
42653
42654
42655
42656
42657
42660
42661
42662
42663
42665
42666
42667
42668
42669
42670
42671
42672
42674
42675
42676
42677
42679
42680
42681
42683
42684
42685
42687
42688
42690
42691
42692
42693
42694
42696
42697
42699
42700
42701
42702
42703
42704
42705
42706
42707
42708
42710
42713
42714
42716
42717
42718
42719
42720
42723
42726
42727
42731
42732
42733
42735
42737
42738
42740
42741
42742
42743
42745
42746
42747
42749
42750
44489
44490
44491
44493
44494
44496
44497
44498
44499
44500
44501
44502
44503
44505
44506
44507
44508
44509
44510
44511
44512
44513
44514
44515
44516
44517
44518
44519
44520
44521
44523
44524
44525
44526
44527
44528
44529
44530
44531
44532
44533
44534
44535
44536
44537
44538
44539
44540
44541
44544
44545
44546
44547
44548
44550
44551
44552
44553
44554
44555
44556
44557
44558
44559
44560
44561
44562
44563
44566
44567
44569
44570
44571
44572
44573
44574
44575
44576
44577
44578
44579
44580
44581
44582
44583
44584
44585
44586
44587
44588
44589
44590
44591
44592
44593
44594
44595
44596
44597
44598
44599
44600
44601
44602
44603
44604
44605
44606
44607
44608
44609
44610
44611
44615
44616
44618
44619
44620
44622
44623
44624
44625
44627
44628
44629
44630
44631
44634
44635
44636
44637
44639
44640
44641
44643
44644
44646
44648
44649
44650
44651
44653
44655
44656
44657
44659
44660
44662
44663
44664
46503
46504
46505
46506
46507
46508
46509
46510
46512
46513
46514
46515
46516
46517
46518
46519
46521
46522
46523
46524
46526
46527
46528
46529
46530
46531
46532
46533
46534
46535
46536
46537
46538
46539
46540
46542
46543
46544
46545
46546
46547
46548
46549
46550
46551
46552
46553
46554
46555
46556
46557
46558
46559
46560
46561
46562
46563
46564
46565
46566
46567
46568
46569
46571
46572
46573
46574
46575
46576
46577
46578
46579
46580
46581
46583
46584
46585
46586
46587
46588
46590
46591
46592
46593
46594
46595
46596
46597
46599
46601
46602
46603
46604
46605
46606
46607
46608
46609
46610
46611
46612
46614
46615
46616
46617
46618
46619
46620
46621
46622
46623
46624
46625
46626
46629
46632
46633
46634
46635
46637
46638
46639
46641
46642
46643
46644
46645
46646
46647
46648
46649
46650
46651
46652
46653
46654
46655
46657
46658
46659
46660
46662
46663
46664
46665
46666
46668
48542
48543
48544
48545
48546
48547
48548
48549
48550
48552
48553
48554
48557
48558
48559
48560
48561
48562
48564
48565
48568
48569
48570
48571
48573
48574
48575
48576
48577
48578
48579
48580
48581
48582
48583
48584
48585
48586
48587
48588
48589
48590
48591
48592
48593
48594
48595
48596
48597
48598
48599
48600
48601
48603
48604
48605
48606
48607
48608
48609
48610
48611
48612
48614
48615
48616
48618
48619
48620
48621
48622
48623
48624
48625
48626
48627
48628
48629
48630
48631
48632
48633
48634
48635
48636
48638
48639
48640
48641
48642
48643
48644
48645
48646
48647
48648
48649
48650
48651
48652
48653
48654
48655
48656
48657
48658
48659
48660
48661
48662
48663
48665
48666
48667
48668
48669
48670
48672
48673
48675
48676
48677
48679
48680
48681
48682
48683
48684
48685
48686
48687
48688
48689
48690
48691
48692
48693
48694
48695
48696
48698
48699
48700
48701
48703
48704
48705
48706
48707
48708
48709
48710
48711
48712
48713
48714
48715
48716
48717
48718
50614
50615
50616
50617
50618
50619
50620
50621
50622
50623
50624
50625
50626
50627
50629
50630
50631
50632
50633
50634
50635
50636
50637
50638
50639
50640
50641
50642
50643
50644
50645
50646
50647
50648
50649
50650
50651
50652
50653
50654
50655
50656
50657
50659
50661
50662
50663
50664
50665
50666
50667
50668
50669
50671
50672
50673
50675
50676
50677
50678
50679
50680
50681
50682
50683
50684
50686
50687
50688
50690
50691
50692
50693
50694
50695
50696
50697
50698
50699
50700
50701
50702
50703
50704
50706
50707
50708
50709
50710
50711
50712
50713
50714
50715
50716
50717
50718
50719
50720
50721
50722
50723
50724
50725
50726
50727
50728
50729
50730
50731
50732
50733
50734
50735
50737
50738
50739
50740
50741
50742
50743
50745
50746
50749
50750
50751
50752
50754
50755
50756
50758
50759
50760
50761
50762
50763
50764
50766
50767
50768
50769
50771
50773
50774
50775
50778
50780
50781
50782
50783
50784
50786
50787
50788
52574
52575
52577
52578
52579
52580
52581
52582
52583
52584
52585
52586
52587
52588
52589
52590
52591
52592
52593
52596
52597
52599
52600
52601
52602
52603
52604
52605
52606
52607
52608
52609
52610
52611
52612
52613
52615
52616
52617
52618
52619
52620
52623
52624
52626
52627
52628
52630
52631
52632
52633
52635
52637
52638
52639
52640
52641
52642
52643
52645
52646
52647
52648
52649
52651
52652
52653
52654
52655
52657
52658
52659
52660
52661
52662
52663
52664
52665
52666
52667
52668
52669
52670
52671
52672
52673
52674
52675
52676
52677
52678
52679
52680
52681
52682
52683
52684
52685
52686
52688
52689
52690
52691
52692
52693
52694
52696
52697
52698
52700
52702
52704
52706
52709
52710
52712
52713
52714
52715
52716
52717
52719
52721
52722
52723
52725
52728
54532
54533
54534
54535
54536
54537
54538
54539
54541
54543
54544
54545
54546
54547
54548
54549
54550
54551
54552
54553
54554
54555
54556
54557
54558
54560
54561
54562
54564
54565
54566
54567
54568
54569
54570
54571
54572
54573
54574
54575
54576
54577
54579
54580
54581
54582
54583
54584
54585
54586
54587
54588
54589
54590
54591
54593
54594
54595
54596
54597
54598
54599
54601
54602
54603
54604
54605
54606
54607
54608
54610
54611
54612
54613
54614
54615
54616
54617
54618
54619
54620
54621
54622
54623
54624
54625
54626
54627
54628
54629
54630
54631
54632
54633
54634
54635
54636
54637
54638
54639
54641
54642
54643
54644
54645
54646
54647
54648
54649
54650
54651
54652
54653
54654
54655
54656
54657
54660
54661
54664
54665
54666
54667
54669
54670
54672
54673
54674
54676
54679
54680
54681
54683
54684
54685
54687
54688
54689
54690
54692
54695
54696
54697
54698
54699
54700
54702
54703
54704
54705
54706
54707
54708
56498
56499
56500
56501
56502
56503
56504
56505
56506
56509
56511
56512
56513
56514
56515
56516
56517
56518
56520
56522
56523
56525
56526
56527
56528
56529
56530
56531
56532
56533
56535
56536
56537
56538
56540
56541
56542
56543
56544
56546
56548
56549
56550
56551
56554
56555
56556
56557
56558
56559
56560
56561
56562
56563
56564
56565
56566
56568
56569
56570
56571
56572
56573
56574
56575
56576
56577
56578
56579
56580
56581
56582
56583
56584
56585
56586
56588
56589
56590
56591
56592
56593
56594
56595
56596
56597
56598
56599
56600
56601
56602
56603
56604
56605
56606
56607
56608
56609
56610
56611
56612
56614
56615
56616
56618
56619
56620
56625
56626
56629
56630
56632
56633
56635
56636
56637
56639
56640
56641
56642
56643
56644
56645
56647
56648
56649
56651
56654
56656
56657
56661
58348
58350
58351
58352
58353
58355
58357
58358
58359
58360
58361
58362
58363
58364
58367
58369
58370
58371
58373
58374
58376
58377
58378
58379
58380
58381
58382
58384
58385
58388
58389
58391
58392
58393
58394
58395
58396
58397
58399
58401
58402
58403
58404
58405
58406
58407
58408
58409
58410
58411
58413
58414
58415
58416
58417
58418
58419
58420
58421
58422
58423
58424
58425
58426
58427
58428
58429
58430
58431
58432
58433
58434
58435
58436
58437
58438
58439
58440
58441
58442
58443
58444
58445
58446
58447
58448
58449
58450
58453
58454
58458
58459
58460
58461
58462
58464
58465
58466
58469
58470
58472
58473
58474
58475
58476
58477
58481
58483
58484
58485
58489
58490
60156
60157
60159
60160
60161
60162
60163
60167
60169
60170
60171
60172
60173
60174
60175
60177
60178
60179
60180
60182
60183
60184
60185
60186
60187
60189
60190
60191
60192
60193
60195
60196
60197
60198
60199
60200
60201
60202
60203
60204
60206
60207
60208
60210
60211
60212
60214
60215
60216
60217
60219
60221
60222
60225
60226
60227
60228
60229
60230
60231
60232
60233
60234
60235
60236
60237
60238
60239
60241
60242
60243
60244
60245
60246
60247
60248
60249
60250
60251
60252
60253
60254
60255
60256
60257
60258
60259
60260
60261
60262
60263
60264
60266
60267
60268
60271
60273
60274
60275
60280
60281
60283
60285
60286
60287
60288
60289
60290
60292
60293
60294
60295
60296
60297
60299
60300
60301
60302
60303
60304
60306
62013
62014
62015
62017
62018
62019
62020
62021
62022
62023
62024
62025
62027
62028
62029
62030
62031
62034
62035
62036
62037
62038
62039
62040
62041
62042
62043
62045
62046
62047
62048
62049
62050
62051
62053
62054
62055
62056
62057
62058
62059
62060
62061
62062
62064
62066
62067
62069
62070
62071
62072
62073
62074
62075
62076
62078
62080
62081
62082
62084
62085
62086
62087
62088
62089
62090
62091
62092
62093
62095
62096
62097
62098
62099
62100
62102
62103
62104
62105
62106
62107
62108
62109
62110
62111
62112
62113
62114
62115
62116
62117
62118
62119
62120
62121
62122
62123
62124
62125
62127
62130
62132
62133
62134
62135
62136
62138
62142
62143
62144
62145
62146
62147
62150
62151
62152
62153
62155
62156
62157
62159
62161
62166
62168
64041
64042
64043
64044
64045
64046
64047
64048
64049
64050
64051
64053
64054
64055
64056
64057
64058
64059
64060
64061
64063
64064
64066
64067
64068
64069
64070
64072
64073
64074
64075
64076
64077
64078
64079
64080
64081
64082
64083
64084
64086
64087
64088
64090
64091
64092
64093
64094
64096
64097
64098
64099
64100
64101
64102
64103
64104
64105
64106
64108
64109
64110
64111
64112
64114
64115
64116
64117
64118
64119
64120
64121
64122
64123
64124
64125
64126
64127
64128
64129
64130
64131
64132
64133
64134
64135
64136
64137
64138
64139
64140
64141
64142
64143
64144
64145
64146
64148
64149
64150
64151
64152
64153
64154
64155
64156
64157
64158
64159
64161
64162
64163
64165
64166
64167
64169
64170
64171
64172
64173
64174
64175
64176
64177
64178
64179
64180
64181
64182
64183
64184
64185
64186
64189
64190
64192
64193
64194
64195
64196
64197
64198
64199
64200
64201
64202
64203
64204
64205
64206
64207
64209
64210
64211
64212
64213
64214
66049
66050
66051
66052
66053
66054
66055
66058
66059
66061
66062
66063
66065
66066
66067
66068
66069
66070
66071
66072
66073
66074
66075
66076
66077
66078
66079
66080
66081
66083
66084
66085
66086
66087
66090
66091
66092
66093
66094
66095
66097
66098
66099
66100
66101
66102
66103
66104
66105
66106
66107
66109
66111
66112
66113
66114
66116
66117
66118
66120
66121
66122
66123
66124
66125
66126
66127
66128
66129
66130
66132
66133
66134
66135
66136
66137
66138
66139
66140
66141
66142
66143
66144
66146
66147
66148
66149
66150
66151
66152
66153
66154
66155
66157
66158
66160
66161
66162
66163
66164
66165
66166
66167
66168
66169
66171
66172
66173
66174
66175
66176
66177
66178
66179
66180
66181
66183
66184
66185
66187
66188
66189
66190
66191
66192
66193
66194
66195
66196
66197
66200
66201
66203
66204
66207
66208
67887
67888
67889
67890
67891
67892
67893
67894
67895
67896
67897
67898
67899
67900
67901
67902
67903
67904
67905
67906
67907
67908
67909
67911
67912
67913
67914
67915
67916
67917
67918
67919
67920
67921
67922
67923
67924
67926
67927
67928
67929
67930
67931
67932
67934
67935
67936
67937
67938
67939
67940
67941
67942
67943
67944
67945
67946
67947
67948
67949
67950
67951
67953
67954
67955
67956
67958
67959
67960
67961
67962
67963
67964
67965
67966
67967
67969
67970
67971
67972
67973
67974
67975
67976
67977
67978
67979
67980
67981
67983
67984
67985
67986
67987
67988
67989
67990
67991
67994
67995
67997
67998
67999
68000
68002
68003
68004
68005
68006
68007
68009
68011
68013
68014
68015
68016
68017
68018
68021
68022
69637
69638
69639
69640
69641
69642
69643
69644
69645
69646
69647
69648
69649
69650
69651
69652
69653
69654
69656
69657
69658
69659
69660
69661
69662
69663
69664
69665
69666
69667
69668
69669
69670
69672
69674
69675
69676
69677
69678
69679
69680
69681
69682
69683
69684
69685
69686
69687
69688
69689
69690
69691
69692
69693
69695
69696
69697
69698
69700
69701
69702
69703
69704
69705
69706
69707
69709
69710
69711
69712
69713
69714
69715
69716
69717
69718
69719
69720
69721
69722
69723
69724
69725
69726
69727
69729
69730
69731
69732
69733
69734
69736
69737
69738
69739
69741
69743
69744
69745
69746
69747
69748
69749
69750
69751
69752
69753
69754
69755
69756
69757
69758
69759
69760
69762
69763
69764
69765
69766
69767
71358
71359
71361
71362
71363
71364
71365
71366
71367
71370
71372
71374
71375
71376
71377
71378
71379
71380
71381
71383
71386
71387
71388
71389
71390
71391
71392
71393
71394
71395
71396
71397
71398
71399
71400
71401
71402
71403
71405
71406
71407
71408
71409
71410
71411
71412
71413
71414
71415
71416
71417
71418
71419
71421
71422
71423
71424
71425
71426
71427
71428
71429
71430
71431
71432
71433
71434
71435
71436
71437
71438
71439
71440
71441
71442
71443
71444
71445
71446
71447
71448
71449
71450
71451
71452
71453
71454
71455
71456
71457
71458
71459
71460
71461
71462
71466
71467
71468
71469
71470
71471
71472
71473
71475
71476
71477
71478
71479
71480
71481
71482
71483
71484
71485
71487
71488
71490
71491
71492
71493
71494
71495
71496
73033
73034
73035
73036
73037
73038
73040
73041
73042
73044
73045
73046
73047
73048
73049
73050
73052
73053
73054
73055
73057
73058
73059
73060
73061
73062
73063
73064
73066
73067
73068
73070
73071
73072
73073
73074
73075
73076
73077
73078
73079
73080
73081
73082
73083
73084
73085
73087
73088
73089
73090
73091
73092
73093
73094
73095
73096
73097
73098
73099
73100
73101
73102
73103
73104
73105
73106
73108
73109
73110
73111
73112
73113
73114
73115
73116
73117
73118
73119
73120
73121
73122
73123
73124
73125
73127
73129
73130
73131
73132
73133
73134
73136
73137
73138
73139
73140
73141
73142
73143
73144
73145
73148
73149
73150
73153
73154
73155
73156
73158
73159
73162
73163
73164
74159
74160
74165
74167
74168
74169
74170
74171
74172
74174
74175
74176
74177
74179
74180
74181
74184
74185
74186
74187
74188
74189
74190
74191
74194
74195
74197
74198
74200
74202
74203
74206
74208
74209
74212
74213
74215
74216
74217
74990
74991
74994
74997
74998
74999
75001
75003
75005
75006
75007
75008
75009
75010
75011
75012
75013
75014
75015
75018
75019
75020
75022
75023
75024
75025
75027
75028
75029
75031
75032
75033
75034
75036
75038
75039
75040
75042
75046
75047
75048
75049
75052
75905
75907
75908
75909
75910
75911
75912
75913
75914
75915
75916
75917
75920
75921
75924
75925
75926
75927
75929
75930
75931
75933
75934
75935
75936
75937
75938
75939
75940
75941
75943
75944
75946
75948
75949
75950
75951
75952
75954
75955
75956
75957
75958
75959
75960
75962
76881
76883
76884
76886
76887
76888
76889
76892
76893
76894
76895
76896
76898
76900
76901
76902
76904
76905
76907
76908
76909
76910
76911
76913
76915
76916
76917
76919
76920
76921
76922
76923
76925
76926
76928
76929
76931
76932
76934
76935
76937
76938
78168
78170
78171
78172
78173
78174
78175
78177
78178
78179
78180
78181
78182
78183
78184
78185
78186
78187
78188
78189
78190
78191
78193
78194
78195
78196
78197
78198
78199
78200
78202
78203
78204
78205
78206
78207
78208
78210
78211
78212
78213
78214
78215
78216
78217
78218
78219
78221
78222
78223
78224
78225
78226
78227
78228
78229
78230
78231
78233
78234
78235
78236
78237
78238
78239
78240
78241
78242
78243
78244
78245
78246
78247
78250
78251
78252
78253
78254
78255
78257
78258
78259
78260
78262
78263
78264
78265
78266
78267
78268
78270
78271
78273
78274
78275
78276
78277
78279
78280
78281
78282
78283
78284
78285
79824
79825
79826
79827
79828
79829
79830
79831
79832
79834
79835
79836
79837
79838
79839
79840
79841
79842
79843
79845
79846
79847
79848
79849
79850
79851
79852
79853
79854
79855
79856
79857
79858
79859
79860
79861
79862
79863
79864
79865
79866
79867
79868
79869
79871
79872
79873
79874
79875
79876
79877
79878
79879
79880
79881
79882
79883
79884
79885
79886
79887
79890
79891
79892
79893
79894
79895
79896
79897
79899
79900
79901
79902
79903
79904
79905
79906
79907
79908
79909
79910
79911
79912
79913
79914
79915
79916
79917
79918
79919
79920
79921
79922
79923
79924
79925
79926
79927
79928
79929
79930
79931
79932
79933
79935
79936
79937
79938
79939
79940
79941
79942
79943
79944
79945
79946
79947
79948
79950
79951
79952
79953
79954
79955
79956
79957
79958
79959
79960
79961
79962
79963
79964
79965
81324
81325
81326
81327
81328
81329
81330
81332
81333
81334
81335
81336
81337
81338
81339
81340
81341
81342
81343
81344
81345
81347
81348
81349
81351
81352
81353
81354
81355
81356
81358
81359
81360
81364
81365
81367
81368
81369
81370
81371
81372
81373
81374
81375
81377
81378
81379
81380
81381
81383
81384
81385
81386
81387
81388
81389
81390
81391
81392
81393
81394
81395
81396
81397
81399
81400
81401
81402
81405
81407
81408
81410
81411
81412
81413
81414
81415
82979
82980
82981
82982
82983
82984
82985
82986
82987
82988
82989
82990
82991
82992
82993
82994
82995
82996
82997
82998
82999
83000
83001
83002
83003
83004
83005
83006
83007
83008
83009
83010
83011
83012
83013
83015
83016
83017
83018
83019
83020
83021
83022
83023
83024
83026
83027
83028
83029
83030
83031
83032
83033
83034
83035
83036
83037
83038
83040
83041
83042
83043
83044
83045
83046
83047
83048
83049
83050
83051
83052
83053
83054
83055
83056
83057
83058
83059
83060
83061
83062
83063
83064
83065
83066
83067
83068
83069
83070
83071
83072
83073
83074
83075
83076
83077
83078
83079
83080
83081
83082
83083
83084
83085
83086
83087
83088
83089
83090
83091
83092
83094
83095
83096
83097
83098
83099
83102
83103
83104
83105
83106
83107
83108
83109
83110
83112
83113
83114
83115
83116
83117
83118
83119
83120
83121
83122
83123
83124
83125
84587
84588
84589
84590
84593
84594
84595
84596
84597
84598
84599
84600
84601
84602
84603
84604
84605
84606
84607
84608
84609
84610
84611
84612
84613
84614
84615
84616
84617
84618
84619
84621
84622
84623
84624
84625
84626
84627
84628
84629
84630
84631
84632
84633
84635
84636
84637
84638
84639
84640
84641
84642
84643
84644
84645
84646
84647
84648
84649
84650
84651
84652
84653
84654
84655
84656
84657
84658
84659
84661
84663
84664
84665
84666
84667
84669
84670
84672
84673
84674
84675
84676
84677
84678
84679
84681
84682
84685
84686
84688
84689
84690
84691
84692
84693
84694
84695
86050
86051
86052
86053
86054
86055
86056
86057
86058
86059
86060
86061
86062
86063
86064
86066
86067
86068
86069
86070
86071
86072
86074
86075
86077
86078
86079
86080
86081
86082
86083
86084
86085
86086
86087
86088
86089
86091
86096
86097
86099
86100
86101
86103
86104
86105
86106
86107
86108
86109
86110
86111
86112
86113
86114
86115
86116
86117
86118
86119
86120
86121
86122
86123
86124
86126
86127
86128
86129
86130
86132
86133
86134
86135
86136
86139
86140
86141
86145
86146
86147
86148
86149
86150
86151
86153
86156
86157
86158
86159
86160
86161
86164
86165
87521
87522
87523
87524
87525
87526
87527
87528
87529
87530
87532
87533
87534
87535
87536
87537
87538
87539
87540
87541
87542
87543
87544
87545
87546
87547
87548
87550
87551
87552
87553
87555
87556
87557
87559
87560
87561
87563
87564
87565
87566
87567
87568
87569
87570
87571
87572
87573
87574
87575
87577
87578
87579
87580
87582
87583
87584
87585
87586
87587
87588
87589
87590
87591
87592
87593
87594
87595
87597
87598
87600
87601
87602
87603
87604
87605
87606
87607
87608
87609
87611
87612
87613
87614
87616
87617
87619
87622
87623
87624
87625
87626
87627
87628
87629
87631
87632
87634
87635
87636
87637
87639
87640
87641
89038
89039
89040
89042
89043
89044
89045
89047
89049
89051
89052
89053
89055
89056
89057
89058
89059
89060
89061
89062
89063
89064
89065
89067
89068
89069
89071
89073
89074
89075
89076
89078
89079
89081
89082
89083
89084
89086
89087
89088
89089
89091
89092
89093
89095
89096
89097
89098
89099
89100
89101
89102
89103
89105
89106
89107
89109
89110
89111
89112
89113
89114
89115
89116
89119
89120
89121
89122
89127
89130
89131
89134
89135
89136
89137
89138
89139
89141
89142
89143
89144
89146
89147
89148
89149
89150
89151
89152
90424
90426
90430
90431
90432
90433
90434
90435
90436
90437
90438
90439
90440
90442
90446
90447
90449
90450
90451
90452
90454
90455
90456
90458
90459
90460
90461
90463
90464
90465
90467
90469
90471
90472
90473
90474
90475
90477
90478
90479
90481
90482
90483
90484
90485
90486
90487
90488
90489
90490
90494
90495
90496
90497
90498
90499
90500
90501
90502
90503
90505
90506
90507
90508
90509
90510
90511
90512
90513
90514
90515
90517
90518
90519
90522
90523
90524
90526
90527
90528
91965
91966
91967
91968
91969
91970
91971
91973
91974
91975
91976
91977
91979
91980
91982
91983
91984
91985
91986
91987
91988
91989
91990
91991
91993
91994
91995
91996
91997
91998
91999
92000
92001
92002
92003
92004
92005
92006
92007
92008
92009
92010
92011
92012
92013
92014
92015
92016
92017
92018
92019
92020
92021
92022
92023
92024
92025
92026
92027
92028
92029
92032
92033
92034
92035
92036
92037
92038
92039
92040
92041
92042
92043
92044
92045
92046
92047
92049
92050
92051
92052
92053
92054
92055
92056
92059
92060
92061
92062
92064
92065
92066
92067
92068
92069
92070
92071
92072
92073
92074
92076
92077
92078
92079
92080
92081
92083
92084
92085
92086
92087
92088
92089
92090
92091
92092
92093
92096
92097
93735
93736
93737
93738
93739
93741
93742
93744
93745
93746
93747
93748
93749
93750
93751
93752
93753
93754
93756
93758
93759
93760
93761
93762
93763
93764
93765
93766
93767
93768
93769
93770
93771
93772
93774
93776
93777
93778
93779
93781
93782
93784
93785
93786
93787
93788
93789
93790
93791
93793
93794
93795
93796
93798
93799
93800
93801
93802
93803
93804
93805
93806
93807
93808
93809
93810
93811
93812
93813
93814
93815
93816
93817
93818
93819
93820
93821
93822
93823
93824
93825
93826
93827
93828
93829
93830
93831
93832
93833
93834
93835
93836
93837
93838
93839
93840
93841
93842
93844
93846
93847
93849
93850
93852
93853
93854
93857
93858
93859
93860
93861
93862
93863
93864
93865
93866
93868
93869
93870
93872
93873
93874
93875
93876
93878
93879
93880
93882
93883
95353
95354
95357
95360
95361
95362
95363
95365
95367
95368
95370
95371
95373
95374
95375
95376
95377
95378
95379
95380
95381
95382
95383
95384
95385
95386
95387
95389
95390
95391
95392
95394
95395
95396
95398
95400
95401
95402
95403
95404
95406
95407
95408
95409
95410
95411
95412
95413
95414
95415
95416
95417
95418
95419
95420
95421
95422
95423
95424
95425
95426
95427
95428
95429
95430
95431
95432
95433
95434
95435
95436
95437
95438
95439
95440
95441
95443
95444
95445
95446
95447
95448
95450
95452
95453
95454
95455
95456
95459
95460
95462
95463
95464
95465
95468
95469
95471
95472
95473
95474
95475
95478
95479
95481
95482
95483
95484
95485
95486
95487
96645
96646
96647
96648
96650
96651
96652
96653
96654
96656
96658
96659
96660
96661
96662
96663
96664
96665
96668
96669
96670
96672
96674
96675
96678
96679
96681
96682
96685
96687
96688
96689
96690
96691
96692
96693
96694
96695
96696
96697
96698
96699
96700
96703
96704
96706
96707
96708
96709
96710
96711
96713
96715
96716
96717
96718
96720
96722
96723
97945
97946
97947
97948
97950
97952
97953
97954
97955
97957
97958
97959
97960
97962
97963
97964
97965
97967
97968
97969
97970
97971
97972
97973
97974
97975
97976
97977
97978
97979
97980
97982
97983
97984
97985
97987
97988
97989
97991
97993
97994
97995
97996
97997
97998
97999
98000
98001
98002
98003
98004
98005
98006
98007
98008
98009
98010
98011
98012
98013
98014
98015
98016
98017
98018
98019
98020
98021
98022
98023
98024
98025
98026
98027
98028
98029
98030
98031
98032
98033
98035
98036
98037
98038
98039
98040
98042
98044
98046
98047
98048
98049
98050
98051
98052
98053
98054
98055
98057
98058
98059
98060
98063
99321
99322
99324
99325
99327
99329
99330
99331
99333
99334
99335
99336
99337
99338
99340
99341
99342
99343
99344
99345
99347
99348
99349
99352
99353
99354
99355
99356
99357
99358
99359
99360
99363
99364
99365
99366
99367
99368
99369
99370
99371
99372
99373
99374
99375
99377
99378
99379
99380
99381
99382
99383
99384
99385
99386
99387
99388
99389
99390
99391
99392
99393
99394
99395
99396
99398
99399
99400
99401
99402
99405
99406
99407
99408
99409
99411
99412
99413
99414
99415
99417
99418
99419
99420
99421
99423
99425
99426
99427
99428
99429
100712
100713
100714
100715
100716
100717
100718
100719
100720
100721
100722
100723
100724
100725
100726
100727
100728
100729
100730
100732
100733
100734
100735
100737
100738
100739
100740
100741
100742
100743
100745
100746
100747
100748
100749
100750
100751
100754
100755
100756
100757
100758
100760
100761
100762
100763
100764
100765
100766
100767
100768
100769
100770
100771
100772
100774
100775
100776
100777
100778
100779
100780
100781
100782
100783
100784
100785
100786
100787
100789
100790
100791
100793
100794
100795
100797
100798
100799
100800
100801
100802
100803
100804
100807
100808
100809
100810
100811
100812
100813
100815
100816
100817
100818
100819
100820
100821
100823
100824
100825
102295
102299
102300
102301
102302
102303
102304
102306
102307
102308
102309
102310
102311
102312
102313
102314
102315
102316
102318
102319
102321
102322
102323
102324
102325
102326
102328
102329
102330
102332
102333
102334
102335
102336
102337
102338
102339
102340
102341
102342
102343
102344
102345
102346
102347
102348
102349
102350
102351
102352
102353
102354
102355
102356
102357
102358
102359
102360
102361
102362
102363
102364
102365
102366
102367
102368
102369
102371
102372
102373
102374
102375
102376
102377
102378
102379
102380
102381
102382
102386
102387
102388
102389
102390
102391
102392
102393
102394
102395
102396
102397
102398
102400
102401
102402
102403
102404
102405
102406
102407
102408
102409
102410
102411
102412
102413
102414
102415
102416
102417
102418
102419
102420
102421
102422
104002
104003
104004
104005
104006
104007
104008
104009
104010
104011
104012
104013
104014
104017
104018
104019
104020
104021
104022
104023
104024
104025
104026
104027
104028
104029
104031
104032
104033
104034
104035
104036
104037
104038
104039
104040
104041
104042
104043
104044
104045
104046
104047
104048
104051
104052
104053
104054
104055
104057
104058
104059
104060
104061
104062
104063
104064
104065
104066
104067
104068
104069
104070
104071
104072
104073
104074
104075
104076
104077
104079
104080
104081
104082
104083
104084
104085
104086
104087
104088
104089
104091
104092
104093
104094
104095
104097
104099
104100
104103
104104
104105
104106
104107
104108
104109
104110
104113
104115
104116
104117
104118
104120
104121
104122
104124
104125
104127
104128
104130
104131
105794
105795
105796
105797
105799
105800
105801
105802
105803
105804
105805
105806
105807
105809
105810
105811
105812
105813
105814
105815
105816
105817
105818
105819
105820
105821
105822
105823
105825
105826
105827
105829
105830
105831
105832
105833
105834
105835
105836
105837
105838
105840
105841
105842
105843
105844
105845
105846
105847
105848
105850
105851
105852
105853
105854
105855
105856
105857
105858
105859
105861
105862
105863
105864
105865
105866
105867
105868
105869
105870
105871
105872
105873
105874
105875
105876
105877
105878
105879
105880
105881
105882
105883
105884
105885
105886
105887
105888
105889
105890
105891
105892
105893
105894
105895
105897
105898
105899
105900
105901
105902
105903
105904
105906
105907
105908
105909
105911
105912
105913
105914
105916
105917
105918
105920
105921
105922
105923
105925
105926
105927
105928
105929
105930
105931
105932
105933
105934
105935
105936
105937
105938
105939
105940
105941
107543
107544
107545
107546
107547
107548
107549
107550
107551
107552
107553
107555
107557
107559
107560
107561
107562
107563
107564
107565
107566
107567
107568
107569
107570
107571
107573
107574
107576
107577
107578
107579
107580
107581
107582
107583
107584
107585
107586
107587
107588
107589
107590
107591
107593
107594
107595
107596
107597
107598
107599
107600
107601
107602
107603
107604
107605
107606
107607
107608
107609
107610
107611
107613
107614
107615
107616
107617
107618
107619
107620
107621
107622
107623
107624
107625
107626
107627
107628
107629
107630
107631
107632
107634
107635
107636
107637
107638
107639
107641
107642
107643
107644
107645
107646
107647
107648
107649
107650
107651
107652
107653
107654
107655
107656
107657
107658
107660
107661
107662
107663
107664
107665
107667
107669
107670
109108
109109
109110
109112
109113
109114
109115
109116
109120
109121
109122
109123
109124
109125
109126
109128
109129
109130
109131
109132
109133
109135
109136
109137
109139
109140
109141
109142
109143
109144
109145
109146
109149
109150
109151
109152
109153
109154
109155
109156
109157
109158
109159
109160
109161
109162
109163
109164
109165
109167
109168
109169
109170
109171
109172
109173
109174
109176
109178
109179
109180
109181
109182
109183
109184
109185
109186
109187
109188
109189
109190
109191
109192
109193
109195
109196
109197
109198
109199
109201
109202
109203
109204
109205
109207
109208
109209
109211
109212
109213
109214
109216
109217
109218
109219
109220
109223
109224
109225
109226
109227
109228
109229
110764
110765
110767
110768
110769
110771
110772
110774
110775
110776
110777
110778
110779
110780
110781
110782
110784
110785
110786
110787
110788
110789
110790
110791
110792
110793
110794
110795
110796
110797
110798
110799
110800
110801
110802
110803
110804
110805
110806
110807
110809
110810
110811
110812
110813
110814
110815
110816
110817
110818
110819
110821
110822
110823
110824
110825
110826
110827
110828
110829
110830
110831
110832
110833
110835
110836
110837
110838
110839
110840
110841
110842
110843
110844
110845
110846
110848
110849
110850
110851
110852
110853
110854
110855
110856
110858
110859
110860
110861
110862
110863
110864
110865
110866
110867
110868
110869
110871
110872
110874
110875
110876
110877
110878
110879
110880
110881
110882
110883
110884
110885
110886
110888
110889
110891
110893
110894
110896
110897
110898
110899
110901
110902
110903
110904
112408
112409
112410
112411
112414
112415
112416
112417
112418
112419
112420
112421
112422
112423
112424
112426
112427
112429
112430
112432
112433
112434
112435
112436
112437
112438
112439
112441
112442
112443
112444
112445
112446
112447
112448
112450
112451
112452
112453
112454
112455
112457
112458
112460
112461
112462
112463
112464
112465
112466
112467
112468
112469
112470
112471
112472
112473
112474
112476
112477
112478
112479
112480
112481
112482
112483
112484
112485
112486
112487
112488
112490
112491
112492
112493
112494
112495
112496
112497
112498
112500
112501
112502
112503
112504
112505
112506
112507
112508
112510
112511
112513
112514
112517
112519
112520
114029
114030
114031
114032
114033
114035
114036
114037
114038
114039
114040
114042
114044
114045
114046
114047
114049
114050
114051
114052
114053
114054
114055
114056
114057
114058
114059
114060
114061
114062
114063
114064
114065
114066
114067
114068
114069
114070
114072
114073
114074
114075
114076
114077
114078
114079
114080
114081
114082
114083
114084
114085
114086
114087
114088
114089
114090
114091
114092
114093
114094
114095
114096
114097
114098
114099
114100
114101
114102
114103
114104
114105
114106
114107
114108
114109
114110
114112
114113
114115
114116
114117
114118
114119
114120
114121
114122
114123
114124
114125
114126
114127
114128
114129
114131
114132
114133
114134
114136
114137
114138
114140
114141
114142
114143
114144
114145
114146
114147
114148
114149
114150
114151
114153
114154
114155
114156
114158
114159
114160
114161
115589
115590
115591
115592
115593
115595
115596
115597
115598
115599
115601
115602
115603
115604
115605
115607
115608
115609
115610
115611
115612
115613
115614
115615
115616
115617
115618
115619
115620
115621
115622
115623
115624
115625
115626
115627
115628
115630
115631
115632
115633
115634
115636
115637
115638
115639
115641
115642
115643
115644
115645
115646
115647
115648
115649
115650
115651
115652
115656
115657
115658
115659
115660
115661
115662
115663
115664
115666
115667
115668
115669
115672
115673
115675
115676
115677
115678
115679
115681
115682
115685
115686
115687
115688
115690
115691
115692
115693
115694
115695
115696
115697
115698
117181
117182
117183
117184
117185
117186
117187
117188
117189
117190
117191
117192
117193
117194
117196
117197
117198
117199
117200
117201
117202
117203
117204
117205
117206
117207
117208
117209
117210
117211
117212
117213
117214
117216
117217
117218
117219
117220
117221
117222
117223
117224
117225
117226
117227
117228
117229
117230
117231
117232
117233
117234
117235
117236
117238
117239
117240
117242
117243
117244
117245
117246
117247
117248
117249
117250
117251
117252
117253
117254
117255
117256
117257
117259
117262
117263
117264
117265
117266
117267
117268
117269
117270
117271
117272
117273
117274
117275
117278
117279
117280
117281
117284
117285
117287
117288
117289
117290
117291
117292
117294
117295
117296
117297
117298
117299
117300
117301
117302
117303
117304
117305
117306
117307
117308
117309
117310
117311
117312
117313
117314
117315
118881
118882
118883
118885
118886
118887
118889
118890
118891
118892
118893
118894
118895
118896
118897
118898
118900
118901
118902
118903
118904
118905
118906
118907
118908
118909
118910
118911
118912
118913
118914
118915
118916
118917
118918
118919
118920
118921
118922
118923
118924
118925
118926
118927
118928
118929
118930
118931
118932
118934
118935
118936
118937
118938
118939
118940
118941
118942
118943
118944
118945
118946
118947
118948
118949
118950
118951
118952
118953
118954
118955
118956
118957
118958
118959
118960
118961
118962
118963
118964
118965
118966
118967
118968
118969
118970
118971
118972
118973
118974
118976
118977
118978
118979
118980
118981
118982
118983
118985
118987
118988
118989
118990
118991
118992
118994
118995
118997
118999
119000
119002
119003
119004
119006
119007
119008
119009
119010
119011
119012
119014
119015
119016
120586
120589
120590
120591
120592
120593
120594
120595
120596
120598
120599
120600
120601
120602
120603
120604
120606
120607
120608
120609
120610
120611
120612
120613
120614
120615
120616
120617
120618
120619
120620
120622
120623
120624
120625
120626
120628
120629
120631
120632
120633
120634
120635
120636
120637
120638
120639
120641
120642
120643
120644
120646
120647
120648
120649
120650
120651
120652
120653
120654
120655
120656
120657
120658
120659
120660
120661
120662
120663
120664
120665
120666
120667
120668
120669
120671
120672
120673
120674
120675
120676
120677
120678
120679
120680
120681
120683
120684
120686
120687
120688
120689
120691
120692
120693
120694
120696
120697
120698
120700
120701
120702
120703
120704
120705
120706
120708
120709
120710
120711
120712
120713
120714
120715
