291
292
294
295
296
298
300
301
305
306
308
310
311
312
313
314
317
318
319
321
322
323
324
325
326
327
328
329
331
333
334
335
336
339
343
344
345
346
347
348
349
352
353
354
355
356
357
358
359
360
361
362
364
366
368
369
373
374
375
376
377
378
379
380
384
385
387
388
389
390
391
392
393
394
395
396
398
400
402
403
405
406
407
409
412
413
414
416
417
418
419
421
2131
2132
2133
2134
2135
2137
2138
2139
2141
2142
2143
2145
2146
2148
2149
2150
2151
2152
2155
2157
2158
2159
2160
2161
2162
2164
2166
2167
2168
2169
2170
2171
2172
2173
2175
2176
2177
2179
2182
2183
2184
2185
2186
2187
2188
2189
2190
2191
2193
2194
2195
2197
2198
2200
2201
2202
2204
2205
2208
2209
2210
2211
2212
2213
2214
2216
2217
2218
2219
2220
2221
2222
2224
2225
2226
2227
2228
2229
2231
2232
2235
2238
2239
2242
2243
2244
2245
2246
2247
2248
2249
2250
2251
2252
2253
2255
2257
2258
2260
2261
2263
2265
2266
2267
2268
2270
2271
2273
2276
4117
4119
4120
4121
4123
4124
4127
4128
4129
4130
4132
4133
4135
4136
4139
4140
4141
4142
4143
4144
4145
4148
4149
4150
4151
4152
4153
4154
4156
4157
4159
4163
4164
4165
4169
4170
4171
4172
4174
4175
4176
4177
4178
4179
4180
4181
4182
4185
4186
4187
4191
4193
4194
4195
4196
4198
4199
4200
4202
4204
4205
4206
4208
4209
4210
4211
4212
4213
4214
4215
4216
4217
4218
4219
4220
4221
4222
4223
4224
4225
4226
4227
4228
4229
4230
4231
4232
4233
4234
4235
4237
4239
4240
4241
4242
4245
4248
4249
4250
4251
4253
4254
4255
4256
4257
4258
4259
4260
4262
4263
4264
4267
4269
4270
4271
6091
6092
6093
6099
6101
6103
6104
6106
6107
6108
6109
6110
6113
6114
6115
6118
6119
6120
6122
6123
6124
6126
6128
6129
6134
6135
6136
6137
6138
6139
6140
6141
6142
6143
6144
6148
6149
6150
6152
6153
6154
6156
6157
6159
6160
6161
6162
6163
6164
6165
6167
6168
6169
6170
6171
6174
6175
6177
6178
6182
6184
6186
6187
6188
6190
6191
6197
6199
6200
6201
6202
6204
6205
6206
6209
7891
7892
7893
7897
7899
7900
7906
7907
7908
7912
7913
7915
7917
7918
7919
7920
7923
7928
7929
7931
7932
7933
7934
7935
7936
7937
7938
7940
7941
7942
7944
7947
7949
7950
7953
7954
7955
7957
7958
7959
7960
7962
7964
7965
7967
7968
7970
7971
7974
7976
7977
7978
7979
7980
7981
7982
7983
7984
7985
7986
7987
7988
7992
7994
7995
7997
7998
7999
8000
8001
8002
8004
8007
8008
8009
9566
9568
9570
9571
9573
9574
9575
9576
9579
9580
9581
9582
9583
9584
9586
9587
9588
9589
9591
9592
9593
9594
9595
9596
9597
9600
9602
9606
9608
9609
9610
9612
9613
9614
9615
9616
9617
9619
9621
9622
9623
9625
9626
9629
9630
9631
9632
9633
9634
9635
9636
9637
9638
9640
9641
9642
9645
9646
9647
9648
9649
9651
9652
9653
9656
9658
9661
9662
9664
9666
9669
9670
9671
9672
9673
9674
9675
9676
9677
9678
9680
9682
11222
11223
11224
11226
11227
11228
11231
11234
11235
11238
11240
11242
11244
11246
11247
11248
11251
11252
11253
11254
11256
11257
11258
11259
11260
11261
11263
11264
11266
11268
11269
11270
11272
11273
11274
11275
11276
11278
11280
11281
11282
11283
11284
11287
11288
11289
11290
11291
11292
11294
11295
11296
11297
11298
11299
11300
11302
11304
11305
11309
11310
11312
11318
11321
11323
11325
11328
11329
11331
11334
11335
11336
11337
11338
11339
12858
12859
12861
12864
12871
12872
12873
12874
12875
12877
12879
12882
12884
12886
12888
12891
12893
12895
12896
12898
12900
12901
12902
12903
12904
12905
12906
12907
12913
12914
12915
12917
12918
12919
12920
12921
12922
12923
12924
12925
12927
12930
12931
12933
12938
12941
12946
12948
12950
14376
14377
14379
14381
14383
14385
14386
14387
14388
14392
14393
14394
14395
14398
14399
14401
14403
14405
14408
14409
14410
14411
14413
14417
14418
14419
14421
14422
14425
14426
14428
14429
14430
14432
14433
14434
14435
14436
14437
14438
14439
14441
14442
14443
14444
14446
14447
14448
14449
14451
14452
14453
14455
14457
14458
14461
14462
14464
14465
14466
14467
14468
14469
14470
14471
14474
14475
14476
14478
14480
14481
14484
14487
14490
14492
14493
14494
14495
14497
14498
14501
14502
14504
14505
14506
14509
14510
14512
16235
16236
16237
16238
16239
16241
16244
16245
16246
16247
16248
16249
16250
16251
16255
16256
16259
16262
16263
16265
16266
16267
16268
16274
16277
16278
16279
16280
16282
16283
16284
16285
16286
16287
16289
16290
16291
16292
16294
16296
16297
16298
16299
16300
16301
16302
16304
16305
16306
16307
16308
16309
16310
16311
16312
16313
16314
16315
16316
16317
16318
16319
16320
16321
16322
16324
16325
16326
16331
16335
16337
16338
16339
16344
16345
16347
16348
16349
16350
16351
16352
16353
16355
16359
16360
16362
18033
18036
18037
18038
18040
18042
18046
18049
18051
18052
18053
18054
18055
18056
18057
18058
18059
18061
18062
18063
18064
18066
18067
18068
18070
18072
18073
18074
18075
18076
18078
18080
18084
18085
18087
18088
18089
18090
18091
18092
18093
18094
18095
18096
18098
18099
18101
18102
18103
18104
18105
18106
18107
18108
18109
18110
18111
18112
18113
18114
18115
18117
18118
18121
18123
18124
18125
18127
18128
18129
18130
18132
18133
18134
18135
18138
18144
18146
18147
18148
18150
18151
18152
18154
18156
18157
18160
18161
18162
18165
19847
19849
19850
19851
19852
19853
19854
19856
19857
19858
19860
19861
19863
19864
19866
19868
19870
19871
19874
19876
19877
19882
19884
19886
19887
19888
19891
19893
19895
19896
19898
19899
19900
19902
19903
19904
19906
19907
19909
19910
19911
19912
19913
19914
19915
19916
19917
19918
19919
19921
19922
19923
19924
19926
19927
19928
19932
19933
19934
19936
19938
19939
19940
19941
19942
19947
19948
19949
19950
19951
19953
19954
19955
19957
19958
19960
21551
21552
21553
21555
21557
21560
21563
21565
21566
21569
21570
21572
21574
21575
21576
21577
21578
21579
21582
21586
21587
21588
21589
21591
21592
21594
21595
21596
21600
21601
21602
21603
21605
21606
21607
21608
21609
21610
21611
21613
21615
21616
21618
21619
21620
21622
21623
21624
21625
21627
21629
21630
21635
21637
21638
21639
21644
21648
21649
21652
21653
21655
21656
21657
21658
21661
21662
21666
21667
21668
21669
21671
21672
23286
23287
23289
23293
23295
23297
23298
23299
23301
23304
23307
23309
23310
23311
23312
23313
23314
23317
23320
23321
23322
23323
23324
23328
23329
23330
23331
23332
23333
23334
23335
23336
23338
23339
23340
23341
23342
23343
23344
23345
23347
23348
23350
23351
23352
23353
23354
23355
23356
23357
23358
23359
23360
23361
23364
23365
23366
23367
23369
23370
23371
23372
23373
23374
23375
23376
23377
23378
23379
23380
23381
23382
23383
23384
23385
23387
23390
23391
23394
23395
23396
23398
23399
23400
23401
23402
23405
23406
23407
23412
23413
23415
23416
23418
23419
23420
23421
23422
23423
23428
23431
25195
25197
25198
25199
25201
25204
25205
25206
25207
25208
25210
25211
25212
25214
25215
25216
25217
25219
25220
25221
25222
25224
25227
25228
25229
25230
25231
25232
25233
25234
25235
25236
25237
25238
25239
25240
25241
25242
25243
25244
25245
25246
25247
25248
25250
25251
25252
25253
25254
25255
25256
25257
25258
25259
25260
25261
25262
25263
25264
25266
25267
25268
25270
25272
25273
25274
25275
25276
25277
25279
25280
25281
25282
25283
25284
25286
25287
25288
25290
25292
25293
25294
25295
25296
25298
25299
25301
25302
25303
25304
25306
25308
25310
25313
25314
25316
25317
25320
25321
25322
25323
25324
25325
25326
25327
25328
25329
25331
25332
25333
25335
25336
25337
25341
27167
27169
27170
27171
27172
27174
27175
27176
27177
27179
27181
27182
27183
27185
27188
27189
27190
27191
27193
27197
27200
27201
27204
27205
27207
27210
27213
27214
27217
27218
27219
27220
27221
27222
27223
27224
27227
27228
27231
27232
27233
27234
27235
27236
27237
27238
27241
27242
27243
27244
27245
27247
27248
27249
27250
27251
27252
27253
27255
27256
27257
27258
27261
27262
27263
27265
27267
27268
27270
27274
27277
27279
27280
27281
27282
27285
27286
27287
27288
27289
27292
27293
27295
27296
27297
27301
27302
27303
29018
29020
29021
29024
29025
29026
29029
29031
29032
29035
29036
29037
29038
29040
29042
29043
29044
29045
29051
29055
29056
29059
29060
29061
29062
29063
29065
29066
29067
29069
29072
29074
29077
29078
29080
29081
29082
29083
29084
29085
29086
29087
29089
29090
29091
29092
29093
29094
29095
29096
29098
29100
29101
29102
29104
29105
29106
29107
29111
29113
29117
29119
29121
29124
29129
29134
29135
29136
29138
29139
29140
30762
30763
30764
30765
30766
30767
30768
30771
30773
30775
30776
30778
30779
30780
30781
30782
30783
30784
30785
30787
30789
30790
30792
30793
30794
30795
30796
30797
30798
30800
30801
30802
30803
30804
30805
30806
30807
30809
30812
30813
30814
30815
30816
30817
30820
30821
30822
30823
30825
30826
30827
30828
30829
30831
30832
30833
30834
30835
30836
30837
30839
30840
30841
30842
30844
30845
30846
30847
30849
30850
30851
30852
30853
30854
30855
30856
30857
30860
30862
30864
30865
30870
30874
30875
30876
30877
30878
30879
30881
30882
30884
30886
30887
30888
30890
30892
30893
30894
30895
30896
30897
30898
32672
32673
32674
32677
32679
32680
32681
32682
32683
32685
32687
32689
32690
32691
32693
32694
32695
32696
32697
32698
32699
32700
32701
32702
32703
32704
32706
32707
32709
32710
32711
32712
32714
32716
32717
32719
32720
32724
32725
32727
32729
32731
32733
32734
32735
32736
32737
32739
32740
32741
32742
32743
32744
32745
32746
32748
32750
32751
32752
32753
32754
32755
32757
32758
32759
32760
32761
32762
32764
32765
32766
32767
32768
32769
32770
32771
32772
32773
32774
32775
32776
32777
32778
32779
32780
32781
32782
32783
32785
32787
32790
32791
32792
32794
32795
32796
32797
32799
32800
32806
32807
32809
32810
32811
32812
32814
32815
32818
32819
32821
34609
34612
34613
34614
34615
34616
34617
34618
34619
34620
34622
34623
34624
34625
34626
34627
34628
34629
34630
34631
34632
34633
34634
34635
34636
34638
34639
34641
34642
34643
34644
34645
34646
34648
34649
34650
34651
34653
34654
34655
34656
34657
34658
34659
34660
34661
34665
34666
34669
34670
34671
34672
34673
34674
34675
34677
34678
34679
34680
34683
34684
34685
34687
34688
34689
34690
34691
34692
34694
34695
34696
34698
34699
34701
34704
34705
34706
34707
34708
34709
34711
34713
34715
34716
34718
34721
34725
34727
34729
34730
34732
34733
34735
34737
34739
34740
34741
34743
34744
34745
34746
34747
34750
34751
34753
36525
36527
36529
36531
36532
36533
36537
36538
36539
36540
36543
36544
36546
36547
36549
36550
36552
36553
36554
36555
36556
36558
36559
36560
36561
36562
36563
36566
36567
36568
36569
36570
36571
36572
36574
36575
36576
36577
36578
36579
36580
36581
36582
36583
36584
36585
36586
36587
36588
36589
36590
36591
36592
36593
36595
36596
36597
36599
36601
36602
36603
36604
36605
36606
36608
36609
36610
36611
36613
36614
36615
36616
36618
36620
36621
36622
36623
36624
36626
36627
36631
36636
36637
36639
36643
36647
36649
38292
38293
38294
38295
38297
38300
38302
38304
38306
38307
38308
38309
38310
38312
38315
38317
38318
38319
38322
38323
38324
38325
38326
38328
38329
38330
38331
38335
38336
38337
38338
38340
38341
38342
38343
38344
38345
38347
38349
38350
38354
38357
38358
38359
38361
38362
38363
38364
38365
38366
38367
38368
38369
38370
38371
38372
38373
38374
38376
38377
38378
38380
38381
38383
38386
38387
38388
38390
38391
38393
38394
38395
38398
38399
38404
38405
38406
38407
38409
38412
38413
38414
38416
38417
38419
38421
38422
38425
38429
40150
40151
40152
40153
40154
40155
40157
40158
40161
40162
40163
40165
40166
40167
40168
40169
40170
40171
40172
40173
40174
40175
40176
40177
40178
40179
40180
40182
40184
40185
40186
40187
40188
40190
40193
40194
40196
40197
40198
40199
40200
40202
40203
40204
40206
40207
40208
40209
40210
40211
40212
40214
40215
40216
40217
40219
40220
40222
40223
40224
40225
40228
40229
40230
40231
40232
40234
40235
40236
40237
40238
40240
40242
40243
40245
40247
40248
40250
40251
40252
40254
40255
40258
40259
40262
40265
40267
40269
40270
40271
40272
40273
40274
40275
40276
40278
40279
40281
40282
40286
40288
41953
41957
41958
41959
41961
41964
41965
41967
41969
41970
41971
41972
41973
41974
41975
41976
41977
41980
41982
41984
41985
41986
41987
41988
41990
41991
41994
41996
41998
41999
42000
42002
42003
42008
42009
42011
42012
42013
42014
42017
42018
42021
42022
42025
42026
42027
42029
42030
42031
42032
42036
42037
42038
42041
42042
42043
42044
42046
42048
42050
42051
42054
42055
42056
42057
42059
42060
42061
43639
43640
43642
43643
43645
43646
43648
43649
43650
43651
43652
43654
43655
43656
43657
43658
43661
43662
43663
43664
43665
43666
43667
43668
43669
43670
43671
43672
43674
43675
43676
43677
43679
43680
43681
43682
43684
43686
43688
43689
43690
43691
43692
43693
43694
43695
43696
43697
43699
43700
43702
43704
43705
43706
43707
43708
43709
43710
43711
43712
43713
43714
43717
43718
43720
43721
43722
43723
43724
43725
43726
43727
43728
43730
43731
43732
43733
43734
43735
43736
43737
43738
43739
43740
43741
43742
43743
43744
43745
43746
43748
43749
43750
43751
43752
43753
43754
43755
43756
43757
43760
43762
43764
43765
43766
43768
43770
43771
43773
43774
43775
43776
43777
43780
43781
43783
43784
43786
43788
43789
43790
43791
45678
45680
45681
45683
45684
45685
45687
45689
45690
45692
45693
45694
45696
45697
45698
45699
45700
45701
45702
45703
45704
45705
45706
45707
45708
45710
45711
45712
45713
45714
45715
45716
45717
45718
45719
45720
45721
45722
45723
45726
45727
45729
45730
45731
45732
45735
45736
45737
45738
45739
45740
45742
45743
45744
45745
45746
45747
45748
45750
45751
45753
45754
45755
45756
45757
45760
45761
45762
45763
45764
45765
45766
45767
45768
45770
45771
45772
45773
45774
45775
45776
45777
45778
45779
45780
45782
45783
45784
45785
45786
45787
45789
45790
45791
45792
45797
45798
45799
45801
45802
45803
45805
45810
45812
45813
45815
45816
45817
45818
45819
45820
45821
45822
45826
45828
45830
45832
45833
47688
47689
47690
47691
47692
47693
47694
47697
47698
47700
47701
47702
47703
47704
47705
47706
47707
47708
47709
47710
47711
47712
47713
47714
47715
47716
47717
47718
47719
47720
47722
47723
47724
47725
47726
47728
47729
47730
47732
47733
47734
47735
47736
47737
47738
47739
47740
47741
47742
47744
47745
47746
47747
47748
47750
47751
47752
47753
47755
47756
47757
47758
47759
47760
47761
47762
47763
47764
47765
47766
47767
47768
47769
47770
47771
47772
47773
47774
47775
47776
47778
47779
47780
47781
47782
47783
47784
47785
47786
47787
47788
47789
47790
47791
47792
47793
47794
47795
47796
47798
47799
47800
47801
47802
47803
47804
47805
47806
47807
47809
47812
47814
47815
47816
47817
47818
47823
47824
47825
47826
47827
47828
47829
47830
47831
47832
47833
47834
47835
47838
47839
47841
47843
47844
47845
47846
47847
49754
49755
49756
49757
49758
49759
49760
49761
49762
49764
49765
49768
49769
49770
49772
49773
49774
49775
49776
49777
49778
49779
49780
49781
49782
49783
49784
49785
49786
49787
49788
49789
49790
49791
49792
49793
49794
49795
49796
49797
49798
49799
49801
49802
49803
49804
49805
49806
49808
49809
49810
49811
49812
49813
49814
49815
49816
49817
49819
49820
49821
49822
49825
49826
49827
49828
49829
49831
49832
49833
49834
49836
49837
49838
49840
49841
49842
49843
49844
49845
49846
49847
49848
49849
49850
49851
49852
49853
49854
49855
49856
49858
49859
49860
49861
49862
49863
49864
49865
49866
49867
49868
49869
49870
49871
49872
49873
49874
49875
49876
49877
49879
49880
49881
49882
49883
49885
49886
49888
49889
49892
49893
49894
49899
49900
49901
49902
49903
49904
49905
49906
49908
49909
49911
49912
51791
51792
51793
51794
51796
51798
51799
51800
51802
51804
51805
51806
51807
51810
51811
51812
51813
51814
51815
51816
51817
51818
51821
51822
51823
51824
51825
51826
51827
51828
51829
51830
51831
51835
51836
51838
51839
51841
51842
51843
51845
51846
51847
51848
51849
51850
51852
51854
51855
51856
51857
51858
51859
51860
51862
51863
51864
51867
51868
51869
51870
51871
51872
51873
51874
51877
51878
51879
51880
51881
51882
51883
51884
51885
51886
51889
51891
51892
51894
51895
51897
51898
51901
51906
51909
51912
51913
51915
51916
51917
51918
51920
51921
51922
51923
51924
51926
51927
53704
53705
53706
53707
53708
53709
53710
53712
53713
53714
53715
53716
53720
53721
53722
53723
53726
53727
53728
53730
53731
53733
53734
53735
53736
53737
53739
53740
53741
53742
53743
53744
53745
53746
53747
53748
53749
53750
53751
53752
53753
53754
53755
53757
53758
53759
53760
53761
53763
53764
53765
53767
53768
53770
53771
53773
53774
53775
53776
53777
53778
53779
53780
53781
53782
53783
53784
53785
53787
53788
53789
53791
53792
53793
53794
53795
53796
53797
53798
53800
53801
53802
53803
53804
53805
53806
53807
53809
53810
53811
53812
53814
53816
53817
53818
53822
53823
53824
53825
53826
53827
53828
53829
53831
53836
53840
53842
53843
53844
53845
53846
53847
53850
53851
53852
53853
53854
53856
53857
55708
55710
55711
55712
55713
55715
55716
55718
55721
55722
55726
55727
55729
55730
55731
55734
55737
55739
55740
55742
55743
55744
55745
55747
55748
55750
55752
55753
55754
55755
55756
55758
55759
55760
55761
55762
55763
55764
55765
55766
55767
55769
55770
55772
55773
55774
55775
55776
55777
55780
55781
55782
55784
55785
55786
55787
55788
55789
55790
55791
55793
55794
55795
55796
55797
55798
55799
55801
55802
55803
55804
55805
55806
55807
55808
55809
55810
55811
55817
55819
55820
55821
55822
55823
55824
55825
55826
55827
55830
55831
55832
55833
55834
55836
55837
55838
55839
55841
55842
55843
55844
57603
57604
57605
57608
57610
57611
57613
57615
57618
57619
57620
57621
57622
57623
57625
57626
57627
57628
57631
57632
57634
57635
57637
57639
57640
57641
57642
57645
57646
57647
57648
57650
57651
57652
57653
57655
57656
57657
57658
57661
57664
57666
57667
57668
57669
57670
57671
57672
57673
57674
57676
57677
57678
57679
57680
57681
57682
57683
57684
57685
57688
57689
57690
57691
57694
57695
57696
57697
57698
57699
57700
57702
57704
57705
57707
57708
57712
57714
57715
57716
57718
57719
57720
57721
57722
57723
57725
59394
59395
59396
59397
59398
59400
59404
59405
59406
59408
59409
59411
59412
59414
59416
59417
59418
59420
59421
59424
59426
59427
59428
59429
59430
59431
59432
59434
59435
59436
59438
59439
59441
59442
59443
59446
59447
59448
59449
59450
59451
59452
59453
59456
59457
59459
59460
59462
59463
59464
59465
59467
59468
59469
59470
59471
59472
59473
59474
59476
59477
59478
59479
59481
59482
59484
59485
59486
59490
59492
59497
59499
59500
59501
59502
59504
59505
59506
59507
59512
59513
59515
59516
59519
59520
59521
59522
59524
61225
61226
61227
61228
61230
61232
61233
61234
61236
61237
61238
61239
61240
61241
61244
61245
61246
61248
61249
61250
61251
61252
61253
61254
61256
61257
61258
61259
61260
61261
61262
61263
61264
61265
61268
61274
61275
61276
61277
61278
61279
61280
61281
61282
61283
61284
61285
61286
61289
61290
61291
61292
61293
61294
61295
61296
61297
61298
61299
61300
61301
61302
61303
61304
61305
61306
61307
61308
61309
61311
61312
61313
61314
61315
61316
61319
61320
61321
61322
61323
61324
61326
61327
61328
61331
61332
61336
61337
61340
61343
61344
61345
61348
61349
61350
61351
61353
61354
61355
61358
61360
63168
63169
63170
63172
63173
63174
63176
63177
63178
63179
63181
63182
63186
63187
63188
63190
63191
63192
63193
63194
63195
63196
63197
63198
63199
63200
63201
63202
63203
63204
63205
63206
63207
63208
63210
63211
63214
63215
63216
63217
63218
63219
63220
63221
63222
63223
63224
63225
63226
63227
63228
63229
63231
63232
63233
63234
63236
63237
63238
63239
63240
63241
63242
63243
63244
63245
63246
63247
63248
63249
63250
63251
63252
63253
63254
63255
63256
63257
63258
63259
63260
63261
63263
63264
63265
63267
63268
63269
63270
63271
63272
63273
63274
63276
63277
63278
63279
63280
63282
63283
63284
63285
63286
63289
63290
63291
63292
63294
63295
63297
63298
63299
63301
63302
63304
63305
63306
63307
63308
63310
63311
63312
63315
63316
63317
63319
63320
63321
63323
63324
65220
65221
65222
65223
65225
65226
65227
65231
65232
65233
65234
65235
65236
65238
65240
65241
65243
65245
65246
65247
65248
65249
65250
65251
65253
65254
65256
65257
65258
65260
65261
65262
65265
65266
65267
65268
65269
65270
65271
65272
65274
65275
65276
65277
65278
65280
65281
65282
65283
65284
65285
65286
65288
65289
65290
65291
65292
65293
65294
65295
65296
65297
65298
65299
65300
65301
65303
65304
65305
65306
65307
65308
65309
65310
65311
65312
65314
65315
65316
65318
65319
65320
65321
65322
65324
65330
65331
65332
65333
65335
65336
65337
65338
65339
65342
65343
65344
65346
65347
65348
65350
65351
65352
65353
65354
65355
65356
65357
65360
65361
65362
65363
65364
65365
67148
67149
67151
67152
67153
67154
67155
67156
67157
67158
67159
67160
67161
67162
67163
67165
67166
67167
67168
67169
67170
67171
67172
67173
67174
67175
67176
67179
67180
67182
67183
67184
67186
67187
67188
67189
67190
67191
67192
67193
67194
67195
67196
67199
67200
67201
67202
67203
67204
67205
67206
67207
67208
67209
67210
67211
67212
67213
67214
67215
67216
67217
67218
67219
67220
67221
67222
67223
67224
67226
67227
67228
67229
67231
67232
67234
67235
67236
67237
67239
67240
67241
67242
67244
67245
67248
67249
67250
67251
67252
67253
67254
67255
67256
67257
67258
67259
67260
67261
67262
67263
67264
67265
67266
67267
67268
67269
67270
67271
67272
67273
67274
67275
67276
67277
67278
67279
67280
67282
68908
68909
68910
68911
68912
68915
68916
68917
68918
68919
68920
68921
68922
68923
68924
68925
68927
68928
68929
68930
68931
68932
68934
68935
68936
68937
68938
68940
68941
68942
68943
68946
68947
68948
68949
68950
68951
68952
68953
68954
68955
68956
68957
68959
68960
68961
68962
68963
68964
68965
68966
68967
68968
68969
68970
68971
68972
68973
68974
68975
68976
68977
68978
68979
68980
68981
68982
68983
68984
68985
68986
68987
68988
68989
68990
68991
68992
68993
68994
68995
68996
68997
68998
69000
69001
69002
69003
69004
69005
69006
69007
69008
69009
69010
69011
69012
69013
69014
69015
69016
69017
69018
69019
69021
69022
69023
69024
69026
69027
69028
69029
69030
69031
69032
69033
69034
69035
69036
69037
70642
70643
70644
70645
70646
70648
70650
70651
70653
70654
70655
70656
70657
70659
70660
70661
70662
70663
70664
70665
70666
70669
70670
70671
70672
70673
70675
70676
70677
70679
70681
70682
70683
70684
70685
70686
70687
70688
70689
70690
70691
70692
70693
70694
70695
70696
70697
70698
70699
70700
70701
70702
70703
70704
70705
70706
70707
70708
70709
70710
70711
70712
70713
70714
70715
70716
70717
70718
70719
70720
70721
70722
70723
70724
70725
70726
70727
70728
70729
70730
70731
70732
70733
70735
70736
70737
70738
70739
70740
70741
70742
70743
70744
70745
70746
70747
70750
70751
70752
70753
70755
70757
70758
70760
70761
70762
70763
70764
70765
70766
70767
70768
72323
72324
72325
72326
72327
72328
72329
72330
72331
72332
72333
72334
72336
72337
72338
72339
72341
72343
72344
72346
72347
72349
72350
72351
72352
72353
72354
72355
72356
72357
72358
72359
72361
72362
72363
72364
72365
72366
72368
72369
72370
72371
72372
72373
72374
72375
72376
72377
72378
72379
72380
72381
72383
72384
72385
72386
72388
72389
72390
72391
72392
72393
72394
72395
72396
72397
72398
72399
72400
72401
72402
72404
72405
72406
72407
72408
72409
72411
72413
72414
72415
72418
72419
72420
72421
72422
72423
72424
72425
72426
72428
72429
72430
72431
72432
72438
72439
72446
72447
72448
73828
73829
73830
73832
73834
73835
73836
73837
73839
73840
73841
73842
73843
73844
73845
73846
73848
73849
73852
73853
73854
73855
73857
73859
73861
73862
73863
73864
73865
73866
73868
73869
73870
73871
73872
73873
73874
73875
73876
73878
74622
74623
74625
74626
74627
74628
74629
74633
74634
74635
74636
74637
74638
74639
74640
74642
74643
74644
74646
74647
74649
74651
74652
74655
74656
74657
74659
74660
74661
74662
74663
74666
74667
74668
74669
74671
74672
74675
75502
75503
75504
75508
75509
75510
75514
75515
75516
75517
75518
75519
75521
75522
75523
75524
75525
75526
75527
75528
75529
75531
75532
75533
75535
75536
75537
75538
75541
75543
75544
75545
75547
75549
75550
75551
75554
75555
75556
75557
75558
75559
75560
75561
75562
75563
75564
75565
75566
75567
76483
76484
76485
76487
76488
76490
76491
76492
76493
76496
76499
76500
76501
76502
76505
76506
76507
76508
76509
76510
76511
76513
76514
76515
76516
76518
76519
76520
76521
76523
76524
76525
76526
76527
76530
76531
76532
76533
76534
77509
77510
77511
77512
77513
77514
77516
77517
77518
77519
77521
77522
77523
77526
77527
77529
77531
77532
77535
77537
77538
77539
77540
77541
77542
77543
77544
77545
77546
77547
77548
77549
77550
77551
77552
77553
77554
77555
77556
77557
77558
77560
77561
77562
77563
77564
77565
77566
77567
77568
77569
77570
77571
77572
77573
77575
77576
77577
77578
77579
77580
77581
77582
77583
77584
77585
77586
77587
77588
77589
77590
77591
77592
77593
77594
77595
77596
77597
77598
77599
77600
77601
77604
77605
77607
77608
77609
77610
77611
77612
77613
77614
77615
77616
77617
77618
77619
77620
77623
77624
77625
77626
77627
77628
77629
79088
79091
79092
79095
79096
79097
79098
79100
79101
79103
79104
79105
79106
79107
79108
79109
79110
79111
79112
79113
79114
79115
79116
79117
79119
79120
79121
79123
79124
79126
79127
79129
79130
79131
79132
79133
79134
79135
79136
79137
79138
79139
79140
79141
79142
79143
79144
79145
79146
79147
79148
79149
79151
79152
79153
79154
79155
79156
79157
79159
79160
79161
79162
79163
79164
79165
79166
79167
79168
79169
79171
79172
79173
79174
79175
79176
79177
79178
79179
79181
79182
79183
79184
79185
79186
79187
79189
79192
79193
79195
79196
79198
79199
79200
79201
79202
79203
79205
79206
79207
79208
79209
79210
79211
79212
79213
79214
79216
79217
79218
80745
80746
80747
80748
80749
80750
80751
80753
80754
80755
80756
80757
80758
80760
80761
80766
80768
80769
80770
80771
80772
80773
80775
80777
80778
80779
80781
80783
80784
80785
80786
80787
80788
80789
80790
80791
80792
80793
80794
80795
80796
80797
80798
80799
80800
80801
80802
80803
80804
80805
80806
80807
80809
80810
80811
80812
80813
80814
80815
80816
80817
80818
80819
80820
80821
80823
80824
80825
80827
80828
80829
80830
80831
80832
80833
80834
80835
80836
80837
80838
80839
80840
80842
82196
82197
82198
82199
82200
82202
82203
82204
82205
82206
82207
82208
82209
82210
82211
82212
82213
82215
82216
82217
82218
82219
82220
82221
82222
82223
82224
82225
82226
82227
82228
82229
82230
82231
82232
82233
82234
82235
82237
82238
82239
82240
82241
82242
82243
82244
82245
82246
82247
82248
82249
82250
82251
82252
82253
82254
82255
82257
82258
82259
82260
82261
82262
82263
82264
82265
82267
82268
82269
82270
82271
82272
82273
82274
82275
82276
82277
82278
82279
82280
82281
82282
82283
82284
82285
82286
82287
82288
82289
82290
82291
82292
82293
82294
82295
82296
82297
82298
82299
82300
82301
82302
82304
82305
82307
82308
82309
82312
82313
82314
82315
82316
82317
82318
82319
82320
82321
82322
82323
82324
82325
82326
82327
82328
82329
82330
82331
82332
82333
82334
82335
82336
82337
82338
83982
83983
83986
83987
83988
83992
83993
83994
83995
83996
83997
84000
84001
84002
84004
84005
84007
84008
84009
84010
84011
84012
84014
84015
84016
84017
84018
84019
84020
84021
84024
84025
84026
84027
84028
84029
84030
84031
84032
84033
84034
84036
84037
84038
84039
84040
84041
84042
84044
84045
84046
84047
84049
84050
84051
84052
84053
84054
84055
84057
84061
84062
84063
84064
84065
84066
84067
84069
84070
84072
84073
84074
84076
84077
84078
85435
85436
85439
85440
85442
85443
85444
85445
85446
85448
85449
85451
85452
85453
85454
85455
85456
85459
85463
85464
85465
85466
85468
85469
85470
85471
85472
85473
85474
85475
85476
85477
85478
85479
85480
85481
85482
85483
85484
85485
85486
85487
85489
85491
85492
85493
85494
85495
85496
85497
85498
85499
85500
85501
85502
85503
85504
85505
85508
85510
85511
85512
85513
85514
85515
85518
85519
85521
85522
85524
85525
85526
85527
85528
85529
85530
85531
85532
85533
85534
85535
85539
85540
86892
86893
86895
86896
86897
86898
86899
86901
86903
86904
86906
86908
86909
86910
86911
86912
86913
86915
86916
86917
86919
86920
86921
86922
86923
86924
86928
86929
86931
86932
86934
86935
86936
86937
86938
86939
86940
86941
86942
86943
86944
86945
86946
86947
86948
86950
86951
86952
86953
86954
86955
86956
86957
86959
86960
86961
86962
86963
86964
86965
86966
86967
86968
86969
86970
86972
86973
86974
86977
86978
86979
86980
86983
86984
86985
86986
86987
86988
86989
86991
86992
86993
86994
86995
86996
86998
87000
88381
88383
88385
88388
88389
88390
88391
88393
88394
88399
88400
88401
88402
88404
88405
88406
88407
88408
88409
88410
88411
88412
88413
88414
88416
88417
88418
88419
88420
88421
88422
88423
88424
88426
88428
88429
88430
88431
88433
88434
88436
88437
88438
88439
88440
88441
88442
88443
88444
88445
88446
88447
88448
88449
88450
88451
88452
88453
88455
88456
88457
88458
88459
88461
88462
88463
88464
88465
88466
88467
88468
88470
88472
88473
88477
88479
88480
88482
88483
88484
88485
88486
88487
88488
88489
88490
88492
89878
89879
89880
89883
89884
89885
89886
89888
89889
89894
89895
89896
89897
89899
89901
89902
89903
89905
89906
89908
89909
89910
89911
89913
89914
89915
89917
89918
89919
89920
89922
89923
89925
89926
89927
89928
89929
89930
89931
89932
89933
89934
89935
89936
89937
89938
89939
89940
89941
89942
89943
89944
89945
89946
89947
89948
89950
89951
89952
89953
89955
89956
89957
89959
89961
89962
89963
89964
89966
89967
89969
89970
89971
89974
89975
91247
91248
91249
91250
91252
91253
91254
91255
91256
91257
91258
91259
91261
91262
91263
91264
91265
91266
91267
91268
91269
91270
91271
91272
91273
91274
91275
91276
91277
91278
91279
91280
91282
91283
91284
91285
91286
91287
91288
91289
91290
91291
91292
91293
91295
91296
91297
91298
91299
91300
91301
91302
91303
91304
91305
91306
91307
91308
91309
91310
91311
91312
91313
91314
91315
91316
91317
91319
91320
91321
91322
91323
91324
91325
91326
91327
91328
91329
91330
91332
91333
91334
91335
91336
91337
91338
91339
91340
91342
91344
91345
91346
91347
91349
91350
91351
91352
91353
91354
91355
91356
91358
91359
91360
91361
91362
91363
91365
91366
91368
91370
92953
92954
92955
92956
92957
92958
92960
92961
92962
92963
92965
92966
92967
92968
92969
92971
92972
92973
92974
92975
92976
92977
92978
92979
92980
92981
92982
92983
92984
92985
92986
92987
92988
92989
92990
92991
92993
92994
92995
92996
92997
92998
92999
93000
93001
93002
93003
93004
93006
93007
93008
93009
93010
93011
93012
93013
93014
93015
93016
93017
93018
93019
93020
93021
93022
93023
93024
93026
93027
93028
93029
93030
93031
93032
93033
93034
93035
93036
93037
93038
93040
93041
93042
93043
93044
93045
93046
93047
93048
93049
93050
93053
93054
93055
93056
93058
93059
93061
93063
93064
93065
93066
93067
93068
93070
93071
93074
93075
93076
93077
93078
93079
93080
93081
93083
93084
93085
93086
93087
93088
93089
93090
93091
93092
93093
93094
94698
94699
94700
94701
94702
94703
94704
94705
94706
94707
94708
94710
94712
94713
94714
94715
94717
94718
94720
94721
94723
94724
94725
94727
94728
94729
94730
94731
94732
94733
94734
94735
94736
94737
94739
94740
94741
94742
94743
94744
94745
94747
94748
94749
94751
94752
94753
94754
94755
94756
94757
94759
94760
94761
94763
94764
94765
94767
94768
94771
94772
94773
94774
94777
94778
94779
94780
94785
94786
94787
94788
94791
94793
94795
94796
94798
94799
94803
94804
94805
94806
94807
94808
96181
96183
96184
96185
96186
96187
96188
96189
96190
96191
96192
96194
96196
96197
96199
96200
96204
96205
96206
96207
96208
96211
96213
96214
96215
96216
96217
96218
96221
96222
96223
96225
96226
96228
96229
96230
96231
96233
96234
96235
96236
96237
96238
96240
96241
96242
96245
96246
96247
96248
96249
96251
96252
96253
96254
96255
96256
96257
96258
96259
97313
97314
97315
97316
97317
97318
97319
97320
97321
97322
97323
97324
97325
97326
97327
97328
97329
97330
97331
97333
97335
97336
97337
97338
97339
97340
97341
97342
97343
97344
97346
97347
97348
97349
97351
97352
97353
97354
97355
97357
97358
97359
97360
97361
97362
97363
97364
97365
97366
97367
97369
97370
97371
97372
97373
97374
97375
97376
97377
97378
97379
97380
97381
97382
97383
97384
97385
97388
97389
97390
97391
97392
97393
97394
97395
97396
97397
97398
97399
97400
97401
97402
97404
97405
97407
97408
97409
97410
98771
98773
98776
98777
98779
98781
98782
98783
98784
98785
98786
98787
98788
98789
98790
98791
98792
98794
98795
98797
98799
98800
98802
98803
98804
98805
98807
98808
98809
98810
98811
98812
98813
98814
98815
98816
98817
98818
98819
98820
98821
98822
98823
98824
98825
98826
98828
98829
98830
98831
98832
98833
98834
98835
98837
98838
98840
98841
98842
98843
98844
98846
98847
98849
98850
98852
98857
98858
98859
100114
100117
100118
100119
100121
100124
100125
100127
100128
100129
100130
100131
100133
100134
100135
100136
100137
100138
100139
100140
100141
100142
100143
100144
100145
100146
100147
100148
100149
100151
100152
100153
100154
100155
100156
100158
100159
100160
100161
100162
100165
100166
100167
100168
100169
100170
100172
100173
100174
100175
100176
100177
100178
100179
100180
100182
100183
100185
100187
100188
100190
100191
100193
100195
100197
100198
100200
100201
100202
100203
100204
100205
100206
100208
100210
101584
101585
101586
101587
101588
101589
101590
101591
101592
101593
101594
101595
101596
101597
101598
101599
101600
101601
101602
101603
101604
101605
101606
101607
101608
101609
101610
101611
101612
101613
101614
101615
101616
101617
101618
101619
101620
101621
101622
101625
101626
101627
101628
101629
101630
101631
101632
101633
101634
101635
101636
101637
101638
101639
101640
101641
101642
101643
101644
101645
101646
101648
101649
101650
101651
101652
101653
101654
101655
101656
101657
101658
101659
101660
101661
101662
101663
101664
101665
101667
101668
101669
101670
101671
101672
101673
101674
101675
101676
101677
101678
101679
101681
101682
101683
101684
101685
101686
101687
101688
101689
101690
101691
101692
101693
101694
101695
101696
101697
101700
101701
101702
101703
101704
101706
101707
101709
101710
101711
101712
103282
103283
103284
103285
103288
103289
103290
103291
103292
103293
103294
103295
103296
103297
103299
103300
103301
103303
103304
103305
103306
103307
103308
103309
103310
103311
103312
103313
103314
103315
103316
103317
103318
103320
103323
103324
103325
103327
103329
103330
103331
103332
103333
103334
103335
103336
103337
103338
103339
103340
103341
103342
103345
103346
103347
103348
103349
103350
103351
103352
103353
103354
103355
103356
103357
103358
103359
103360
103361
103362
103363
103364
103365
103366
103367
103368
103369
103370
103371
103372
103373
103374
103375
103377
103378
103379
103380
103381
103382
103383
103384
103385
103386
103387
103388
103389
103390
103391
103392
103393
103394
103395
103397
103398
103399
103400
103404
103405
105013
105014
105015
105016
105017
105018
105020
105022
105023
105024
105025
105026
105027
105028
105029
105031
105032
105033
105034
105035
105036
105037
105038
105039
105041
105042
105043
105044
105045
105046
105047
105048
105049
105050
105051
105052
105053
105054
105055
105056
105057
105058
105060
105061
105062
105064
105065
105066
105067
105068
105069
105071
105072
105073
105074
105075
105076
105077
105078
105079
105080
105081
105082
105083
105084
105085
105086
105087
105088
105089
105090
105091
105092
105093
105094
105095
105096
105097
105099
105100
105101
105102
105103
105104
105105
105106
105108
105109
105110
105111
105112
105113
105114
105115
105116
105117
105118
105119
105120
105121
105122
105123
105124
105126
105128
105129
105130
105131
105132
105134
105136
105137
105138
105139
105140
105142
105143
105144
105145
105146
105147
105148
105149
105151
105152
105153
105154
105155
105156
105157
105159
105160
105161
105162
105163
106839
106841
106842
106843
106845
106846
106848
106849
106850
106852
106854
106856
106857
106859
106860
106862
106863
106864
106865
106866
106871
106872
106873
106874
106875
106876
106877
106878
106879
106880
106881
106882
106884
106885
106886
106887
106888
106889
106890
106891
106893
106895
106896
106897
106898
106899
106901
106902
106904
106905
106906
106908
106909
106910
106911
106912
106913
106914
106915
106916
106917
106918
106920
106921
106922
106923
106924
106926
106927
106928
106929
106930
106931
106932
106933
106934
106935
106936
106937
106938
106939
106940
106941
106942
106943
106945
106946
106947
106948
106949
106953
106954
106955
106956
106958
106961
106962
106963
106964
106965
106966
106967
108483
108484
108485
108486
108487
108488
108489
108490
108491
108493
108494
108495
108496
108497
108498
108499
108500
108501
108502
108504
108505
108507
108509
108510
108511
108512
108513
108514
108515
108516
108517
108519
108520
108521
108522
108523
108524
108525
108526
108527
108528
108529
108530
108533
108534
108535
108536
108537
108538
108539
108540
108541
108542
108543
108544
108547
108548
108549
108550
108551
108552
108555
108556
108558
108559
108560
108562
108563
108564
108565
108566
108567
108568
108569
108570
108571
108572
108573
108574
108576
108577
108578
108579
108580
108581
110036
110037
110038
110039
110040
110041
110042
110043
110045
110046
110047
110048
110049
110050
110051
110052
110053
110054
110055
110057
110058
110059
110060
110061
110062
110063
110064
110065
110066
110067
110068
110069
110070
110072
110073
110074
110075
110076
110077
110078
110079
110080
110082
110083
110084
110085
110086
110087
110088
110089
110090
110091
110092
110093
110094
110095
110096
110097
110098
110099
110100
110101
110102
110104
110105
110106
110107
110108
110109
110110
110111
110112
110113
110114
110115
110116
110117
110118
110120
110121
110122
110123
110124
110125
110126
110128
110130
110131
110132
110133
110135
110136
110137
110138
110139
110140
110141
110142
110143
110145
110146
110147
110148
110150
110152
111755
111757
111758
111759
111760
111761
111762
111763
111764
111765
111766
111767
111768
111769
111770
111772
111773
111774
111776
111777
111778
111779
111780
111781
111782
111784
111787
111788
111789
111790
111791
111792
111793
111794
111795
111796
111797
111800
111802
111803
111805
111806
111807
111808
111809
111810
111811
111812
111813
111814
111815
111816
111817
111818
111819
111820
111821
111822
111823
111824
111825
111826
111827
111829
111830
111831
111832
111833
111834
111835
111836
111837
111838
111839
111840
111841
111842
111843
111844
111845
111846
111847
111848
111849
111851
111852
111853
111856
111857
111858
111859
111861
111863
111864
111865
111866
113302
113304
113305
113306
113307
113308
113309
113311
113313
113316
113320
113321
113322
113323
113324
113325
113326
113328
113330
113331
113333
113334
113335
113336
113338
113339
113340
113341
113342
113343
113344
113345
113346
113347
113348
113349
113350
113351
113352
113353
113354
113356
113357
113358
113359
113360
113361
113362
113363
113365
113366
113367
113368
113369
113370
113371
113372
113373
113374
113375
113376
113377
113378
113379
113380
113381
113382
113383
113384
113385
113386
113387
113388
113389
113390
113391
113392
113394
113395
113396
113397
113398
113399
113401
113402
113404
113405
113406
113407
113409
113410
113412
113413
113415
113416
113417
113418
113419
113420
113421
113422
113423
113424
113425
113426
113427
113428
113429
113430
113431
113432
114963
114964
114965
114966
114967
114968
114969
114970
114971
114972
114973
114974
114975
114976
114977
114978
114979
114980
114981
114982
114983
114984
114985
114986
114987
114988
114989
114990
114992
114994
114995
114996
114997
114998
114999
115000
115001
115002
115005
115006
115007
115008
115009
115010
115011
115012
115013
115014
115015
115016
115017
115018
115020
115021
115022
115023
115024
115025
115026
115027
115029
115030
115034
115035
115036
115037
115038
115039
115041
115043
115044
115045
115046
115048
115049
115050
115051
115052
115053
115054
115055
115056
115057
115058
115059
115060
115061
116484
116487
116488
116489
116490
116491
116493
116494
116496
116499
116500
116501
116502
116504
116505
116506
116507
116509
116510
116511
116512
116513
116514
116516
116519
116520
116522
116523
116524
116525
116526
116528
116529
116530
116531
116532
116533
116534
116535
116536
116537
116539
116540
116541
116542
116543
116544
116545
116546
116547
116548
116549
116550
116551
116552
116553
116554
116555
116556
116557
116558
116559
116560
116561
116563
116564
116565
116566
116567
116569
116570
116573
116575
116577
116578
116579
116582
116583
116584
116585
116586
116588
116590
116591
116592
116593
116594
118142
118144
118145
118146
118149
118150
118151
118152
118153
118154
118155
118156
118157
118158
118159
118160
118161
118162
118163
118164
118166
118167
118168
118169
118170
118171
118172
118174
118176
118178
118179
118180
118181
118182
118183
118184
118185
118186
118187
118188
118189
118191
118192
118193
118194
118195
118196
118197
118198
118199
118200
118201
118202
118203
118204
118205
118206
118207
118209
118210
118211
118212
118213
118214
118215
118216
118217
118218
118219
118220
118221
118222
118223
118224
118225
118226
118227
118228
118229
118230
118231
118232
118233
118234
118235
118236
118237
118239
118240
118242
118243
118245
118246
118247
118248
118249
118250
118251
118252
118253
118255
118256
118257
118258
118259
118260
118261
118262
118263
118265
118266
119901
119905
119906
119907
119908
119910
119911
119912
119913
119914
119915
119916
119918
119919
119920
119921
119922
119923
119924
119925
119926
119927
119928
119929
119931
119932
119933
119934
119935
119936
119937
119938
119939
119940
119941
119942
119943
119944
119945
119946
119947
119948
119949
119951
119952
119953
119954
119955
119956
119957
119958
119959
119960
119961
119962
119963
119964
119965
119966
119967
119968
119969
119971
119972
119973
119974
119975
119977
119978
119980
119981
119982
119983
119984
119985
119986
119988
119989
119990
119991
119993
119994
119996
119997
119998
119999
120000
120001
120002
120004
120005
120007
120008
120009
120010
120011
120012
120013
120014
120015
120016
120017
