742
743
745
746
747
749
750
751
753
754
755
756
757
758
761
762
763
764
766
767
771
772
773
774
775
776
777
779
780
781
782
783
784
785
786
788
789
790
791
792
793
795
797
798
799
801
802
804
806
807
809
811
812
813
814
817
818
819
820
821
823
824
826
828
829
830
831
832
833
834
835
836
838
839
840
841
842
844
846
847
849
850
855
859
865
866
867
868
869
871
872
873
874
876
877
2621
2622
2623
2624
2626
2628
2629
2630
2631
2632
2633
2634
2636
2637
2638
2639
2641
2642
2643
2644
2645
2646
2647
2650
2651
2652
2653
2654
2655
2656
2657
2658
2660
2662
2663
2664
2665
2667
2668
2669
2671
2672
2673
2674
2675
2676
2677
2678
2679
2680
2681
2682
2683
2685
2686
2687
2688
2689
2690
2691
2693
2694
2695
2696
2697
2698
2700
2701
2702
2703
2704
2705
2706
2707
2708
2709
2710
2711
2713
2715
2716
2717
2718
2719
2721
2722
2723
2724
2725
2726
2727
2728
2729
2730
2732
2733
2735
2736
2737
2739
2741
2742
2743
2745
2746
2747
2749
2751
2752
2755
2756
2757
2758
2759
2761
2762
2763
2767
2769
2770
2771
2773
4620
4621
4622
4623
4625
4626
4627
4628
4632
4633
4634
4635
4636
4637
4639
4640
4641
4643
4644
4645
4646
4648
4649
4650
4651
4652
4653
4654
4655
4657
4658
4659
4660
4661
4663
4664
4665
4666
4667
4671
4672
4673
4676
4677
4678
4679
4680
4681
4682
4683
4685
4686
4687
4688
4689
4690
4692
4693
4694
4695
4696
4697
4699
4700
4701
4702
4703
4704
4705
4706
4707
4708
4709
4710
4711
4712
4713
4714
4715
4716
4717
4719
4720
4722
4723
4724
4725
4726
4727
4728
4729
4730
4731
4732
4733
4734
4735
4736
4737
4738
4740
4741
4743
4744
4745
4747
4748
4749
4750
4754
4756
4758
4759
4762
4763
4764
4765
4767
4768
4769
4770
4771
4772
4773
6538
6539
6540
6541
6542
6543
6544
6545
6548
6549
6551
6552
6556
6557
6559
6560
6562
6563
6564
6565
6566
6567
6568
6569
6570
6572
6573
6575
6576
6577
6579
6581
6584
6586
6588
6590
6591
6593
6594
6595
6596
6597
6599
6600
6601
6602
6603
6604
6605
6606
6608
6609
6610
6614
6617
6618
6620
6621
6622
6623
6624
6625
6626
6627
6628
6630
6631
6632
6633
6634
6638
6639
6640
6642
6643
6644
6647
6648
6651
6652
6653
6656
6660
6661
6662
6663
6664
6665
6666
6667
6670
6671
6675
6680
8313
8315
8319
8321
8322
8323
8325
8326
8330
8331
8332
8333
8335
8336
8337
8338
8339
8340
8341
8342
8345
8348
8349
8350
8351
8352
8353
8354
8355
8358
8359
8362
8365
8366
8367
8370
8371
8374
8375
8376
8379
8380
8381
8382
8383
8384
8387
8389
8390
8391
8392
8393
8394
8395
8396
8397
8398
8399
8400
8401
8402
8403
8404
8405
8410
8411
8413
8417
8418
8419
8421
8422
8424
8425
8426
8430
9977
9979
9980
9981
9982
9984
9985
9987
9989
9990
9991
9992
9995
9996
9997
9998
9999
10000
10002
10003
10004
10006
10007
10008
10009
10013
10014
10015
10016
10017
10018
10019
10021
10022
10024
10026
10028
10031
10032
10033
10036
10037
10040
10041
10042
10043
10044
10045
10046
10047
10049
10050
10053
10054
10056
10057
10058
10062
10063
10074
10075
10080
10081
10084
10087
10088
10089
10090
10092
10093
10096
11643
11644
11645
11646
11648
11651
11652
11654
11655
11658
11659
11660
11661
11662
11663
11664
11665
11667
11669
11677
11678
11679
11680
11681
11682
11683
11685
11687
11688
11689
11691
11693
11694
11695
11696
11697
11698
11699
11701
11703
11704
11705
11706
11707
11708
11709
11711
11712
11713
11714
11715
11717
11719
11721
11722
11724
11726
11727
11728
11729
11730
11731
11733
11735
11736
11741
11742
11743
11744
11746
11747
11748
11750
11751
11753
11754
13211
13212
13218
13221
13224
13227
13230
13231
13235
13236
13240
13243
13245
13246
13255
13256
13257
13259
13262
13263
13264
13265
13267
13268
13270
13271
13272
13273
13274
13275
13277
13278
13285
13290
13292
13294
13295
13296
13297
13298
13299
13301
13304
13305
13306
13307
14834
14835
14836
14837
14838
14839
14842
14843
14846
14847
14849
14850
14851
14852
14853
14854
14855
14856
14857
14858
14859
14860
14861
14863
14864
14866
14867
14868
14869
14870
14872
14873
14874
14875
14876
14877
14878
14879
14881
14883
14884
14886
14888
14889
14890
14891
14893
14894
14896
14897
14898
14899
14900
14906
14907
14908
14909
14912
14913
14914
14915
14916
14917
14918
14919
14920
14921
14922
14923
14924
14925
14926
14927
14929
14931
14932
14934
14935
14936
14939
14941
14942
14943
14944
14947
14948
14949
14950
14952
14954
14956
14957
14959
14960
14961
14962
14964
14965
14966
14968
14969
14970
14972
14973
14974
14975
14979
16675
16676
16677
16679
16680
16683
16684
16685
16686
16687
16688
16690
16692
16693
16694
16696
16697
16699
16700
16701
16702
16703
16704
16706
16708
16709
16710
16712
16713
16715
16716
16718
16719
16720
16722
16723
16724
16726
16727
16728
16729
16730
16731
16732
16733
16734
16735
16736
16737
16740
16741
16742
16744
16745
16746
16747
16749
16750
16751
16752
16753
16754
16755
16756
16758
16760
16761
16762
16763
16765
16766
16768
16770
16771
16773
16774
16776
16777
16778
16779
16781
16782
16785
16786
16787
16789
16790
16791
16797
16799
16800
16801
18483
18484
18485
18488
18489
18490
18494
18495
18496
18498
18499
18500
18501
18502
18503
18506
18509
18510
18511
18513
18514
18517
18519
18520
18521
18523
18524
18525
18526
18527
18528
18530
18531
18533
18534
18535
18536
18537
18538
18539
18540
18541
18542
18544
18545
18546
18548
18549
18550
18552
18553
18554
18556
18559
18560
18562
18563
18564
18565
18570
18571
18572
18573
18574
18575
18576
18577
18578
18579
18581
18583
18584
18585
18587
18588
18589
18590
18592
18593
18594
18596
18598
18600
18602
18603
18605
18606
18607
18608
18609
18610
18611
18612
18613
18614
18618
18619
18620
18621
18622
18623
20257
20259
20262
20264
20267
20270
20271
20272
20273
20275
20276
20277
20279
20280
20282
20283
20284
20286
20287
20288
20289
20290
20291
20294
20295
20296
20297
20298
20299
20300
20302
20303
20304
20306
20307
20308
20310
20312
20314
20317
20318
20321
20323
20324
20325
20326
20327
20330
20331
20333
20334
20335
20337
20338
20339
20340
20341
20342
20343
20345
20346
20348
20350
20351
20352
20353
20354
20355
20356
20357
20362
20364
20366
20367
20368
20369
20370
20372
20374
20375
20378
20384
21972
21973
21974
21979
21980
21983
21985
21986
21987
21989
21990
21991
21994
21997
21999
22001
22002
22003
22004
22005
22006
22007
22009
22010
22012
22013
22016
22018
22019
22020
22021
22023
22024
22027
22028
22030
22031
22032
22033
22034
22036
22037
22038
22039
22040
22041
22042
22043
22044
22045
22046
22047
22049
22050
22051
22054
22055
22057
22059
22060
22061
22062
22063
22064
22065
22066
22067
22068
22069
22070
22071
22075
22076
22077
22079
22080
22082
22084
22086
22092
23765
23766
23767
23770
23771
23772
23773
23774
23775
23776
23777
23778
23779
23780
23781
23782
23783
23785
23787
23788
23790
23791
23792
23793
23795
23796
23797
23798
23799
23800
23801
23802
23803
23804
23806
23807
23808
23809
23810
23812
23813
23814
23815
23817
23818
23822
23823
23826
23827
23828
23830
23831
23832
23834
23835
23836
23837
23838
23839
23840
23841
23842
23843
23845
23846
23848
23849
23850
23851
23852
23854
23855
23856
23857
23858
23859
23860
23861
23862
23863
23864
23865
23866
23867
23868
23869
23870
23872
23873
23874
23875
23878
23879
23880
23881
23882
23883
23884
23885
23886
23887
23888
23890
23892
23893
23895
23896
23897
23902
23903
23905
25696
25697
25699
25700
25701
25702
25703
25704
25705
25706
25707
25708
25709
25710
25712
25713
25714
25716
25718
25719
25720
25722
25723
25724
25725
25726
25727
25728
25729
25730
25731
25732
25734
25735
25736
25737
25738
25739
25740
25742
25743
25744
25745
25746
25747
25748
25749
25750
25751
25752
25753
25754
25755
25757
25758
25759
25760
25761
25762
25763
25764
25766
25767
25768
25769
25770
25771
25772
25773
25774
25775
25776
25777
25778
25779
25780
25781
25782
25783
25785
25787
25788
25789
25790
25791
25792
25793
25794
25796
25797
25799
25800
25801
25802
25804
25805
25806
25807
25810
25811
25812
25813
25814
25816
25817
25818
25819
25820
25823
25824
25825
25826
25827
25828
25829
25830
25831
25832
25833
25834
25835
25836
25837
25838
25840
25841
25843
27619
27620
27621
27623
27624
27625
27626
27627
27628
27629
27631
27632
27634
27635
27636
27639
27640
27642
27643
27644
27646
27647
27649
27650
27652
27653
27654
27655
27656
27657
27658
27661
27663
27668
27670
27671
27672
27674
27675
27678
27679
27680
27681
27682
27683
27684
27685
27686
27687
27688
27689
27691
27692
27693
27694
27695
27696
27697
27698
27699
27701
27702
27703
27704
27705
27706
27707
27708
27709
27710
27712
27713
27715
27717
27718
27719
27722
27724
27726
27727
27731
27732
27736
27737
27738
27739
27740
27742
27744
27745
27746
27747
27748
27749
27750
27751
27752
27754
27756
27757
27758
27759
29438
29439
29441
29442
29443
29444
29445
29446
29447
29449
29450
29451
29452
29453
29455
29456
29457
29458
29459
29460
29462
29463
29464
29466
29467
29468
29470
29471
29475
29476
29478
29479
29480
29482
29483
29484
29485
29486
29488
29490
29491
29494
29495
29496
29497
29498
29502
29503
29504
29505
29506
29507
29510
29511
29512
29513
29514
29515
29516
29517
29518
29521
29522
29524
29525
29526
29528
29531
29534
29535
29536
29538
29539
29541
29543
29544
29546
29548
29549
29550
29551
29552
29554
29555
29556
29559
29560
31224
31226
31228
31230
31231
31233
31234
31235
31236
31239
31241
31243
31244
31245
31246
31248
31249
31250
31251
31252
31253
31256
31257
31258
31259
31261
31262
31263
31265
31266
31267
31268
31269
31270
31271
31274
31275
31277
31279
31280
31281
31282
31283
31285
31286
31287
31288
31290
31291
31292
31293
31295
31296
31297
31298
31299
31300
31301
31302
31303
31304
31305
31308
31309
31310
31311
31312
31313
31314
31315
31316
31317
31318
31319
31320
31321
31322
31323
31324
31325
31327
31328
31329
31330
31331
31332
31333
31334
31335
31338
31340
31341
31344
31347
31348
31349
31350
31352
31354
31356
31357
31358
31360
31361
31362
31363
31364
31366
31367
31369
31370
31371
33154
33155
33156
33157
33158
33159
33160
33161
33162
33163
33165
33166
33168
33169
33171
33173
33174
33175
33176
33177
33178
33179
33180
33181
33182
33184
33186
33187
33188
33192
33193
33194
33196
33197
33198
33199
33200
33201
33202
33203
33204
33206
33207
33208
33209
33210
33211
33212
33213
33214
33215
33216
33217
33218
33220
33221
33222
33223
33224
33227
33228
33229
33230
33232
33233
33234
33235
33236
33237
33238
33239
33240
33242
33243
33244
33245
33246
33247
33248
33250
33252
33253
33254
33256
33258
33262
33263
33264
33266
33268
33270
33271
33273
33277
33278
33279
33281
33282
33283
33284
33285
33286
33287
33288
33289
33290
33291
33292
35094
35095
35096
35101
35102
35104
35106
35107
35108
35110
35111
35112
35113
35115
35116
35118
35119
35122
35123
35124
35125
35126
35127
35128
35129
35131
35132
35133
35134
35135
35137
35139
35140
35142
35146
35147
35149
35150
35151
35152
35153
35154
35155
35156
35157
35158
35160
35161
35162
35164
35167
35168
35169
35170
35172
35173
35174
35175
35176
35178
35179
35180
35181
35182
35183
35184
35185
35187
35188
35189
35191
35192
35193
35194
35195
35196
35197
35198
35199
35200
35201
35202
35203
35204
35205
35206
35207
35208
35209
35210
35211
35213
35215
35216
35218
35220
35223
35227
35228
35230
35232
35233
35235
35236
35238
35239
35240
35241
35242
35243
35244
35245
35246
35247
36960
36962
36964
36967
36968
36970
36975
36976
36977
36978
36980
36982
36984
36985
36986
36987
36988
36991
36995
36996
36997
36998
37000
37001
37002
37004
37006
37008
37009
37011
37012
37014
37015
37016
37017
37019
37020
37023
37024
37025
37026
37027
37028
37029
37030
37033
37034
37039
37040
37041
37042
37043
37044
37045
37046
37049
37050
37051
37052
37053
37054
37058
37066
37068
37069
37071
37074
37075
37077
37078
37079
37082
38760
38763
38764
38765
38766
38767
38768
38772
38773
38775
38776
38777
38778
38779
38781
38782
38783
38784
38785
38786
38787
38788
38790
38791
38792
38793
38794
38795
38796
38797
38799
38800
38801
38802
38803
38806
38807
38808
38810
38811
38812
38813
38815
38816
38819
38820
38821
38822
38824
38825
38826
38827
38828
38829
38830
38831
38832
38833
38834
38835
38836
38837
38838
38839
38840
38841
38842
38843
38844
38845
38847
38848
38849
38850
38852
38853
38854
38855
38856
38857
38858
38860
38861
38862
38863
38865
38867
38870
38872
38873
38874
38875
38877
38878
38879
38880
38886
38887
38888
38890
38891
38892
38894
38895
38896
38897
38898
38900
38902
40608
40611
40612
40613
40614
40620
40621
40622
40623
40624
40625
40626
40629
40631
40632
40633
40634
40635
40637
40638
40639
40641
40642
40643
40645
40646
40647
40649
40650
40652
40653
40654
40655
40657
40658
40660
40663
40664
40666
40667
40668
40669
40672
40673
40674
40675
40676
40677
40678
40680
40681
40682
40683
40684
40686
40687
40689
40690
40691
40692
40694
40696
40697
40698
40699
40700
40701
40703
40704
40705
40706
40708
40709
40710
40711
40713
40717
40718
40719
40721
40724
40726
40728
40729
40731
40732
40733
40734
40735
40736
40738
40739
40740
40741
40744
40745
40746
40747
40749
42354
42356
42357
42358
42360
42361
42362
42367
42368
42370
42371
42372
42373
42374
42375
42377
42378
42379
42380
42381
42382
42383
42384
42386
42389
42390
42391
42392
42394
42395
42396
42398
42399
42401
42403
42404
42406
42407
42408
42409
42410
42413
42415
42416
42417
42418
42419
42420
42422
42424
42425
42426
42427
42430
42431
42432
42433
42434
42437
42440
42442
42444
42445
42448
42452
42453
42455
42457
42460
42461
42463
42465
44144
44145
44146
44147
44148
44149
44150
44152
44153
44154
44155
44156
44157
44158
44159
44161
44162
44163
44164
44165
44166
44167
44168
44169
44170
44171
44172
44173
44175
44177
44178
44179
44180
44182
44183
44185
44186
44187
44189
44190
44192
44193
44194
44195
44197
44199
44200
44201
44202
44203
44204
44205
44206
44207
44208
44209
44210
44211
44212
44213
44215
44216
44217
44218
44219
44220
44221
44222
44223
44225
44226
44229
44230
44231
44233
44234
44235
44236
44237
44238
44239
44240
44241
44242
44243
44244
44245
44246
44247
44249
44250
44251
44252
44253
44254
44255
44256
44257
44258
44259
44260
44261
44262
44263
44264
44265
44271
44274
44275
44276
44281
44282
44284
44285
44286
44287
44288
44289
44290
44291
44292
44293
44294
44295
44299
44300
44301
44302
44303
44304
46183
46184
46185
46186
46187
46188
46189
46190
46191
46192
46195
46198
46199
46201
46202
46203
46204
46205
46207
46208
46209
46210
46211
46212
46213
46214
46215
46216
46217
46218
46220
46221
46222
46224
46225
46226
46227
46229
46230
46231
46232
46233
46234
46235
46237
46238
46239
46240
46241
46242
46243
46244
46246
46247
46248
46249
46250
46252
46253
46254
46255
46256
46257
46258
46259
46260
46261
46262
46263
46264
46265
46266
46267
46268
46270
46271
46272
46273
46275
46276
46277
46278
46281
46282
46283
46284
46285
46286
46287
46288
46289
46291
46293
46294
46295
46296
46297
46298
46299
46300
46302
46304
46306
46308
46310
46313
46314
46315
46317
46318
46319
46320
46321
46322
46324
48195
48196
48197
48199
48200
48201
48202
48204
48205
48206
48207
48208
48209
48211
48212
48213
48214
48215
48217
48218
48219
48220
48221
48222
48223
48224
48225
48227
48228
48229
48230
48231
48232
48233
48234
48236
48237
48238
48239
48240
48241
48242
48245
48246
48247
48248
48249
48250
48251
48252
48254
48255
48256
48257
48258
48259
48260
48261
48262
48263
48264
48265
48266
48267
48268
48269
48270
48271
48274
48275
48276
48277
48278
48280
48281
48282
48284
48285
48286
48287
48288
48289
48290
48291
48292
48294
48295
48296
48297
48298
48299
48300
48301
48302
48303
48304
48305
48306
48307
48309
48311
48312
48314
48316
48317
48318
48319
48320
48321
48322
48323
48324
48325
48327
48329
48330
48331
48333
48334
48335
48336
48337
48338
48339
48340
48341
48342
48343
48345
48346
48347
48348
48349
48352
48353
50268
50269
50270
50271
50272
50273
50274
50275
50276
50278
50279
50281
50282
50283
50285
50286
50287
50288
50289
50290
50291
50292
50294
50295
50296
50297
50298
50299
50300
50301
50302
50303
50304
50306
50307
50308
50310
50311
50312
50313
50314
50316
50317
50318
50319
50320
50321
50322
50323
50324
50325
50326
50327
50328
50329
50330
50331
50332
50333
50334
50335
50337
50338
50339
50340
50341
50342
50343
50344
50345
50346
50348
50349
50350
50351
50352
50353
50356
50357
50358
50359
50360
50361
50363
50364
50365
50367
50368
50369
50370
50371
50372
50374
50375
50377
50378
50379
50380
50381
50384
50386
50387
50388
50389
50391
50392
50393
50394
50395
50396
50397
50398
50399
50400
50401
50402
50405
50406
50407
50409
50410
50412
50414
50415
50416
50417
50418
50419
50420
50421
50424
50428
50429
52261
52264
52265
52266
52268
52269
52270
52273
52274
52275
52276
52278
52279
52280
52281
52283
52284
52286
52287
52288
52289
52290
52291
52292
52293
52295
52299
52300
52303
52304
52306
52307
52308
52309
52310
52311
52312
52314
52315
52318
52319
52320
52322
52324
52325
52326
52327
52328
52329
52331
52332
52333
52335
52336
52337
52338
52340
52341
52343
52344
52345
52346
52347
52348
52349
52350
52351
52352
52353
52354
52355
52356
52357
52359
52360
52362
52364
52366
52367
52369
52370
52371
52373
52374
52375
52377
52378
52381
52383
52384
52385
52386
52390
52391
52392
52394
52395
54204
54205
54209
54210
54211
54212
54213
54214
54215
54216
54217
54218
54219
54220
54221
54222
54223
54224
54225
54226
54227
54229
54232
54233
54234
54235
54239
54240
54241
54243
54245
54247
54249
54250
54251
54253
54255
54256
54257
54258
54259
54260
54261
54262
54264
54265
54266
54267
54268
54269
54270
54271
54272
54273
54274
54275
54276
54277
54278
54279
54280
54281
54282
54283
54284
54285
54286
54289
54290
54291
54292
54294
54295
54296
54297
54298
54299
54300
54301
54302
54303
54304
54305
54306
54308
54309
54310
54311
54312
54313
54314
54315
54316
54318
54319
54321
54322
54323
54324
54325
54326
54327
54328
54329
54330
54331
54333
54334
54335
54336
54337
54338
54341
54343
54344
54348
54349
54351
54352
56182
56183
56184
56185
56186
56187
56188
56192
56194
56195
56197
56199
56200
56201
56202
56203
56204
56205
56207
56208
56209
56210
56211
56212
56213
56215
56216
56217
56219
56221
56222
56223
56224
56225
56227
56228
56229
56230
56231
56232
56233
56235
56237
56238
56239
56240
56241
56243
56244
56247
56250
56251
56252
56256
56257
56258
56259
56260
56262
56263
56264
56265
56266
56267
56268
56269
56270
56271
56272
56273
56274
56275
56276
56277
56278
56279
56280
56281
56282
56283
56284
56285
56288
56289
56293
56294
56296
56298
56299
56301
56302
56303
56304
56305
56306
56308
56309
56310
56312
56313
56314
56315
56321
58038
58040
58042
58043
58044
58045
58046
58047
58049
58050
58051
58054
58055
58056
58057
58059
58061
58062
58063
58064
58066
58068
58069
58070
58072
58073
58074
58075
58077
58078
58079
58081
58084
58085
58086
58089
58090
58091
58092
58093
58095
58098
58099
58101
58102
58103
58105
58107
58108
58109
58110
58113
58114
58115
58116
58117
58118
58119
58120
58122
58123
58124
58125
58128
58129
58130
58132
58133
58134
58139
58140
58143
58146
58147
58149
58153
58154
58155
58156
58157
58160
58161
58163
58165
58166
58168
58171
59839
59841
59842
59843
59844
59846
59849
59850
59853
59855
59857
59858
59859
59860
59861
59863
59864
59865
59866
59868
59869
59871
59872
59873
59874
59875
59876
59877
59878
59879
59880
59881
59883
59885
59887
59888
59889
59890
59892
59893
59894
59896
59899
59900
59902
59903
59904
59905
59906
59907
59908
59912
59913
59914
59915
59916
59917
59918
59919
59920
59923
59924
59925
59927
59929
59931
59933
59934
59937
59938
59939
59941
59944
59946
59949
59956
59959
59962
59963
59964
59965
59966
59968
59970
59971
59972
59973
59974
59977
59978
61693
61694
61696
61697
61698
61699
61701
61702
61703
61705
61707
61708
61709
61710
61711
61712
61714
61715
61716
61717
61718
61719
61720
61721
61722
61723
61725
61729
61730
61731
61732
61735
61736
61738
61739
61740
61741
61742
61743
61745
61746
61748
61749
61750
61751
61752
61753
61754
61755
61756
61757
61758
61759
61760
61761
61763
61764
61766
61768
61769
61770
61772
61773
61774
61775
61777
61778
61779
61781
61782
61783
61784
61785
61786
61787
61788
61789
61791
61792
61795
61797
61799
61801
61802
61803
61804
61805
61807
61808
61809
61810
61811
61812
61814
61815
61819
61820
61821
61822
61824
61826
61828
61829
61830
61831
61832
63685
63686
63687
63688
63689
63690
63691
63693
63695
63696
63698
63699
63701
63702
63703
63704
63705
63706
63708
63709
63710
63711
63712
63713
63714
63715
63716
63717
63718
63719
63720
63721
63722
63723
63724
63725
63726
63728
63729
63731
63732
63733
63734
63735
63736
63737
63739
63740
63742
63743
63744
63745
63746
63747
63748
63749
63750
63751
63752
63753
63755
63756
63757
63758
63759
63760
63761
63762
63764
63766
63767
63768
63769
63770
63771
63772
63773
63774
63775
63776
63777
63778
63779
63780
63781
63782
63783
63784
63785
63786
63787
63788
63789
63790
63791
63792
63793
63794
63795
63796
63797
63798
63799
63801
63802
63803
63804
63805
63806
63807
63810
63811
63812
63813
63814
63816
63817
63818
63819
63820
63823
63824
63827
63830
63831
63832
63833
63835
63836
63838
63839
63840
63841
63842
63843
63844
63846
63847
63849
63850
65714
65715
65716
65717
65718
65719
65720
65721
65722
65723
65724
65725
65726
65727
65728
65729
65731
65732
65737
65738
65740
65741
65742
65744
65745
65746
65747
65748
65749
65750
65751
65752
65753
65754
65755
65757
65759
65761
65762
65764
65765
65766
65767
65768
65769
65770
65771
65772
65773
65774
65775
65776
65777
65778
65779
65780
65781
65783
65784
65785
65786
65788
65789
65790
65791
65792
65793
65794
65795
65796
65798
65799
65800
65801
65802
65803
65804
65805
65806
65807
65808
65809
65810
65812
65813
65814
65815
65816
65817
65819
65820
65821
65822
65823
65824
65825
65826
65827
65829
65830
65831
65832
65835
65836
65837
65838
65839
65840
65841
65842
65843
65844
65846
65847
65848
65849
65851
65853
65854
65855
65856
65857
65858
65859
65860
65862
65863
65864
65865
67586
67587
67588
67591
67592
67593
67594
67595
67596
67597
67598
67599
67600
67601
67602
67603
67604
67606
67607
67608
67609
67610
67611
67612
67613
67614
67615
67616
67617
67618
67621
67622
67623
67624
67626
67627
67628
67629
67630
67631
67632
67633
67634
67635
67636
67637
67638
67639
67640
67641
67642
67644
67645
67646
67648
67649
67650
67651
67652
67653
67654
67655
67656
67657
67658
67659
67660
67661
67662
67663
67664
67665
67666
67667
67668
67669
67670
67671
67672
67673
67674
67675
67676
67677
67678
67679
67680
67681
67682
67683
67684
67685
67686
67687
67688
67689
67690
67691
67692
67693
67694
67695
67696
67698
67699
67702
67703
67704
67705
67706
67707
67708
67709
67710
67711
67712
67713
67714
67715
67716
67717
67718
67720
67721
67722
69323
69324
69325
69326
69327
69328
69330
69331
69332
69333
69334
69335
69336
69337
69338
69339
69340
69341
69344
69345
69346
69347
69350
69351
69353
69354
69355
69356
69357
69358
69359
69360
69361
69362
69363
69364
69365
69366
69367
69368
69369
69370
69371
69372
69373
69374
69375
69376
69378
69379
69380
69381
69382
69383
69385
69386
69387
69388
69391
69392
69393
69394
69395
69396
69397
69398
69399
69400
69401
69402
69403
69404
69405
69406
69407
69408
69409
69410
69411
69412
69413
69414
69416
69417
69419
69420
69421
69422
69423
69424
69425
69427
69428
69429
69430
69431
69432
69434
69435
69436
69437
69438
69439
69440
69441
69442
69443
69444
69445
69446
69447
69448
69450
69453
69454
69455
69456
69457
69458
69459
69460
69461
69462
69463
71061
71062
71063
71065
71066
71067
71068
71069
71070
71071
71072
71073
71074
71075
71076
71077
71078
71079
71080
71081
71082
71083
71084
71085
71086
71087
71088
71090
71091
71092
71093
71094
71095
71096
71097
71098
71099
71100
71101
71102
71103
71104
71106
71107
71108
71109
71110
71111
71112
71113
71114
71116
71117
71118
71119
71120
71121
71122
71123
71124
71125
71126
71127
71128
71129
71130
71131
71133
71134
71135
71136
71138
71139
71140
71141
71142
71143
71144
71145
71146
71147
71148
71149
71150
71152
71153
71154
71155
71156
71157
71158
71159
71160
71161
71162
71163
71164
71165
71166
71167
71168
71169
71170
71171
71172
71174
71175
71176
71177
71179
71180
71181
71182
71183
71184
71185
71186
71187
71188
72738
72739
72740
72741
72742
72743
72746
72747
72748
72749
72751
72753
72755
72756
72757
72758
72760
72761
72762
72764
72765
72766
72767
72768
72770
72771
72772
72773
72774
72775
72777
72778
72779
72781
72782
72783
72784
72785
72786
72787
72788
72789
72790
72791
72792
72793
72794
72795
72796
72797
72798
72799
72800
72801
72802
72803
72804
72805
72806
72807
72808
72809
72810
72811
72812
72813
72814
72816
72817
72818
72819
72820
72821
72822
72823
72824
72825
72826
72827
72828
72829
72830
72831
72832
72834
72835
72836
72837
72838
72839
72840
72841
72842
72843
72844
72845
72846
72849
72851
72853
72854
72855
72856
72857
72858
72859
72860
72862
72863
72864
72865
72866
72867
74008
74009
74011
74012
74014
74016
74017
74019
74020
74021
74023
74025
74026
74027
74028
74030
74032
74035
74036
74037
74038
74039
74040
74042
74044
74045
74046
74047
74048
74049
74050
74052
74053
74054
74055
74056
74057
74058
74059
74060
74061
74062
74063
74065
74066
74069
74070
74835
74837
74839
74840
74841
74842
74845
74846
74848
74849
74851
74856
74857
74859
74860
74861
74862
74863
74864
74866
74868
74869
74870
74871
74872
74873
74874
74875
74876
74877
74879
74881
74882
74883
74884
74890
74892
74893
74894
74895
74897
75739
75740
75741
75742
75743
75744
75746
75747
75748
75749
75750
75751
75753
75754
75755
75757
75759
75762
75763
75767
75768
75769
75771
75772
75773
75775
75776
75777
75778
75779
75780
75781
75782
75783
75784
75786
75787
75788
75789
75790
75791
75792
75793
75796
75797
75799
75800
75801
75802
75803
76700
76701
76702
76703
76705
76706
76707
76708
76709
76711
76712
76713
76714
76715
76718
76719
76721
76722
76724
76725
76726
76728
76729
76731
76733
76736
76737
76739
76740
76741
76742
76743
76744
76745
76746
76747
76748
76750
76751
76752
76753
76754
76755
76756
76757
76758
76759
76760
76761
76763
76764
76767
76768
76769
77895
77896
77898
77899
77900
77901
77902
77903
77904
77905
77906
77908
77910
77911
77913
77914
77915
77916
77917
77919
77920
77921
77922
77923
77924
77925
77926
77927
77928
77929
77930
77932
77933
77934
77935
77937
77938
77939
77940
77941
77942
77943
77944
77945
77946
77947
77948
77949
77950
77951
77952
77953
77954
77955
77956
77957
77959
77960
77961
77962
77963
77965
77966
77967
77969
77970
77971
77972
77973
77974
77975
77976
77977
77978
77979
77980
77981
77982
77983
77984
77985
77986
77988
77989
77990
77991
77992
77993
77994
77995
77996
77997
77998
77999
78000
78001
78002
78003
78004
78005
78006
78007
78008
78009
78010
78011
78012
78013
78014
78017
78018
79518
79519
79520
79521
79522
79524
79525
79526
79527
79528
79529
79530
79531
79532
79533
79534
79535
79536
79537
79538
79539
79540
79541
79542
79544
79545
79546
79547
79548
79549
79550
79551
79552
79553
79554
79555
79557
79558
79559
79560
79561
79562
79563
79564
79565
79566
79567
79568
79569
79570
79571
79572
79573
79574
79575
79576
79577
79578
79579
79580
79581
79582
79583
79584
79585
79586
79587
79588
79589
79590
79593
79594
79595
79596
79598
79599
79600
79601
79602
79603
79605
79606
79607
79608
79610
79611
79612
79613
79614
79615
79616
79618
79619
79620
79621
79622
79624
79625
79626
79627
79628
79629
79631
79632
79633
79634
79635
79636
79637
79638
79639
79640
79642
79643
79644
79645
79646
79647
79648
79649
79650
79651
79653
79654
79655
81076
81077
81079
81080
81081
81082
81084
81085
81086
81087
81088
81090
81091
81092
81094
81095
81097
81098
81100
81101
81102
81103
81104
81106
81107
81108
81109
81110
81112
81114
81116
81117
81118
81119
81120
81121
81122
81123
81124
81126
81127
81128
81129
81130
81131
81132
81133
81134
81135
81136
81137
81138
81139
81140
81141
81142
81143
81144
81145
81146
81147
81148
81149
81150
81151
81152
81154
81155
81156
81157
81158
81159
81160
81161
81162
81163
81164
81165
81166
81170
81171
81172
81173
81174
81175
81176
81177
81178
81179
81180
81181
81182
81183
82651
82652
82653
82654
82655
82656
82657
82658
82659
82662
82663
82664
82665
82666
82667
82668
82669
82670
82671
82672
82673
82674
82675
82676
82677
82678
82679
82680
82681
82682
82683
82684
82685
82687
82688
82689
82690
82691
82692
82693
82694
82695
82696
82697
82699
82700
82701
82702
82704
82705
82707
82708
82710
82711
82712
82713
82714
82715
82716
82717
82718
82719
82720
82722
82723
82724
82725
82726
82727
82728
82729
82730
82731
82732
82733
82734
82735
82736
82738
82739
82740
82741
82742
82743
82744
82745
82746
82747
82748
82749
82750
82751
82752
82753
82754
82755
82756
82757
82758
82759
82760
82761
82762
82764
82765
82766
82767
82768
82769
82770
82771
82772
82773
82774
82775
82776
82777
82778
82779
82780
82781
82782
82783
82784
82786
82787
82788
82789
82791
82792
82793
82794
82796
82797
82798
82799
82800
82801
82802
82803
82804
84348
84349
84350
84351
84353
84355
84356
84357
84358
84359
84360
84361
84362
84363
84364
84365
84366
84367
84368
84371
84372
84373
84376
84377
84378
84380
84381
84383
84384
84385
84386
84387
84389
84391
84392
84393
84394
84395
84396
84397
84398
84399
84400
84401
84403
84404
84405
84406
84407
84408
84409
84410
84411
84412
84413
84414
84415
84416
84417
84418
84419
84420
84421
84422
84423
84424
84425
84426
84427
84428
84429
84430
84431
84432
84433
84434
84435
84436
84437
84438
84441
84442
84444
84446
84447
84448
84449
84450
85797
85798
85800
85801
85802
85803
85806
85807
85808
85809
85811
85812
85813
85814
85815
85816
85817
85818
85819
85820
85821
85822
85823
85824
85825
85826
85827
85828
85829
85831
85832
85833
85834
85835
85836
85837
85838
85839
85840
85841
85842
85843
85845
85846
85847
85848
85849
85850
85851
85852
85854
85855
85856
85857
85858
85859
85860
85861
85862
85863
85864
85865
85866
85867
85868
85869
85872
85873
85874
85875
85876
85877
85878
85879
85882
85883
85884
85885
85889
85890
85891
85892
85893
85895
85896
85898
85900
85901
85903
85905
85906
85907
87257
87258
87259
87260
87261
87262
87263
87264
87265
87266
87267
87268
87269
87270
87271
87272
87274
87275
87276
87277
87278
87279
87280
87281
87282
87283
87284
87286
87287
87288
87291
87293
87294
87295
87296
87297
87298
87299
87300
87301
87302
87303
87306
87307
87308
87309
87310
87311
87313
87314
87315
87316
87317
87318
87319
87320
87321
87322
87323
87324
87325
87326
87328
87329
87330
87331
87332
87333
87334
87335
87336
87337
87338
87339
87341
87342
87343
87344
87345
87346
87347
87348
87349
87350
87351
87352
87353
87355
87356
87357
87358
87359
87360
87361
87362
87363
87364
87365
87367
88754
88756
88759
88760
88761
88762
88763
88765
88766
88767
88770
88771
88773
88774
88775
88776
88777
88778
88780
88783
88784
88786
88787
88788
88790
88791
88792
88794
88795
88796
88797
88798
88799
88801
88802
88803
88804
88805
88806
88807
88808
88809
88810
88811
88812
88813
88814
88815
88816
88817
88818
88819
88820
88821
88822
88823
88824
88825
88826
88828
88829
88830
88832
88833
88834
88835
88836
88837
88838
88841
88842
88843
88845
88847
88848
88849
88852
88854
88855
88856
88857
88858
88859
88860
88861
88862
88863
88864
88866
88868
88869
88870
88871
88872
88873
88874
88875
88876
88877
88879
90197
90199
90200
90201
90203
90204
90206
90207
90209
90210
90211
90213
90214
90216
90217
90218
90219
90220
90223
90224
90225
90227
90228
90229
90231
90232
90233
90234
90235
90236
90237
90238
90239
90240
90241
90242
90243
90244
90245
90246
90247
90248
90250
90251
90253
90254
90255
90256
90257
90258
90260
90261
90262
90264
90266
90267
90268
90269
90271
90272
90273
90274
90275
90277
90278
90279
90280
90281
90283
90284
90285
90286
91667
91669
91670
91671
91672
91673
91674
91675
91676
91677
91678
91679
91680
91681
91682
91683
91684
91685
91686
91687
91688
91690
91691
91692
91694
91695
91696
91697
91698
91699
91700
91703
91704
91706
91707
91708
91709
91711
91712
91713
91714
91716
91717
91718
91719
91720
91721
91722
91724
91726
91727
91728
91729
91730
91731
91732
91733
91734
91735
91736
91738
91739
91740
91741
91742
91743
91744
91745
91746
91747
91748
91749
91750
91751
91752
91753
91754
91755
91756
91757
91758
91759
91760
91761
91762
91763
91764
91765
91767
91768
91769
91770
91771
91772
91773
91774
91775
91777
91778
91779
91781
91782
91783
91784
91787
91788
91789
91790
91793
91794
91795
91796
91797
91798
93415
93416
93417
93418
93419
93420
93421
93422
93424
93425
93427
93428
93429
93430
93431
93432
93433
93434
93435
93437
93438
93439
93441
93442
93443
93445
93446
93447
93448
93449
93450
93451
93452
93453
93454
93455
93456
93457
93458
93459
93460
93461
93462
93463
93464
93467
93468
93469
93470
93471
93472
93473
93474
93475
93476
93477
93478
93479
93480
93481
93482
93483
93484
93485
93486
93487
93489
93490
93491
93492
93494
93495
93496
93497
93498
93499
93500
93501
93502
93503
93504
93505
93506
93507
93508
93509
93511
93512
93513
93514
93515
93516
93517
93518
93519
93520
93521
93522
93523
93524
93525
93526
93527
93529
93530
93531
93532
93533
93534
93535
93536
93537
93538
93539
93540
93541
93542
93543
93544
93545
93546
93547
93548
93549
93550
93551
93552
93553
93554
93555
95072
95073
95074
95076
95077
95078
95079
95081
95082
95083
95084
95086
95087
95088
95089
95091
95092
95093
95094
95096
95098
95099
95100
95101
95102
95104
95105
95106
95107
95108
95109
95110
95111
95112
95113
95114
95115
95116
95117
95118
95119
95121
95122
95123
95124
95125
95126
95127
95128
95129
95130
95132
95133
95134
95135
95136
95137
95138
95139
95140
95141
95142
95143
95144
95145
95146
95148
95149
95150
95151
95152
95153
95154
95155
95156
95157
95158
95159
95160
95161
95162
95163
95164
95165
95166
95167
95171
95172
95173
95174
95175
95176
95177
95178
95179
95180
95181
95182
95183
95184
95185
95186
95187
95188
95189
95190
95191
95192
95193
95194
95195
95196
96458
96459
96461
96462
96463
96467
96468
96469
96470
96472
96473
96474
96476
96477
96478
96480
96483
96484
96485
96487
96488
96490
96491
96492
96493
96494
96495
96496
96497
96498
96499
96500
96501
96502
96503
96504
96505
96506
96507
96508
96509
96510
96512
96513
96514
96515
96516
96517
96518
96520
96521
96523
96525
96526
96527
96528
96529
96530
96531
96532
96533
96534
96535
96536
96539
96540
97670
97671
97673
97675
97676
97677
97678
97679
97681
97683
97684
97685
97686
97687
97688
97689
97690
97691
97692
97694
97695
97697
97698
97699
97701
97702
97703
97704
97705
97707
97708
97709
97710
97711
97712
97713
97714
97715
97716
97717
97718
97719
97720
97721
97722
97723
97725
97726
97728
97729
97730
97732
97734
97735
97736
97737
97738
97739
97740
97741
97742
97743
97744
97745
97746
97747
97748
97749
97750
97751
97752
97753
97754
97755
97756
97757
97758
97759
97760
97761
97762
97763
97764
97766
97768
97769
97770
97772
97773
97775
97776
97777
97778
97779
97781
97782
97783
97784
97785
97786
97788
97789
99094
99096
99097
99098
99099
99100
99101
99102
99104
99110
99111
99112
99113
99114
99115
99116
99117
99118
99119
99120
99125
99126
99127
99128
99129
99130
99131
99132
99133
99136
99137
99138
99139
99140
99141
99142
99144
99145
99146
99147
99148
99149
99150
99151
99152
99153
99154
99155
99156
99157
99158
99159
99160
99161
99162
99163
99164
99165
99166
99167
99168
99170
99171
99172
99173
99174
99175
99176
99177
99178
99179
99180
99181
99182
99183
99184
99185
99186
99187
99189
99191
99192
100464
100466
100467
100468
100469
100470
100471
100474
100475
100476
100477
100480
100483
100484
100485
100487
100488
100489
100491
100492
100493
100495
100496
100497
100498
100499
100500
100503
100504
100505
100506
100507
100508
100509
100510
100511
100512
100514
100516
100517
100518
100519
100521
100522
100524
100525
100526
100527
100528
100529
100530
100531
100532
100533
100534
100535
100536
100537
100538
100540
100541
100542
100543
100545
100546
100547
100548
100549
100550
100551
100552
100554
100555
100556
100557
100558
100559
100561
100562
100563
100564
100565
100566
100567
100569
100570
100572
101995
101996
101997
101998
101999
102000
102002
102003
102004
102005
102007
102008
102009
102010
102011
102012
102014
102015
102016
102017
102018
102019
102020
102021
102022
102023
102024
102026
102027
102028
102029
102030
102031
102032
102033
102034
102035
102036
102037
102039
102040
102042
102043
102044
102045
102046
102047
102048
102049
102051
102053
102054
102055
102056
102057
102058
102060
102061
102062
102063
102065
102066
102068
102069
102070
102071
102072
102073
102074
102075
102076
102077
102078
102079
102080
102081
102082
102083
102084
102085
102086
102088
102089
102090
102092
102093
102094
102095
102097
102098
102099
102101
102102
102103
102105
102106
102107
102108
102109
102110
102112
102113
102114
102115
102116
102117
102118
102119
102120
102121
102122
102123
102124
102126
102127
103684
103685
103686
103687
103688
103689
103690
103691
103692
103693
103694
103696
103697
103699
103703
103704
103705
103706
103707
103708
103710
103711
103712
103713
103714
103718
103719
103720
103721
103722
103723
103725
103727
103728
103729
103730
103731
103732
103733
103734
103735
103736
103737
103738
103739
103740
103741
103742
103743
103745
103746
103747
103748
103749
103750
103751
103752
103753
103754
103755
103756
103757
103758
103759
103760
103761
103762
103763
103764
103765
103766
103767
103768
103769
103770
103771
103772
103773
103774
103775
103776
103777
103778
103780
103781
103782
103783
103784
103785
103786
103788
103789
103791
103792
103793
103794
103795
103796
103798
103799
103800
103801
103802
103803
103804
103805
103806
103807
103808
103809
103811
103812
103813
103814
103815
103816
103817
103820
103821
103822
103823
103824
103825
103826
105467
105468
105469
105470
105471
105472
105473
105474
105475
105476
105477
105478
105479
105480
105481
105482
105483
105485
105486
105487
105488
105490
105491
105492
105493
105494
105495
105496
105497
105498
105499
105501
105503
105504
105505
105506
105507
105508
105509
105510
105511
105512
105513
105514
105515
105516
105517
105518
105519
105520
105521
105522
105523
105524
105525
105526
105527
105528
105529
105530
105531
105532
105533
105534
105535
105536
105537
105538
105539
105540
105541
105542
105543
105544
105545
105546
105547
105548
105549
105550
105551
105552
105553
105554
105555
105556
105557
105558
105559
105560
105561
105562
105563
105564
105566
105567
105568
105569
105570
105571
105572
105573
105575
105576
105577
105578
105579
105580
105581
105582
105583
105584
105585
105586
105587
105588
105589
105590
105591
105592
105593
105594
105595
105596
105599
105600
105601
105602
105603
105604
105605
105606
105607
105608
105609
105611
105612
107255
107256
107257
107258
107259
107260
107261
107262
107263
107265
107267
107268
107269
107270
107271
107273
107274
107275
107276
107277
107278
107279
107280
107281
107282
107283
107284
107286
107287
107289
107290
107291
107292
107293
107294
107295
107296
107297
107301
107302
107303
107305
107306
107307
107308
107309
107311
107312
107313
107314
107315
107316
107317
107318
107319
107320
107321
107322
107323
107324
107325
107326
107327
107328
107329
107330
107332
107333
107334
107335
107336
107337
107339
107340
107341
107342
107343
107345
107346
107347
107348
107349
107350
107352
107353
107355
107356
107357
107358
107359
107360
107361
107362
107364
107365
107366
107367
107368
107369
107370
107371
107372
107374
107375
107376
107377
107378
108843
108844
108845
108846
108847
108848
108850
108851
108852
108854
108856
108858
108859
108861
108862
108863
108864
108865
108869
108871
108872
108873
108874
108875
108876
108877
108878
108879
108880
108881
108882
108883
108884
108885
108886
108887
108889
108891
108892
108893
108894
108895
108896
108897
108899
108900
108901
108903
108904
108906
108907
108908
108909
108910
108911
108912
108913
108914
108915
108916
108918
108919
108920
108921
108922
108923
108924
108925
108926
108927
108929
108930
108931
108933
108936
108937
108938
108939
108940
108941
108943
108944
108945
108946
108947
108948
108949
108950
108952
108954
108955
108957
108959
108960
108961
108962
108964
108965
110452
110454
110455
110456
110457
110458
110459
110460
110461
110462
110463
110464
110465
110466
110468
110469
110471
110473
110474
110475
110477
110478
110479
110481
110482
110483
110484
110485
110486
110487
110488
110489
110491
110492
110493
110494
110495
110497
110498
110500
110501
110502
110503
110504
110505
110506
110507
110508
110509
110510
110512
110513
110514
110515
110516
110518
110519
110520
110521
110522
110523
110524
110525
110526
110527
110528
110529
110530
110531
110532
110533
110534
110535
110536
110538
110539
110540
110541
110542
110543
110545
110546
110547
110548
110549
110550
110551
110552
110553
110554
110555
110556
110557
110558
110559
110561
110562
110563
110564
110565
110566
110568
110569
110570
110571
110573
110574
110575
110576
110577
110578
110579
110580
110582
110583
110584
110585
110586
110587
110589
110592
110593
110594
110595
110596
112136
112137
112138
112141
112142
112146
112147
112148
112149
112150
112151
112152
112153
112154
112155
112156
112157
112158
112160
112162
112163
112164
112165
112166
112167
112169
112170
112171
112172
112173
112175
112177
112178
112179
112180
112181
112183
112184
112185
112186
112187
112188
112189
112190
112191
112192
112193
112194
112195
112196
112197
112198
112199
112200
112201
112202
112203
112204
112205
112206
112207
112208
112209
112210
112211
112212
112213
112214
112215
112216
112217
112218
112219
112220
112222
112223
112224
112225
112226
112227
112228
112229
112230
112231
112232
112233
112234
112235
112236
112237
112238
112239
112241
112242
112243
112244
112246
112250
112252
112253
112254
112256
112257
112258
112259
113729
113730
113731
113732
113733
113734
113735
113736
113737
113738
113740
113741
113743
113744
113745
113746
113748
113750
113751
113752
113753
113754
113756
113758
113760
113761
113762
113763
113764
113765
113766
113767
113768
113771
113772
113773
113774
113775
113776
113777
113778
113779
113780
113781
113782
113783
113784
113785
113786
113787
113788
113789
113790
113791
113792
113793
113794
113795
113796
113797
113798
113799
113800
113801
113802
113803
113804
113805
113806
113807
113808
113809
113812
113813
113814
113815
113816
113818
113819
113820
113821
113822
113823
113824
113825
113826
113827
113828
113830
113831
113832
113834
113835
113836
113837
113838
113839
113840
113841
113843
113844
113845
113846
113847
113848
113849
113850
113851
113852
113854
113855
113856
115331
115332
115333
115334
115335
115336
115337
115338
115339
115340
115341
115343
115344
115345
115346
115347
115348
115349
115350
115351
115352
115353
115354
115355
115356
115357
115358
115359
115360
115361
115364
115366
115367
115368
115369
115370
115371
115372
115373
115374
115375
115377
115378
115379
115380
115382
115383
115384
115385
115386
115387
115388
115389
115390
115391
115392
115393
115394
115395
115396
115397
115398
115400
115401
115402
115403
115404
115405
115406
115407
115409
115410
115413
115414
115415
115416
115417
115419
115420
115421
115422
115423
115424
115425
115426
115427
115428
115429
115430
115431
115432
115433
115434
115436
115437
116886
116887
116888
116889
116891
116894
116895
116896
116897
116898
116899
116900
116901
116902
116903
116904
116905
116906
116907
116908
116909
116910
116911
116912
116913
116914
116915
116916
116918
116919
116920
116921
116922
116924
116925
116926
116927
116928
116929
116930
116931
116932
116933
116934
116935
116936
116937
116938
116939
116940
116941
116942
116944
116945
116947
116948
116949
116950
116951
116952
116953
116954
116955
116956
116957
116958
116959
116960
116961
116962
116963
116964
116965
116966
116967
116968
116969
116970
116971
116972
116973
116974
116975
116976
116977
116978
116979
116980
116981
116982
116983
116984
116986
116987
116988
116989
116990
116991
116994
116996
116997
116998
116999
117001
117002
117003
117005
117006
117007
117009
117011
117012
118571
118572
118573
118574
118575
118576
118577
118578
118579
118580
118582
118583
118584
118585
118586
118587
118589
118590
118591
118592
118593
118594
118595
118596
118597
118598
118599
118602
118603
118604
118607
118608
118609
118610
118612
118613
118614
118615
118616
118617
118618
118619
118620
118621
118622
118623
118624
118625
118626
118627
118629
118630
118631
118632
118633
118634
118635
118636
118637
118638
118639
118640
118641
118642
118643
118644
118645
118646
118647
118649
118650
118651
118652
118653
118654
118655
118657
118658
118659
118660
118661
118662
118663
118664
118665
118666
118669
118670
118671
118672
118673
118674
118675
118676
118677
118678
118679
118681
118682
118683
118684
118685
118686
118688
118689
118690
118691
118692
118693
118694
118695
118696
118697
118698
118699
118700
118701
118702
118703
118704
118705
118706
118707
118708
120297
120298
120300
120301
120302
120303
120304
120305
120306
120307
120308
120309
120310
120311
120312
120313
120314
120315
120316
120317
120318
120320
120321
120322
120323
120324
120325
120326
120327
120329
120330
120331
120332
120333
120334
120335
120336
120337
120338
120339
120340
120341
120342
120343
120344
120345
120346
120347
120348
120349
120350
120351
120353
120354
120355
120356
120357
120358
120359
120361
120362
120363
120364
120365
120367
120368
120369
120370
120371
120372
120373
120374
120375
120376
120377
120378
120379
120380
120381
120382
120383
120384
120385
120386
120387
120388
120390
120391
120392
120395
120396
120397
120398
120400
120401
120402
120403
120404
120405
120406
120407
120408
120409
120410
120411
120412
120414
120415
120416
120417
120418
120419
120420
120421
