879
880
881
882
883
884
885
886
887
888
889
890
891
892
893
895
896
897
898
899
901
903
904
905
906
908
909
910
911
912
913
914
915
916
917
919
920
921
922
923
924
925
926
927
928
929
930
931
932
933
934
935
936
938
939
940
941
942
943
944
945
946
947
948
949
950
951
952
953
954
955
956
957
958
959
960
961
962
963
964
965
966
967
968
969
970
971
972
973
974
975
976
977
978
979
980
981
982
983
984
985
986
987
988
989
990
991
992
995
996
997
999
1000
1002
1003
1004
1005
1007
1008
1009
1011
1012
1013
1014
1015
1016
1017
1019
1021
1022
1023
1024
1025
1026
1027
1029
1030
1031
1032
1034
1035
1036
1037
1038
1039
1040
1041
1042
1043
1044
1045
2778
2779
2780
2781
2782
2783
2784
2785
2786
2788
2789
2790
2791
2792
2793
2794
2795
2796
2797
2798
2800
2801
2802
2803
2804
2805
2806
2807
2808
2809
2810
2811
2812
2813
2814
2816
2817
2818
2819
2820
2821
2822
2823
2825
2826
2827
2828
2829
2830
2831
2832
2833
2834
2835
2836
2837
2838
2839
2840
2841
2842
2843
2844
2845
2846
2847
2848
2849
2850
2851
2852
2853
2854
2855
2856
2858
2859
2860
2861
2862
2863
2864
2865
2866
2867
2868
2869
2870
2871
2872
2873
2874
2875
2876
2877
2878
2879
2880
2881
2882
2884
2885
2886
2887
2888
2889
2890
2891
2893
2894
2895
2896
2897
2898
2899
2900
2901
2902
2903
2904
2905
2906
2907
2909
2911
2912
2913
2914
2915
2916
2917
2918
2919
2920
2921
2922
2923
2924
2925
2927
2928
2929
2930
2931
2932
2933
2934
2935
2937
2938
2939
2940
2941
2942
2944
2945
2946
2947
2948
2949
2950
2951
2953
2954
2955
4774
4775
4776
4777
4778
4779
4780
4781
4782
4783
4784
4785
4786
4787
4788
4789
4790
4791
4792
4793
4794
4795
4797
4798
4799
4800
4801
4803
4804
4805
4806
4807
4808
4809
4810
4811
4812
4813
4814
4815
4816
4817
4819
4820
4821
4822
4823
4824
4825
4826
4827
4828
4829
4830
4831
4832
4833
4835
4836
4837
4838
4839
4840
4841
4842
4843
4844
4845
4846
4847
4848
4849
4850
4851
4852
4853
4854
4855
4856
4857
4858
4859
4860
4861
4862
4863
4864
4865
4866
4867
4868
4869
4870
4871
4872
4873
4874
4875
4876
4877
4878
4879
4880
4881
4882
4883
4884
4885
4886
4887
4888
4889
4890
4891
4892
4893
4894
4895
4896
4897
4898
4899
4900
4901
4904
4905
4907
4908
4910
4911
4913
4914
4915
4916
4917
4919
4920
4921
4922
4923
4924
4925
4926
4927
4928
4929
4930
4931
4932
4933
4934
4935
4936
4938
4939
4940
4941
4942
4943
4944
4945
4946
4947
4948
4949
4950
6681
6682
6683
6684
6685
6686
6687
6688
6689
6690
6692
6694
6695
6697
6700
6701
6702
6703
6704
6705
6706
6707
6708
6709
6711
6712
6714
6715
6716
6717
6718
6719
6720
6721
6722
6723
6724
6725
6726
6727
6728
6729
6730
6731
6732
6733
6735
6736
6737
6738
6739
6740
6741
6742
6743
6744
6745
6746
6747
6748
6749
6750
6751
6752
6753
6754
6755
6756
6757
6758
6760
6761
6762
6763
6764
6765
6766
6767
6768
6769
6770
6771
6772
6773
6774
6775
6776
6777
6778
6779
6781
6782
6783
6784
6785
6786
6787
6788
6789
6790
6791
6792
6793
6794
6795
6796
6797
6798
6799
6800
6801
6803
6804
6805
6806
6807
6808
6809
6810
6813
6814
6815
6816
6819
6821
6822
6824
6825
6826
6827
6828
6829
6830
6831
6832
6833
6835
6836
6837
6839
6842
6844
6845
6846
6847
6848
6849
6850
6851
6852
6854
8432
8433
8434
8435
8436
8437
8438
8439
8441
8442
8443
8444
8445
8446
8447
8448
8449
8451
8453
8454
8455
8456
8457
8459
8460
8461
8463
8464
8465
8467
8468
8469
8470
8471
8472
8474
8475
8476
8477
8480
8481
8482
8483
8484
8485
8486
8487
8489
8490
8491
8492
8493
8494
8495
8497
8498
8499
8500
8501
8502
8503
8504
8505
8506
8507
8508
8509
8510
8511
8512
8513
8514
8515
8516
8517
8518
8519
8520
8521
8523
8524
8525
8526
8527
8529
8530
8531
8533
8534
8535
8536
8537
8539
8540
8541
8542
8543
8545
8546
8547
8548
8550
8551
8553
8554
8555
8557
8558
8559
8563
8564
8565
8566
8567
8568
8572
8573
8575
8576
8577
8578
8581
8582
8584
8585
8587
10098
10099
10100
10101
10102
10103
10104
10105
10106
10107
10108
10109
10111
10112
10113
10114
10115
10116
10117
10119
10122
10123
10124
10126
10127
10129
10130
10131
10132
10133
10135
10136
10137
10138
10140
10141
10142
10143
10144
10145
10146
10147
10148
10150
10151
10152
10154
10155
10156
10157
10158
10159
10160
10161
10165
10166
10167
10168
10169
10170
10171
10172
10173
10174
10175
10176
10177
10178
10179
10180
10181
10182
10183
10184
10185
10186
10188
10189
10190
10191
10192
10193
10195
10196
10197
10198
10199
10200
10201
10202
10203
10204
10205
10206
10208
10210
10211
10212
10213
10214
10218
10220
10222
10224
10226
10230
10234
10235
10240
10241
10243
10245
10247
10250
10251
10253
10254
10256
10257
10258
10259
10260
10261
10263
10264
11757
11758
11759
11760
11761
11762
11763
11766
11767
11768
11771
11772
11773
11774
11775
11776
11777
11779
11780
11781
11782
11783
11784
11785
11786
11787
11788
11789
11790
11791
11792
11793
11795
11796
11797
11799
11800
11801
11802
11803
11804
11805
11807
11808
11809
11810
11812
11813
11815
11816
11817
11818
11819
11821
11822
11823
11824
11827
11828
11829
11830
11831
11832
11833
11834
11835
11836
11837
11838
11839
11840
11841
11842
11843
11844
11845
11846
11847
11849
11850
11851
11852
11855
11856
11857
11858
11859
11860
11861
11862
11863
11864
11865
11866
11867
11869
11870
11871
11872
11873
11874
11876
11877
11878
11879
11880
11881
11882
11883
11884
11887
11889
11894
11895
11896
11897
11898
11899
11900
11901
11904
11905
11906
11907
11908
11909
11912
11913
11914
11915
11916
11919
13308
13312
13313
13315
13316
13317
13318
13319
13320
13321
13323
13324
13325
13326
13327
13328
13331
13332
13333
13335
13336
13338
13340
13341
13342
13344
13345
13346
13347
13348
13350
13351
13355
13356
13359
13360
13361
13362
13364
13365
13366
13367
13368
13369
13370
13373
13374
13375
13376
13377
13378
13379
13380
13381
13382
13383
13384
13387
13388
13389
13390
13392
13393
13394
13395
13396
13397
13398
13399
13400
13404
13405
13408
13409
13411
13412
13413
13414
13417
13418
13419
13420
13423
13427
13428
13430
13431
13432
13434
13435
13436
13437
13442
13444
13445
13446
13449
13450
13451
13453
13454
13456
13465
14980
14981
14983
14984
14985
14986
14987
14988
14989
14990
14991
14992
14993
14994
14995
14996
14997
14998
14999
15001
15002
15003
15004
15005
15006
15007
15008
15009
15010
15011
15012
15013
15014
15015
15016
15017
15018
15019
15020
15021
15022
15023
15025
15026
15027
15028
15029
15030
15031
15033
15034
15035
15036
15037
15038
15039
15040
15041
15042
15043
15044
15045
15046
15047
15048
15049
15050
15051
15052
15053
15054
15055
15056
15057
15058
15059
15060
15061
15062
15063
15064
15065
15066
15067
15068
15069
15070
15071
15072
15073
15074
15075
15076
15077
15078
15079
15080
15081
15082
15083
15084
15085
15086
15087
15088
15089
15090
15091
15092
15093
15094
15095
15096
15097
15098
15100
15101
15102
15103
15104
15105
15106
15108
15110
15111
15112
15113
15114
15115
15116
15117
15118
15119
15120
15122
15123
15124
15126
15127
15129
15130
15131
15132
15133
15134
15136
15137
15139
15140
15141
15142
15143
15144
15145
15146
15148
15149
16803
16804
16805
16806
16807
16808
16809
16810
16811
16812
16813
16814
16815
16816
16817
16819
16820
16822
16823
16824
16825
16826
16827
16828
16829
16830
16831
16832
16834
16835
16836
16837
16838
16839
16840
16841
16842
16844
16845
16846
16849
16850
16851
16853
16854
16855
16856
16858
16859
16860
16861
16863
16864
16865
16866
16867
16868
16869
16870
16872
16873
16874
16875
16876
16877
16878
16879
16880
16882
16883
16884
16885
16886
16888
16889
16891
16892
16893
16895
16896
16897
16898
16899
16900
16901
16902
16903
16904
16905
16906
16907
16908
16909
16910
16911
16912
16913
16914
16915
16916
16917
16918
16920
16921
16922
16923
16924
16926
16927
16928
16929
16930
16931
16933
16934
16936
16937
16938
16939
16940
16941
16942
16943
16947
16948
16949
16950
16951
16953
16954
16955
16956
16957
16959
16960
16961
16962
16963
16965
16967
16968
16969
16970
16971
16972
16974
16975
16976
18625
18626
18627
18628
18629
18631
18632
18633
18634
18635
18636
18637
18639
18641
18642
18643
18644
18645
18646
18648
18650
18651
18652
18654
18655
18656
18657
18658
18659
18660
18661
18662
18663
18664
18665
18666
18667
18668
18670
18671
18672
18673
18674
18675
18676
18677
18678
18679
18680
18681
18682
18683
18685
18686
18687
18688
18689
18690
18691
18692
18693
18694
18695
18696
18697
18698
18699
18700
18701
18702
18703
18704
18705
18706
18707
18708
18709
18710
18711
18712
18713
18714
18715
18716
18717
18718
18719
18720
18721
18722
18723
18724
18725
18726
18727
18728
18729
18730
18731
18732
18733
18734
18735
18736
18737
18738
18739
18740
18741
18742
18743
18744
18745
18746
18747
18748
18749
18750
18751
18754
18755
18756
18757
18758
18760
18761
18762
18764
18765
18767
18768
18769
18771
18772
18773
18774
18775
18776
18778
18780
18781
18782
18783
18784
18785
18787
18788
18789
18790
18791
18792
18796
18797
20385
20386
20387
20388
20389
20390
20391
20392
20394
20395
20396
20397
20398
20399
20400
20401
20402
20403
20404
20405
20406
20407
20408
20409
20410
20412
20413
20414
20415
20416
20417
20418
20419
20420
20421
20423
20424
20425
20426
20427
20429
20430
20431
20432
20434
20436
20437
20438
20439
20440
20441
20442
20443
20444
20445
20446
20447
20448
20449
20450
20451
20452
20453
20456
20457
20458
20459
20460
20461
20462
20463
20464
20465
20467
20468
20469
20471
20472
20473
20474
20475
20476
20477
20478
20479
20480
20481
20483
20484
20485
20488
20489
20490
20491
20492
20493
20494
20495
20496
20497
20498
20499
20500
20501
20502
20504
20505
20506
20508
20509
20510
20511
20512
20514
20515
20518
20519
20520
20523
20527
20528
20529
20530
20531
20532
20533
20534
20535
20539
20540
20542
20543
20544
20545
20549
22096
22097
22098
22099
22100
22102
22103
22104
22105
22106
22107
22108
22112
22113
22114
22116
22117
22119
22120
22121
22122
22123
22125
22126
22127
22128
22129
22130
22131
22132
22133
22134
22136
22137
22138
22140
22141
22142
22143
22144
22145
22146
22147
22148
22149
22150
22152
22153
22154
22155
22156
22157
22158
22159
22160
22161
22162
22164
22165
22166
22167
22169
22170
22171
22172
22173
22174
22175
22176
22178
22180
22181
22182
22183
22184
22185
22186
22187
22188
22189
22190
22191
22192
22193
22194
22195
22196
22197
22198
22199
22200
22201
22203
22204
22205
22206
22208
22209
22210
22211
22212
22213
22215
22216
22217
22218
22220
22221
22222
22224
22226
22227
22228
22229
22230
22231
22232
22233
22234
22235
22236
22238
22239
22240
22241
22242
22243
22244
22247
22248
22250
22251
22253
22254
23907
23908
23909
23910
23911
23912
23913
23914
23915
23918
23919
23920
23921
23922
23923
23924
23925
23926
23928
23929
23931
23932
23933
23934
23935
23936
23937
23938
23939
23940
23941
23942
23943
23944
23945
23946
23947
23948
23950
23951
23952
23953
23954
23955
23957
23958
23959
23960
23962
23964
23965
23966
23967
23968
23969
23970
23971
23972
23973
23974
23975
23976
23977
23978
23979
23980
23981
23982
23983
23984
23985
23986
23987
23988
23989
23990
23991
23992
23993
23994
23995
23996
23997
23998
23999
24000
24001
24002
24003
24004
24005
24006
24007
24008
24009
24010
24011
24012
24013
24014
24016
24017
24018
24019
24020
24021
24022
24023
24024
24025
24026
24027
24028
24029
24030
24031
24032
24034
24035
24037
24038
24039
24040
24041
24042
24043
24046
24047
24049
24050
24051
24052
24054
24055
24056
24057
24058
24059
24060
24061
24062
24063
24064
24065
24066
24067
24068
24069
24070
24071
24072
24075
24076
24077
24078
24079
24081
24082
24083
24084
25846
25847
25848
25849
25850
25851
25852
25853
25854
25855
25856
25857
25858
25859
25860
25861
25862
25863
25864
25865
25866
25867
25868
25869
25870
25871
25872
25873
25874
25875
25876
25877
25878
25879
25880
25881
25882
25883
25884
25885
25886
25887
25888
25889
25890
25891
25892
25894
25895
25896
25897
25898
25899
25900
25901
25903
25904
25906
25907
25908
25909
25910
25911
25912
25913
25914
25915
25916
25917
25918
25920
25921
25922
25923
25926
25927
25928
25929
25930
25931
25932
25933
25934
25935
25936
25937
25938
25939
25940
25941
25942
25943
25944
25945
25946
25947
25948
25949
25950
25951
25952
25953
25954
25955
25956
25958
25959
25960
25961
25962
25963
25964
25965
25966
25967
25968
25969
25970
25971
25972
25973
25974
25975
25976
25977
25978
25979
25981
25984
25985
25986
25987
25989
25990
25992
25993
25994
25995
25997
25999
26000
26001
26004
26005
26006
26007
26008
26009
26010
26011
26012
26013
26014
26015
26016
26017
26018
26020
26021
26022
26023
26024
26025
26027
26028
26029
26030
26031
26032
27760
27761
27762
27763
27764
27765
27766
27767
27768
27769
27770
27771
27772
27773
27774
27775
27776
27777
27778
27779
27780
27782
27783
27785
27786
27787
27788
27789
27790
27791
27792
27793
27794
27795
27796
27797
27798
27799
27800
27801
27802
27803
27804
27805
27806
27807
27810
27811
27812
27813
27814
27815
27817
27820
27821
27822
27823
27824
27825
27826
27827
27828
27829
27830
27831
27832
27833
27834
27835
27836
27837
27838
27839
27840
27841
27842
27843
27844
27845
27847
27848
27849
27850
27851
27852
27853
27854
27855
27856
27857
27858
27859
27860
27862
27863
27864
27865
27867
27868
27869
27870
27872
27873
27874
27875
27876
27877
27878
27879
27880
27881
27882
27885
27886
27887
27890
27891
27892
27894
27895
27896
27897
27898
27900
27901
27902
27903
27905
27906
27907
27908
27909
27910
27911
27912
27914
27915
27916
27917
27918
27919
27920
27921
27922
27923
27924
27925
27926
27929
27930
27931
29561
29562
29563
29564
29565
29567
29568
29569
29570
29571
29572
29573
29576
29577
29578
29579
29580
29581
29582
29583
29584
29585
29586
29587
29588
29589
29590
29591
29592
29593
29594
29595
29596
29597
29598
29599
29600
29601
29602
29603
29606
29607
29609
29610
29611
29612
29613
29614
29617
29618
29619
29620
29621
29622
29624
29625
29627
29628
29629
29631
29632
29633
29634
29635
29636
29637
29639
29640
29641
29642
29643
29645
29646
29647
29648
29649
29650
29651
29652
29653
29654
29655
29656
29657
29659
29660
29661
29662
29663
29664
29665
29666
29667
29668
29669
29670
29671
29672
29674
29676
29677
29679
29680
29682
29683
29684
29685
29686
29687
29688
29690
29691
29692
29693
29695
29697
29698
29699
29700
29702
29703
29704
29705
29706
29707
29708
29709
29712
29714
29715
29716
29717
29719
29720
31372
31373
31374
31375
31376
31377
31378
31379
31380
31381
31382
31383
31384
31385
31386
31388
31389
31390
31391
31392
31393
31394
31395
31396
31397
31398
31399
31400
31401
31402
31403
31405
31406
31407
31408
31409
31410
31411
31412
31413
31414
31416
31417
31418
31419
31420
31421
31422
31425
31426
31427
31428
31429
31430
31431
31432
31433
31434
31435
31436
31437
31438
31439
31440
31441
31442
31443
31445
31446
31447
31448
31449
31450
31451
31452
31453
31454
31456
31457
31458
31459
31461
31462
31463
31464
31465
31466
31467
31468
31470
31471
31472
31473
31474
31476
31477
31478
31479
31480
31481
31482
31483
31485
31486
31487
31488
31489
31490
31491
31492
31493
31494
31495
31496
31498
31499
31500
31501
31502
31504
31507
31508
31509
31510
31514
31515
31516
31518
31519
31520
31521
31522
31523
31524
31525
31526
31527
31529
31530
31531
31532
31534
31535
31536
31537
31538
31541
31542
31543
33294
33295
33296
33297
33298
33299
33300
33301
33302
33303
33304
33305
33306
33307
33308
33310
33311
33312
33313
33314
33315
33316
33317
33318
33320
33321
33322
33323
33324
33325
33326
33327
33328
33329
33330
33331
33332
33333
33334
33335
33336
33337
33338
33339
33340
33341
33342
33343
33344
33345
33346
33347
33348
33349
33350
33351
33353
33354
33355
33356
33357
33358
33359
33360
33361
33362
33363
33364
33365
33366
33367
33369
33370
33371
33372
33373
33374
33375
33376
33377
33378
33380
33381
33382
33383
33385
33386
33387
33388
33389
33390
33391
33392
33393
33394
33395
33396
33397
33398
33399
33400
33401
33402
33403
33404
33405
33406
33407
33408
33409
33411
33412
33413
33414
33415
33416
33417
33418
33419
33420
33421
33422
33423
33425
33426
33427
33428
33429
33430
33431
33432
33433
33434
33435
33436
33437
33438
33439
33440
33441
33442
33443
33444
33445
33446
33447
33448
33449
33450
33451
33453
33454
33455
33456
33457
33458
33461
33462
33463
35249
35250
35251
35252
35253
35254
35255
35256
35257
35258
35259
35260
35262
35263
35264
35265
35266
35267
35268
35269
35271
35272
35273
35274
35275
35277
35278
35280
35281
35282
35283
35284
35285
35286
35287
35288
35289
35290
35291
35292
35293
35294
35295
35296
35297
35299
35300
35301
35302
35303
35304
35306
35307
35308
35309
35310
35311
35312
35313
35314
35315
35317
35318
35319
35320
35322
35323
35324
35325
35326
35327
35328
35329
35330
35332
35333
35334
35335
35336
35337
35338
35339
35340
35341
35342
35343
35344
35345
35346
35347
35348
35349
35350
35351
35353
35354
35355
35356
35357
35358
35359
35360
35361
35362
35363
35364
35365
35366
35367
35368
35369
35370
35371
35372
35373
35374
35375
35377
35379
35382
35383
35384
35386
35389
35392
35393
35395
35396
35397
35398
35399
35400
35401
35402
35403
35404
35406
35407
35408
35409
35410
35412
35413
35415
35416
35417
35418
35419
35420
35422
35424
35425
35426
37084
37085
37086
37087
37088
37089
37090
37091
37092
37093
37094
37095
37098
37099
37100
37101
37102
37103
37104
37105
37106
37107
37108
37109
37110
37111
37112
37113
37114
37115
37116
37117
37118
37119
37120
37121
37122
37123
37126
37127
37128
37131
37133
37134
37135
37136
37137
37139
37140
37141
37142
37143
37144
37145
37146
37148
37149
37150
37151
37152
37154
37155
37156
37157
37158
37160
37161
37162
37163
37164
37165
37166
37167
37168
37169
37170
37171
37172
37173
37174
37175
37176
37177
37178
37179
37180
37181
37182
37183
37184
37185
37186
37187
37188
37189
37191
37192
37193
37195
37196
37197
37198
37199
37200
37202
37203
37204
37205
37206
37208
37211
37212
37213
37214
37215
37216
37217
37219
37220
37221
37223
37224
37226
37228
37229
37231
37232
37233
37235
37236
37237
37238
37239
37241
37242
37243
37244
37245
37247
37248
37249
37251
37255
37257
38904
38905
38906
38907
38908
38909
38910
38911
38912
38913
38914
38917
38918
38919
38920
38921
38923
38924
38925
38926
38927
38928
38929
38930
38931
38932
38933
38934
38936
38937
38938
38939
38940
38941
38942
38943
38945
38946
38948
38949
38951
38952
38953
38955
38956
38957
38958
38959
38960
38961
38962
38963
38964
38966
38967
38968
38969
38970
38972
38973
38974
38975
38976
38978
38979
38980
38981
38982
38983
38984
38985
38986
38987
38988
38989
38990
38991
38992
38993
38994
38995
38996
38997
38998
38999
39000
39001
39002
39003
39004
39005
39007
39008
39010
39011
39012
39013
39014
39015
39016
39017
39018
39019
39020
39021
39022
39023
39024
39025
39026
39028
39029
39031
39032
39033
39034
39035
39037
39038
39039
39040
39041
39043
39044
39045
39046
39047
39048
39050
39052
39054
39055
39056
39057
39058
39059
39060
39061
39062
39063
39064
39065
39066
39068
39069
39070
39071
39072
39073
39074
39079
39080
40750
40751
40752
40753
40754
40755
40756
40757
40758
40759
40760
40761
40762
40764
40765
40767
40768
40770
40771
40772
40773
40774
40775
40776
40778
40779
40780
40781
40782
40783
40784
40785
40786
40787
40789
40790
40791
40792
40793
40794
40795
40796
40797
40798
40799
40802
40803
40804
40805
40806
40807
40808
40809
40810
40811
40812
40813
40814
40815
40816
40817
40818
40819
40820
40821
40822
40823
40824
40825
40826
40827
40828
40829
40830
40831
40832
40833
40834
40835
40836
40837
40838
40839
40840
40841
40842
40843
40844
40845
40846
40847
40848
40850
40851
40852
40853
40854
40855
40856
40857
40858
40859
40860
40861
40862
40863
40864
40865
40866
40867
40868
40870
40872
40873
40874
40875
40877
40878
40879
40880
40881
40882
40883
40884
40886
40887
40888
40890
40892
40893
40894
40895
40896
40898
40899
40900
40901
40906
40907
40908
40910
40911
40912
40914
40915
40916
40917
40918
40919
40920
40921
42467
42468
42469
42471
42472
42473
42475
42476
42477
42478
42480
42482
42484
42485
42486
42487
42488
42489
42491
42492
42493
42494
42495
42496
42497
42498
42500
42501
42502
42503
42504
42505
42507
42509
42511
42512
42514
42515
42516
42518
42519
42520
42521
42522
42524
42525
42526
42527
42529
42530
42531
42532
42533
42534
42535
42536
42538
42539
42540
42541
42542
42543
42544
42545
42547
42548
42549
42550
42551
42552
42553
42554
42555
42556
42557
42558
42559
42561
42563
42564
42565
42566
42567
42568
42569
42570
42571
42572
42573
42574
42575
42576
42577
42578
42579
42580
42582
42583
42584
42585
42586
42587
42588
42590
42593
42594
42596
42598
42601
42603
42605
42606
42607
42608
42609
42610
42613
42614
42615
42619
42620
42622
42623
42625
42626
44306
44307
44308
44309
44310
44311
44312
44313
44314
44315
44316
44317
44318
44319
44320
44322
44323
44324
44325
44326
44327
44328
44329
44330
44333
44334
44335
44336
44337
44338
44339
44340
44342
44343
44344
44345
44346
44347
44348
44349
44350
44351
44352
44353
44354
44355
44356
44357
44358
44359
44360
44361
44362
44363
44364
44365
44366
44367
44368
44369
44370
44371
44372
44373
44374
44375
44376
44377
44378
44379
44380
44381
44382
44383
44384
44385
44386
44387
44388
44389
44390
44391
44393
44394
44395
44396
44397
44398
44399
44400
44401
44402
44403
44404
44405
44406
44407
44408
44409
44410
44411
44412
44413
44414
44415
44416
44417
44418
44419
44420
44421
44422
44424
44425
44426
44427
44428
44429
44432
44433
44434
44435
44436
44437
44439
44440
44442
44443
44444
44445
44447
44448
44449
44450
44451
44452
44454
44455
44456
44457
44458
44459
44460
44461
44462
44463
44464
44465
44466
44467
44468
44469
44470
44471
44472
44473
44474
44475
44476
44477
44478
44479
44480
44482
44483
44484
44485
44486
44487
44488
46326
46327
46328
46329
46330
46331
46332
46333
46334
46335
46336
46337
46338
46339
46340
46341
46342
46343
46344
46345
46347
46348
46349
46350
46351
46352
46353
46354
46355
46356
46357
46358
46359
46360
46361
46362
46363
46364
46365
46366
46367
46368
46369
46370
46371
46372
46373
46374
46375
46376
46377
46378
46379
46380
46381
46382
46383
46384
46385
46386
46387
46388
46389
46390
46391
46392
46393
46394
46395
46396
46397
46398
46399
46400
46401
46402
46403
46404
46405
46406
46407
46409
46410
46411
46412
46413
46415
46416
46417
46418
46419
46420
46421
46422
46423
46424
46425
46426
46427
46428
46429
46430
46431
46432
46433
46434
46435
46436
46437
46438
46439
46440
46441
46442
46443
46444
46445
46447
46448
46449
46450
46451
46452
46453
46455
46456
46457
46458
46459
46460
46461
46462
46464
46465
46466
46467
46468
46470
46471
46472
46473
46474
46475
46476
46477
46478
46479
46480
46481
46482
46483
46484
46485
46486
46487
46488
46489
46491
46492
46493
46494
46495
46496
46497
46498
46500
46501
48355
48356
48357
48358
48359
48360
48361
48362
48363
48364
48365
48366
48367
48368
48369
48370
48371
48372
48373
48374
48375
48376
48377
48378
48379
48380
48381
48382
48383
48384
48385
48386
48387
48388
48389
48390
48391
48392
48393
48394
48395
48396
48397
48398
48399
48400
48401
48402
48403
48404
48405
48406
48407
48408
48409
48410
48411
48412
48413
48414
48415
48416
48418
48419
48420
48421
48422
48423
48424
48425
48426
48427
48428
48429
48430
48431
48432
48433
48434
48435
48436
48437
48438
48439
48440
48441
48442
48443
48444
48445
48446
48447
48448
48449
48450
48451
48452
48453
48454
48455
48456
48457
48458
48459
48460
48461
48462
48463
48464
48465
48466
48467
48468
48469
48470
48471
48472
48473
48474
48475
48476
48477
48478
48479
48481
48482
48483
48484
48485
48487
48488
48489
48490
48491
48492
48493
48494
48497
48499
48500
48501
48502
48503
48504
48505
48506
48507
48508
48509
48510
48511
48512
48513
48514
48515
48516
48517
48518
48519
48520
48521
48522
48523
48524
48525
48526
48527
48528
48529
48530
48531
48532
48533
48534
48536
48537
48538
48539
48540
50430
50431
50432
50433
50434
50435
50436
50437
50438
50439
50440
50441
50442
50443
50444
50445
50446
50447
50448
50449
50450
50451
50452
50453
50454
50456
50457
50458
50459
50460
50461
50462
50463
50464
50465
50466
50467
50468
50469
50470
50471
50472
50473
50474
50475
50476
50477
50478
50479
50480
50481
50482
50483
50484
50485
50486
50487
50488
50489
50490
50491
50492
50493
50494
50495
50496
50497
50498
50499
50500
50501
50502
50503
50504
50505
50506
50507
50508
50509
50511
50512
50513
50514
50515
50516
50517
50518
50519
50520
50521
50522
50524
50525
50526
50527
50528
50529
50530
50531
50532
50533
50534
50535
50536
50537
50538
50539
50540
50541
50542
50543
50544
50545
50546
50547
50548
50549
50550
50551
50552
50553
50554
50555
50556
50557
50558
50560
50561
50563
50564
50565
50566
50567
50568
50569
50570
50571
50572
50573
50574
50575
50576
50578
50579
50580
50581
50582
50583
50584
50585
50586
50587
50588
50589
50590
50591
50593
50594
50595
50596
50597
50598
50599
50600
50601
50602
50603
50604
50605
50608
50609
50610
50611
50612
50613
52397
52398
52399
52400
52401
52402
52404
52405
52406
52407
52409
52410
52411
52412
52413
52414
52415
52416
52417
52418
52419
52420
52422
52423
52424
52425
52426
52427
52428
52430
52431
52432
52433
52434
52435
52436
52437
52438
52439
52440
52441
52442
52443
52444
52445
52446
52447
52448
52450
52451
52452
52453
52454
52455
52456
52457
52458
52459
52460
52461
52462
52463
52464
52465
52466
52467
52468
52469
52470
52472
52473
52474
52475
52476
52477
52478
52479
52481
52482
52483
52484
52485
52487
52488
52489
52490
52491
52492
52493
52494
52495
52496
52498
52499
52500
52501
52502
52503
52504
52505
52506
52507
52508
52509
52510
52511
52512
52513
52514
52515
52516
52518
52521
52522
52523
52524
52527
52528
52532
52533
52534
52535
52537
52538
52539
52540
52541
52542
52543
52544
52545
52547
52548
52549
52550
52551
52552
52553
52555
52556
52557
52558
52559
52561
52563
52564
52566
52567
52568
52569
52570
52571
52573
54353
54354
54355
54356
54357
54358
54359
54360
54361
54362
54363
54364
54365
54366
54367
54368
54369
54370
54371
54372
54373
54374
54375
54376
54378
54379
54380
54381
54382
54383
54384
54385
54386
54387
54388
54389
54390
54391
54392
54393
54394
54395
54396
54397
54398
54399
54400
54401
54402
54403
54404
54405
54406
54407
54408
54409
54410
54411
54412
54414
54415
54416
54417
54418
54419
54420
54421
54422
54423
54424
54425
54426
54427
54428
54429
54430
54431
54432
54433
54434
54435
54436
54437
54438
54439
54440
54441
54442
54443
54444
54445
54446
54447
54448
54449
54450
54451
54452
54453
54454
54455
54456
54457
54458
54459
54460
54461
54462
54463
54464
54465
54466
54467
54468
54470
54471
54472
54473
54474
54475
54476
54477
54478
54479
54480
54481
54482
54483
54484
54486
54487
54490
54491
54492
54494
54495
54497
54499
54500
54501
54502
54503
54505
54506
54507
54508
54509
54511
54512
54513
54514
54515
54516
54517
54518
54519
54520
54521
54522
54523
54524
54525
54526
54527
54528
54529
54530
54531
56324
56325
56326
56327
56328
56329
56330
56331
56333
56334
56335
56336
56337
56338
56339
56340
56341
56342
56343
56344
56345
56346
56347
56348
56349
56350
56351
56352
56353
56354
56355
56356
56357
56358
56359
56360
56361
56362
56363
56364
56365
56366
56367
56368
56369
56370
56371
56372
56373
56374
56375
56376
56377
56378
56379
56380
56381
56382
56383
56384
56385
56386
56387
56388
56389
56390
56391
56392
56393
56394
56395
56396
56397
56398
56399
56400
56401
56403
56404
56405
56406
56407
56409
56410
56411
56412
56413
56414
56415
56416
56417
56418
56419
56420
56421
56422
56423
56424
56425
56426
56427
56428
56429
56430
56431
56432
56433
56434
56435
56436
56437
56439
56440
56441
56442
56443
56444
56445
56448
56449
56450
56451
56452
56455
56456
56457
56459
56460
56462
56463
56464
56465
56466
56467
56468
56469
56470
56472
56473
56475
56476
56477
56478
56479
56480
56481
56482
56483
56484
56485
56486
56489
56490
56491
56492
56493
56494
56495
56496
58173
58174
58175
58176
58177
58178
58179
58180
58181
58182
58183
58184
58185
58186
58187
58188
58189
58190
58192
58193
58194
58195
58196
58197
58198
58200
58201
58202
58204
58205
58207
58208
58209
58210
58211
58212
58213
58214
58216
58217
58218
58219
58220
58221
58223
58224
58225
58226
58227
58230
58231
58232
58233
58234
58235
58236
58237
58238
58239
58240
58241
58242
58243
58244
58246
58247
58248
58250
58251
58252
58253
58254
58255
58256
58257
58258
58259
58261
58262
58263
58264
58265
58266
58267
58268
58269
58270
58271
58272
58273
58274
58275
58277
58278
58279
58280
58282
58283
58284
58285
58286
58287
58288
58289
58290
58292
58294
58295
58296
58297
58298
58300
58301
58302
58303
58305
58306
58309
58311
58312
58313
58314
58315
58316
58317
58318
58319
58320
58321
58324
58325
58326
58327
58328
58329
58330
58331
58332
58333
58334
58335
58336
58338
58339
58340
58341
58342
58344
58346
59979
59980
59981
59982
59983
59984
59985
59986
59988
59989
59991
59993
59994
59995
59996
59997
59998
60000
60001
60002
60003
60004
60005
60006
60009
60010
60011
60013
60014
60015
60016
60017
60018
60019
60020
60021
60022
60023
60024
60025
60026
60027
60028
60029
60030
60031
60033
60034
60036
60037
60038
60039
60040
60041
60042
60043
60044
60045
60046
60047
60048
60050
60051
60052
60053
60054
60056
60057
60058
60059
60060
60061
60062
60063
60065
60066
60068
60069
60070
60072
60073
60074
60075
60076
60077
60078
60079
60080
60081
60082
60083
60084
60085
60086
60088
60089
60090
60091
60092
60093
60094
60095
60096
60097
60098
60099
60100
60101
60102
60103
60104
60105
60106
60107
60109
60110
60111
60112
60113
60114
60116
60119
60121
60122
60123
60124
60125
60126
60128
60129
60130
60132
60133
60134
60135
60136
60138
60139
60140
60141
60142
60143
60144
60148
60149
60150
60153
60154
61834
61835
61836
61837
61838
61839
61840
61841
61842
61844
61845
61846
61847
61848
61849
61850
61851
61854
61855
61856
61857
61858
61859
61860
61861
61862
61863
61864
61866
61867
61868
61870
61871
61872
61873
61874
61875
61876
61878
61879
61880
61881
61882
61883
61885
61886
61887
61888
61890
61891
61892
61893
61894
61895
61896
61897
61898
61899
61900
61901
61902
61904
61905
61906
61907
61908
61909
61911
61912
61913
61914
61915
61916
61917
61918
61919
61920
61921
61922
61923
61924
61925
61926
61927
61928
61929
61930
61931
61932
61933
61934
61935
61936
61937
61938
61939
61940
61941
61942
61943
61944
61945
61946
61947
61948
61949
61951
61952
61953
61954
61955
61956
61957
61958
61959
61960
61962
61963
61965
61966
61967
61968
61970
61971
61972
61973
61974
61975
61976
61978
61979
61980
61981
61982
61983
61984
61985
61988
61989
61990
61991
61992
61993
61995
61996
61997
61998
61999
62002
62003
62004
62005
62006
62008
62010
62011
63852
63853
63854
63855
63856
63857
63858
63859
63860
63861
63862
63863
63864
63865
63866
63867
63868
63869
63870
63871
63872
63873
63874
63875
63876
63877
63878
63879
63880
63881
63882
63883
63884
63885
63886
63887
63888
63889
63890
63891
63892
63893
63894
63895
63896
63897
63898
63900
63901
63902
63903
63904
63905
63906
63907
63908
63909
63910
63911
63912
63913
63914
63915
63916
63917
63918
63919
63920
63921
63922
63923
63924
63925
63926
63927
63928
63929
63930
63931
63932
63933
63934
63935
63936
63937
63938
63939
63940
63941
63942
63943
63944
63945
63947
63948
63949
63950
63951
63952
63953
63954
63955
63956
63957
63958
63959
63960
63961
63962
63963
63964
63965
63966
63967
63968
63969
63970
63972
63973
63974
63975
63976
63977
63978
63979
63980
63981
63982
63983
63984
63985
63986
63988
63989
63990
63991
63992
63994
63995
63996
63997
63998
63999
64000
64001
64002
64005
64006
64007
64008
64009
64010
64011
64013
64014
64015
64016
64017
64019
64020
64021
64022
64023
64025
64026
64027
64029
64030
64031
64032
64033
64034
64035
64036
64037
64038
64039
65868
65869
65870
65871
65872
65873
65874
65875
65877
65878
65879
65880
65881
65882
65884
65885
65886
65888
65889
65890
65891
65893
65894
65895
65896
65897
65898
65899
65900
65901
65902
65903
65904
65905
65906
65907
65908
65909
65910
65911
65912
65913
65914
65915
65916
65917
65918
65919
65920
65921
65922
65923
65924
65925
65926
65927
65928
65929
65930
65931
65932
65933
65934
65935
65936
65937
65938
65939
65940
65941
65942
65943
65944
65945
65946
65947
65948
65949
65950
65951
65952
65953
65954
65955
65956
65957
65958
65959
65960
65961
65962
65963
65964
65965
65966
65967
65968
65969
65970
65971
65972
65973
65974
65975
65976
65978
65979
65980
65981
65982
65983
65984
65985
65986
65987
65988
65989
65990
65991
65992
65993
65994
65995
65996
65997
65998
65999
66000
66003
66005
66006
66007
66008
66009
66011
66012
66013
66014
66015
66016
66017
66018
66019
66022
66023
66024
66025
66026
66027
66028
66029
66030
66031
66032
66033
66034
66035
66037
66038
66039
66040
66041
66042
66043
66045
66046
66047
67723
67724
67725
67726
67727
67730
67731
67732
67733
67734
67736
67737
67738
67739
67740
67741
67742
67743
67744
67745
67746
67747
67748
67749
67750
67751
67752
67753
67754
67755
67756
67759
67760
67761
67762
67763
67764
67765
67766
67767
67768
67769
67770
67771
67772
67773
67774
67775
67776
67777
67778
67779
67780
67782
67783
67784
67785
67786
67787
67788
67789
67790
67791
67792
67793
67794
67795
67796
67797
67798
67799
67800
67801
67802
67803
67804
67805
67806
67807
67808
67809
67810
67811
67812
67813
67814
67815
67816
67817
67818
67819
67820
67821
67822
67823
67825
67826
67827
67828
67829
67830
67831
67832
67833
67834
67835
67836
67837
67838
67839
67840
67841
67842
67844
67845
67846
67847
67848
67849
67850
67851
67852
67853
67855
67856
67857
67858
67859
67860
67861
67862
67863
67864
67865
67866
67867
67868
67870
67871
67872
67874
67875
67876
67877
67878
67879
67880
67881
67882
67883
67884
67885
67886
69464
69465
69466
69467
69468
69469
69470
69472
69473
69474
69475
69476
69478
69479
69480
69481
69482
69483
69484
69485
69486
69487
69488
69489
69490
69491
69492
69493
69494
69495
69496
69497
69498
69499
69500
69501
69502
69503
69504
69505
69506
69507
69508
69509
69510
69511
69512
69513
69514
69515
69516
69518
69519
69520
69521
69523
69524
69525
69526
69527
69528
69529
69530
69531
69532
69533
69534
69535
69536
69537
69538
69539
69540
69541
69542
69543
69544
69545
69546
69547
69548
69549
69550
69551
69552
69553
69554
69555
69556
69557
69558
69559
69560
69561
69562
69563
69564
69565
69566
69567
69568
69569
69570
69571
69572
69573
69574
69575
69576
69577
69578
69579
69580
69581
69582
69583
69584
69585
69586
69587
69588
69589
69590
69591
69593
69594
69595
69596
69597
69598
69599
69600
69601
69602
69603
69604
69605
69606
69607
69608
69609
69610
69611
69612
69613
69614
69615
69616
69618
69619
69620
69621
69622
69623
69624
69625
69626
69627
69629
69630
69631
69632
69633
69634
69635
71189
71190
71191
71192
71193
71194
71196
71198
71199
71200
71201
71202
71203
71205
71206
71207
71208
71209
71210
71211
71212
71213
71214
71215
71216
71217
71218
71219
71220
71221
71222
71223
71224
71225
71226
71227
71228
71229
71230
71231
71233
71234
71235
71236
71237
71238
71239
71240
71241
71242
71243
71246
71247
71248
71249
71250
71251
71252
71253
71254
71255
71256
71257
71258
71259
71260
71261
71262
71263
71264
71265
71266
71267
71269
71270
71271
71272
71273
71274
71275
71276
71277
71278
71279
71280
71281
71282
71283
71284
71285
71286
71287
71288
71289
71290
71291
71292
71293
71294
71295
71296
71297
71298
71299
71300
71301
71302
71303
71304
71305
71306
71307
71308
71309
71312
71314
71317
71318
71319
71320
71321
71322
71323
71325
71326
71328
71329
71331
71332
71333
71334
71335
71336
71337
71338
71339
71340
71341
71342
71343
71344
71345
71346
71347
71349
71350
71351
71352
71353
71354
71355
71356
71357
72868
72869
72870
72873
72874
72875
72877
72878
72879
72880
72881
72882
72883
72884
72885
72886
72887
72889
72890
72891
72892
72893
72894
72895
72896
72897
72898
72899
72900
72901
72902
72903
72904
72905
72906
72907
72908
72909
72910
72911
72912
72914
72915
72916
72918
72919
72920
72921
72923
72924
72925
72926
72927
72928
72929
72930
72931
72932
72933
72934
72935
72936
72937
72938
72939
72940
72941
72942
72943
72944
72946
72947
72948
72949
72950
72951
72952
72953
72954
72955
72956
72957
72958
72959
72960
72961
72962
72963
72964
72965
72966
72967
72968
72969
72970
72971
72973
72974
72975
72976
72977
72978
72979
72980
72981
72982
72983
72984
72985
72986
72987
72988
72989
72990
72991
72992
72993
72996
72997
72998
72999
73000
73001
73002
73003
73004
73005
73006
73007
73008
73009
73010
73011
73012
73013
73014
73017
73018
73019
73020
73021
73022
73023
73024
73025
73026
73027
73028
73029
73030
73031
73032
74074
74076
74077
74078
74079
74080
74081
74082
74083
74084
74085
74086
74087
74088
74089
74090
74091
74092
74094
74095
74096
74098
74099
74101
74103
74104
74105
74106
74107
74110
74111
74112
74113
74115
74116
74117
74118
74119
74120
74121
74122
74123
74124
74126
74128
74129
74131
74132
74133
74135
74137
74139
74140
74141
74142
74143
74145
74147
74148
74149
74150
74151
74154
74155
74156
74158
74898
74899
74901
74902
74903
74905
74907
74908
74910
74911
74912
74913
74914
74916
74917
74918
74921
74922
74923
74924
74925
74926
74927
74928
74929
74930
74931
74932
74933
74934
74935
74937
74938
74939
74940
74941
74942
74943
74944
74945
74946
74947
74948
74949
74951
74952
74953
74954
74955
74958
74959
74962
74963
74964
74965
74967
74968
74969
74971
74973
74974
74975
74976
74977
74978
74979
74980
74982
74983
74984
74985
74987
75804
75805
75809
75810
75812
75813
75814
75815
75816
75817
75819
75821
75822
75823
75824
75827
75828
75829
75830
75831
75832
75833
75834
75838
75841
75842
75843
75845
75846
75847
75849
75850
75851
75852
75853
75854
75855
75857
75858
75859
75860
75861
75863
75864
75865
75867
75869
75871
75872
75873
75874
75876
75877
75878
75880
75881
75883
75884
75885
75886
75887
75888
75890
75891
75892
75894
75896
75897
75898
75899
75900
75901
75902
75903
76770
76772
76774
76775
76776
76778
76779
76780
76781
76783
76784
76787
76789
76790
76791
76792
76793
76795
76796
76798
76799
76801
76803
76804
76805
76806
76807
76808
76809
76811
76812
76813
76814
76815
76816
76817
76818
76819
76820
76821
76823
76824
76825
76827
76828
76829
76830
76831
76832
76833
76834
76835
76836
76838
76839
76840
76842
76843
76844
76845
76846
76847
76848
76849
76850
76851
76852
76853
76854
76855
76858
76859
76860
76862
76864
76865
76866
76867
76869
76870
76871
76874
76875
76876
76877
76879
76880
78019
78020
78022
78023
78024
78026
78028
78030
78031
78032
78033
78034
78035
78036
78037
78038
78040
78042
78043
78044
78045
78046
78047
78048
78049
78050
78051
78052
78053
78054
78055
78056
78057
78058
78059
78060
78061
78062
78063
78064
78065
78067
78068
78069
78070
78071
78072
78073
78074
78075
78077
78078
78079
78080
78081
78082
78083
78084
78085
78086
78087
78088
78089
78090
78091
78092
78093
78094
78095
78096
78097
78098
78099
78100
78101
78102
78103
78104
78105
78106
78107
78108
78109
78110
78111
78112
78113
78114
78115
78116
78117
78118
78119
78120
78121
78122
78123
78124
78125
78126
78127
78128
78129
78130
78131
78132
78133
78134
78135
78136
78137
78138
78139
78140
78141
78142
78143
78144
78146
78147
78149
78150
78151
78152
78153
78154
78155
78156
78157
78158
78159
78161
78162
78163
78164
78165
78166
78167
79656
79657
79658
79659
79660
79661
79662
79663
79664
79665
79666
79667
79668
79670
79671
79672
79673
79674
79675
79676
79677
79678
79679
79680
79681
79682
79683
79684
79685
79686
79687
79688
79689
79690
79691
79692
79693
79694
79695
79696
79697
79698
79699
79701
79702
79703
79704
79705
79706
79707
79708
79709
79710
79711
79712
79713
79714
79715
79716
79717
79718
79719
79720
79721
79722
79723
79724
79725
79726
79727
79728
79729
79730
79731
79732
79733
79734
79735
79736
79737
79738
79739
79740
79741
79742
79743
79744
79745
79746
79747
79748
79749
79750
79751
79752
79753
79754
79755
79756
79757
79758
79759
79760
79761
79762
79763
79764
79765
79766
79767
79768
79769
79770
79771
79772
79773
79774
79775
79776
79777
79778
79780
79782
79783
79784
79786
79787
79788
79789
79790
79791
79792
79793
79794
79796
79797
79798
79799
79800
79802
79803
79804
79805
79806
79807
79808
79809
79810
79811
79812
79813
79814
79815
79816
79817
79818
79820
79821
79822
81184
81185
81186
81187
81188
81189
81190
81191
81192
81193
81194
81195
81196
81197
81198
81199
81200
81201
81202
81203
81204
81205
81206
81207
81208
81209
81210
81211
81212
81213
81214
81215
81216
81217
81219
81220
81221
81222
81223
81224
81225
81226
81227
81228
81229
81232
81233
81234
81235
81236
81237
81238
81241
81242
81243
81244
81246
81247
81248
81249
81250
81251
81252
81253
81254
81255
81256
81257
81258
81259
81260
81261
81262
81263
81264
81265
81266
81267
81268
81269
81270
81271
81272
81273
81274
81275
81276
81277
81278
81279
81280
81281
81282
81283
81284
81285
81286
81288
81289
81290
81291
81293
81294
81295
81296
81297
81298
81299
81300
81301
81302
81303
81304
81305
81306
81307
81308
81309
81310
81311
81312
81313
81314
81315
81316
81317
81318
81319
81320
81321
81322
82805
82806
82807
82808
82809
82810
82811
82812
82813
82814
82815
82816
82817
82818
82819
82820
82821
82822
82823
82824
82825
82826
82828
82829
82830
82831
82832
82833
82834
82835
82836
82837
82838
82839
82840
82841
82842
82843
82844
82845
82846
82847
82848
82849
82850
82851
82852
82853
82854
82855
82856
82857
82858
82859
82860
82861
82862
82863
82864
82865
82866
82867
82868
82869
82870
82871
82872
82873
82874
82875
82876
82877
82878
82879
82880
82881
82882
82883
82884
82885
82886
82888
82889
82890
82891
82892
82893
82894
82895
82896
82897
82898
82899
82900
82901
82902
82903
82904
82905
82906
82907
82908
82909
82911
82912
82913
82914
82915
82916
82917
82918
82919
82920
82921
82922
82923
82924
82925
82926
82927
82928
82929
82930
82931
82933
82934
82935
82936
82937
82938
82939
82940
82941
82942
82943
82944
82945
82946
82947
82948
82949
82950
82951
82952
82953
82954
82955
82956
82957
82958
82959
82960
82961
82962
82963
82964
82965
82966
82967
82968
82969
82970
82971
82972
82973
82974
82975
82976
82977
82978
84451
84452
84453
84454
84456
84457
84458
84459
84460
84461
84462
84463
84464
84465
84466
84467
84468
84469
84470
84471
84472
84473
84474
84475
84476
84478
84479
84480
84481
84482
84484
84485
84486
84487
84488
84489
84491
84492
84493
84494
84495
84496
84497
84498
84501
84502
84503
84504
84505
84506
84507
84508
84509
84510
84511
84512
84513
84514
84515
84516
84517
84518
84519
84520
84521
84522
84523
84524
84525
84526
84527
84528
84529
84530
84531
84532
84533
84534
84535
84536
84537
84538
84539
84540
84541
84542
84543
84544
84545
84546
84547
84548
84549
84550
84553
84554
84556
84557
84558
84559
84560
84561
84562
84563
84564
84565
84566
84567
84568
84572
84573
84574
84575
84576
84577
84578
84579
84580
84581
84582
84583
84584
84585
84586
85909
85910
85911
85912
85913
85914
85915
85916
85917
85919
85920
85921
85922
85923
85924
85925
85926
85927
85928
85929
85930
85931
85932
85933
85934
85935
85936
85939
85940
85941
85942
85943
85944
85945
85946
85947
85948
85949
85950
85951
85952
85953
85954
85955
85956
85957
85958
85959
85960
85961
85962
85963
85964
85965
85966
85967
85968
85969
85970
85971
85972
85973
85974
85975
85976
85977
85978
85979
85980
85981
85982
85983
85984
85985
85986
85987
85988
85989
85990
85991
85992
85993
85994
85995
85996
85997
85998
85999
86000
86001
86002
86003
86004
86005
86006
86007
86008
86009
86010
86011
86012
86014
86015
86016
86017
86020
86021
86022
86023
86024
86025
86027
86030
86031
86033
86036
86038
86039
86040
86042
86043
86044
86045
86046
86047
86048
86049
87370
87371
87372
87373
87374
87375
87376
87377
87378
87379
87380
87381
87382
87383
87384
87385
87386
87387
87388
87389
87392
87393
87394
87395
87396
87397
87398
87399
87400
87401
87402
87404
87406
87407
87408
87411
87412
87413
87415
87416
87417
87418
87419
87420
87421
87422
87423
87424
87425
87426
87427
87428
87429
87430
87431
87432
87433
87434
87436
87437
87438
87439
87440
87441
87442
87443
87444
87445
87446
87447
87448
87449
87450
87451
87452
87453
87454
87455
87456
87457
87458
87459
87460
87461
87462
87463
87464
87465
87466
87467
87468
87469
87470
87472
87473
87474
87475
87476
87477
87478
87479
87480
87481
87482
87484
87485
87486
87487
87488
87489
87490
87491
87492
87493
87495
87496
87497
87498
87499
87500
87501
87502
87504
87505
87506
87507
87508
87509
87510
87512
87513
87514
87515
87517
87518
87519
87520
88880
88881
88882
88883
88884
88885
88886
88887
88888
88889
88890
88891
88892
88893
88895
88896
88897
88898
88899
88900
88901
88902
88903
88904
88905
88906
88907
88908
88909
88910
88912
88913
88914
88916
88917
88918
88919
88920
88921
88922
88923
88924
88925
88926
88927
88928
88929
88930
88931
88932
88933
88935
88936
88937
88938
88939
88940
88941
88942
88943
88945
88946
88947
88949
88950
88951
88952
88953
88954
88955
88956
88957
88958
88959
88960
88961
88962
88963
88964
88965
88966
88969
88970
88971
88972
88973
88974
88975
88976
88977
88978
88979
88980
88981
88982
88983
88984
88985
88986
88987
88988
88989
88990
88991
88992
88993
88994
88995
88996
88997
88998
88999
89000
89001
89002
89003
89004
89005
89006
89008
89009
89010
89011
89012
89013
89014
89015
89016
89017
89018
89019
89021
89022
89023
89024
89025
89028
89029
89030
89031
89033
89034
89035
89036
89037
90287
90288
90291
90292
90293
90294
90295
90296
90297
90298
90299
90300
90301
90302
90303
90304
90305
90306
90307
90308
90309
90310
90313
90314
90315
90316
90317
90318
90320
90321
90322
90323
90324
90325
90326
90327
90330
90331
90332
90333
90334
90335
90336
90337
90338
90339
90340
90341
90342
90343
90344
90345
90346
90347
90348
90349
90350
90351
90352
90353
90354
90355
90356
90357
90358
90359
90360
90361
90362
90363
90364
90365
90366
90367
90368
90369
90370
90371
90372
90374
90375
90376
90377
90378
90379
90380
90381
90382
90383
90384
90385
90386
90387
90388
90389
90390
90391
90392
90393
90394
90395
90397
90398
90399
90400
90401
90402
90403
90405
90407
90408
90409
90410
90411
90412
90414
90415
90416
90417
90418
90419
90420
90421
91799
91800
91801
91802
91803
91804
91805
91806
91807
91808
91809
91810
91811
91812
91813
91814
91815
91816
91817
91818
91819
91820
91821
91822
91823
91824
91825
91827
91828
91829
91830
91831
91832
91833
91834
91835
91836
91837
91838
91839
91840
91841
91842
91843
91844
91845
91846
91847
91848
91849
91850
91851
91852
91853
91854
91855
91856
91857
91858
91859
91860
91861
91862
91863
91864
91865
91866
91867
91868
91869
91870
91871
91872
91873
91875
91876
91877
91878
91879
91880
91881
91882
91883
91884
91885
91886
91887
91888
91889
91890
91891
91892
91893
91894
91895
91896
91897
91898
91899
91900
91901
91902
91903
91904
91905
91906
91907
91908
91909
91910
91911
91912
91913
91914
91915
91916
91917
91918
91919
91920
91921
91922
91924
91925
91927
91928
91929
91930
91931
91932
91933
91934
91935
91936
91937
91938
91939
91940
91941
91942
91943
91944
91945
91946
91947
91950
91951
91952
91953
91954
91956
91957
91958
91959
91960
91961
91962
91963
91964
93556
93557
93558
93559
93560
93561
93562
93564
93565
93566
93567
93568
93569
93570
93571
93572
93573
93574
93575
93576
93577
93578
93579
93580
93581
93582
93583
93584
93585
93586
93587
93588
93589
93590
93591
93592
93593
93594
93595
93596
93597
93598
93599
93600
93601
93602
93603
93604
93605
93606
93607
93608
93609
93610
93611
93612
93613
93614
93615
93616
93617
93618
93619
93620
93621
93622
93623
93624
93625
93626
93627
93628
93629
93630
93631
93632
93633
93634
93635
93636
93637
93638
93639
93640
93641
93642
93643
93644
93645
93646
93647
93648
93649
93650
93651
93652
93653
93654
93655
93656
93657
93658
93659
93660
93661
93662
93663
93664
93665
93666
93667
93668
93669
93670
93671
93672
93673
93674
93675
93676
93677
93678
93679
93680
93681
93682
93683
93684
93685
93686
93687
93688
93689
93690
93691
93692
93693
93694
93695
93696
93697
93698
93699
93700
93701
93702
93703
93704
93705
93706
93707
93708
93709
93710
93711
93713
93714
93715
93716
93717
93718
93719
93721
93722
93723
93724
93725
93726
93727
93728
93729
93730
93731
93732
93733
93734
95197
95198
95199
95200
95201
95202
95203
95204
95205
95206
95207
95208
95209
95210
95211
95212
95213
95214
95215
95216
95217
95218
95220
95221
95222
95223
95224
95225
95226
95227
95228
95229
95230
95231
95232
95233
95234
95235
95236
95237
95238
95240
95241
95242
95243
95244
95245
95246
95247
95248
95249
95250
95251
95252
95253
95254
95255
95256
95257
95258
95259
95260
95261
95262
95263
95264
95265
95266
95267
95268
95269
95270
95271
95272
95273
95274
95275
95276
95277
95278
95279
95280
95281
95282
95283
95284
95285
95286
95287
95288
95289
95290
95291
95293
95294
95295
95296
95297
95298
95299
95300
95301
95302
95303
95304
95305
95306
95308
95309
95311
95312
95313
95314
95315
95316
95317
95318
95320
95321
95322
95323
95324
95325
95327
95328
95329
95330
95331
95332
95333
95334
95335
95338
95339
95340
95341
95342
95343
95344
95345
95346
95348
95349
95350
95351
95352
96541
96542
96544
96546
96547
96548
96550
96551
96552
96553
96555
96556
96557
96558
96559
96560
96561
96562
96563
96564
96565
96566
96567
96568
96569
96570
96571
96572
96573
96574
96575
96576
96577
96578
96579
96580
96581
96583
96584
96585
96586
96587
96588
96589
96590
96591
96592
96593
96594
96595
96596
96597
96598
96599
96600
96601
96602
96603
96604
96605
96606
96607
96608
96609
96610
96613
96614
96615
96616
96617
96618
96620
96621
96623
96624
96625
96626
96628
96629
96630
96632
96633
96634
96635
96636
96637
96639
96640
96641
96642
96643
97791
97792
97793
97794
97797
97798
97799
97800
97801
97802
97803
97805
97806
97807
97808
97809
97810
97811
97812
97813
97814
97815
97816
97817
97818
97819
97820
97821
97822
97823
97824
97826
97827
97828
97829
97830
97831
97832
97833
97834
97835
97836
97837
97839
97840
97841
97842
97843
97844
97845
97846
97847
97848
97849
97850
97851
97852
97853
97854
97855
97856
97857
97858
97859
97860
97861
97862
97863
97864
97865
97867
97868
97869
97870
97871
97872
97873
97874
97875
97876
97877
97878
97879
97880
97881
97883
97884
97885
97886
97887
97888
97890
97891
97892
97893
97894
97895
97896
97897
97898
97899
97900
97901
97902
97903
97904
97906
97908
97909
97910
97911
97912
97913
97914
97915
97916
97918
97919
97920
97921
97922
97923
97924
97925
97927
97928
97930
97931
97932
97933
97934
97935
97936
97937
97938
97939
97940
97941
97942
97943
99193
99194
99196
99197
99198
99199
99200
99202
99203
99204
99205
99206
99208
99210
99211
99212
99213
99214
99215
99216
99217
99218
99219
99220
99221
99222
99223
99224
99225
99227
99228
99229
99230
99231
99232
99233
99234
99235
99236
99237
99238
99240
99241
99242
99243
99245
99246
99247
99248
99249
99250
99251
99252
99253
99254
99255
99256
99257
99258
99259
99260
99261
99262
99264
99265
99266
99267
99268
99269
99270
99271
99272
99273
99274
99275
99276
99277
99278
99280
99282
99283
99284
99285
99286
99287
99288
99291
99292
99293
99294
99295
99296
99297
99298
99299
99300
99301
99302
99303
99304
99305
99306
99307
99308
99309
99310
99311
99312
99313
99315
99316
99317
99318
99320
100573
100574
100576
100577
100578
100579
100580
100581
100583
100584
100585
100586
100587
100588
100589
100590
100591
100592
100593
100594
100595
100596
100597
100598
100599
100600
100601
100602
100604
100605
100606
100607
100608
100609
100611
100612
100613
100614
100615
100616
100617
100618
100619
100620
100621
100622
100623
100624
100625
100626
100627
100628
100629
100630
100631
100632
100633
100634
100635
100636
100637
100638
100639
100640
100641
100642
100643
100644
100645
100646
100647
100648
100649
100650
100651
100652
100653
100654
100655
100656
100657
100658
100659
100660
100661
100662
100663
100664
100665
100666
100667
100668
100669
100671
100672
100673
100674
100675
100676
100677
100678
100679
100680
100682
100683
100684
100686
100688
100689
100690
100691
100692
100694
100695
100696
100697
100698
100699
100700
100702
100703
100704
100705
100708
100709
100710
100711
102130
102131
102132
102133
102134
102135
102136
102137
102138
102139
102140
102141
102142
102143
102144
102145
102146
102147
102148
102149
102150
102151
102152
102153
102154
102155
102156
102157
102158
102159
102160
102161
102162
102163
102164
102165
102166
102167
102168
102169
102170
102171
102172
102175
102176
102177
102178
102179
102180
102181
102182
102183
102184
102185
102186
102187
102188
102189
102190
102191
102192
102193
102194
102195
102196
102197
102198
102199
102200
102201
102202
102203
102204
102205
102206
102207
102208
102209
102210
102211
102212
102213
102214
102215
102216
102217
102218
102219
102220
102221
102222
102223
102224
102225
102226
102227
102228
102229
102230
102231
102232
102233
102234
102235
102236
102237
102238
102239
102240
102241
102242
102243
102245
102246
102247
102248
102249
102250
102252
102253
102254
102255
102258
102259
102260
102261
102262
102263
102264
102265
102266
102267
102268
102269
102270
102271
102272
102273
102274
102275
102276
102278
102279
102280
102281
102282
102283
102284
102285
102286
102287
102288
102289
102291
102292
102293
103827
103828
103829
103830
103831
103832
103833
103834
103835
103836
103837
103838
103839
103840
103841
103842
103843
103844
103845
103846
103847
103848
103849
103850
103851
103852
103853
103855
103856
103857
103858
103859
103860
103861
103862
103863
103864
103865
103866
103867
103868
103869
103871
103872
103873
103874
103875
103876
103877
103878
103879
103880
103882
103883
103884
103885
103886
103887
103888
103889
103890
103891
103892
103893
103894
103895
103896
103897
103898
103899
103900
103901
103902
103903
103904
103905
103906
103907
103908
103909
103910
103911
103912
103913
103914
103915
103916
103917
103918
103919
103921
103922
103923
103924
103925
103926
103927
103928
103929
103930
103931
103932
103933
103934
103935
103936
103937
103938
103939
103940
103941
103942
103943
103944
103945
103946
103947
103948
103950
103951
103952
103953
103955
103956
103957
103958
103959
103960
103961
103962
103963
103964
103965
103966
103967
103968
103969
103970
103971
103972
103973
103974
103975
103976
103977
103978
103979
103980
103981
103982
103983
103984
103985
103986
103987
103988
103989
103990
103991
103992
103993
103994
103995
103996
103997
103999
104000
105613
105614
105615
105616
105617
105618
105619
105620
105621
105622
105624
105625
105626
105628
105629
105630
105631
105632
105633
105634
105635
105636
105637
105638
105639
105640
105641
105642
105643
105644
105645
105646
105647
105648
105649
105650
105651
105652
105653
105654
105655
105656
105657
105658
105659
105660
105661
105662
105663
105664
105665
105666
105667
105668
105669
105670
105671
105672
105673
105674
105675
105676
105677
105678
105679
105680
105681
105682
105683
105684
105685
105686
105687
105688
105691
105692
105693
105694
105695
105696
105697
105698
105699
105700
105701
105702
105703
105704
105705
105706
105707
105708
105709
105710
105711
105712
105713
105714
105715
105716
105717
105718
105719
105720
105721
105722
105723
105724
105725
105726
105727
105728
105729
105730
105731
105732
105733
105734
105735
105736
105737
105738
105739
105740
105741
105742
105743
105744
105745
105746
105747
105748
105749
105750
105752
105753
105754
105755
105756
105758
105759
105760
105761
105762
105763
105764
105765
105766
105767
105768
105769
105770
105771
105772
105773
105774
105775
105776
105778
105779
105780
105781
105782
105783
105784
105785
105786
105787
105788
105789
105790
105791
105792
105793
107379
107380
107381
107382
107383
107384
107385
107386
107388
107389
107390
107391
107392
107393
107394
107395
107396
107397
107398
107399
107400
107401
107402
107403
107404
107405
107406
107407
107408
107409
107410
107411
107412
107413
107415
107416
107417
107418
107419
107420
107421
107422
107423
107424
107426
107427
107428
107429
107430
107431
107432
107433
107434
107435
107436
107437
107438
107439
107440
107441
107442
107443
107444
107445
107446
107447
107448
107449
107450
107451
107452
107453
107454
107455
107456
107457
107458
107459
107460
107461
107462
107463
107464
107465
107466
107467
107468
107469
107470
107471
107472
107473
107474
107475
107476
107477
107478
107479
107480
107481
107482
107483
107484
107485
107486
107487
107488
107489
107490
107491
107492
107494
107495
107496
107497
107498
107499
107500
107501
107502
107503
107504
107505
107506
107507
107508
107509
107510
107511
107512
107513
107514
107515
107516
107517
107518
107519
107520
107521
107522
107523
107525
107526
107527
107530
107531
107532
107533
107534
107535
107536
107537
107538
107539
107541
107542
108967
108968
108969
108970
108971
108972
108973
108974
108976
108977
108978
108979
108980
108981
108982
108983
108985
108986
108987
108988
108989
108990
108991
108992
108993
108994
108995
108996
108997
108998
108999
109000
109001
109002
109003
109005
109006
109007
109008
109009
109010
109011
109012
109013
109014
109015
109016
109017
109018
109019
109020
109021
109022
109023
109024
109025
109026
109027
109028
109029
109030
109032
109033
109034
109035
109036
109037
109038
109039
109040
109041
109042
109043
109044
109045
109046
109047
109048
109049
109050
109051
109052
109053
109054
109055
109056
109057
109058
109059
109060
109061
109062
109064
109065
109066
109067
109068
109069
109070
109071
109072
109073
109074
109075
109076
109079
109080
109081
109083
109085
109086
109087
109088
109089
109090
109091
109092
109093
109094
109095
109096
109097
109098
109099
109100
109102
109103
109104
109105
109106
109107
110597
110598
110599
110600
110601
110602
110603
110604
110605
110606
110607
110608
110609
110610
110611
110613
110614
110615
110616
110617
110618
110619
110620
110621
110622
110623
110625
110626
110627
110628
110629
110630
110631
110632
110633
110634
110635
110636
110637
110638
110639
110640
110641
110642
110643
110644
110645
110646
110647
110648
110649
110650
110651
110652
110653
110654
110655
110656
110657
110658
110659
110660
110661
110662
110663
110664
110665
110666
110667
110668
110669
110670
110671
110672
110673
110674
110675
110676
110677
110678
110679
110680
110681
110682
110683
110684
110685
110686
110687
110688
110689
110690
110691
110692
110693
110694
110695
110696
110697
110698
110699
110700
110701
110702
110703
110704
110705
110706
110707
110708
110709
110710
110711
110712
110714
110715
110716
110717
110719
110720
110721
110722
110723
110724
110725
110727
110728
110729
110730
110731
110733
110735
110736
110737
110738
110739
110740
110741
110742
110743
110744
110746
110747
110748
110749
110750
110751
110752
110753
110754
110755
110756
110757
110758
110759
110760
110761
110762
110763
112261
112262
112263
112264
112265
112266
112267
112268
112269
112270
112271
112272
112273
112274
112275
112276
112277
112278
112279
112280
112281
112282
112283
112284
112285
112286
112287
112288
112290
112291
112292
112293
112294
112295
112296
112297
112298
112299
112300
112301
112302
112303
112304
112305
112306
112307
112308
112309
112310
112311
112312
112313
112314
112315
112316
112317
112318
112319
112320
112321
112322
112323
112324
112325
112326
112327
112328
112329
112330
112331
112332
112333
112334
112335
112336
112337
112338
112339
112340
112341
112342
112343
112344
112345
112346
112347
112349
112350
112351
112352
112353
112354
112355
112356
112357
112358
112359
112360
112361
112362
112364
112365
112366
112367
112368
112369
112370
112371
112372
112373
112374
112375
112377
112379
112380
112381
112382
112383
112384
112385
112386
112387
112388
112389
112390
112391
112392
112393
112394
112395
112397
112398
112399
112401
112402
112403
112404
112405
112406
112407
113857
113859
113860
113861
113862
113863
113864
113865
113866
113867
113868
113869
113870
113871
113872
113873
113874
113875
113876
113877
113878
113881
113882
113883
113884
113885
113886
113887
113888
113889
113890
113891
113892
113893
113894
113895
113896
113897
113898
113899
113900
113901
113902
113903
113904
113905
113906
113907
113908
113911
113912
113913
113914
113915
113916
113917
113918
113919
113920
113921
113922
113923
113924
113925
113926
113927
113928
113929
113930
113931
113932
113933
113934
113935
113936
113937
113938
113939
113940
113941
113942
113943
113944
113945
113946
113947
113948
113949
113950
113951
113952
113953
113954
113955
113956
113957
113958
113959
113960
113962
113963
113964
113965
113966
113967
113968
113969
113970
113971
113972
113973
113974
113975
113976
113977
113978
113979
113982
113983
113985
113987
113988
113989
113990
113991
113992
113993
113995
113996
113997
113998
113999
114000
114001
114002
114003
114004
114005
114006
114007
114008
114009
114010
114012
114013
114014
114015
114016
114017
114018
114019
114020
114021
114022
114023
114024
114025
114026
114027
115439
115440
115441
115442
115443
115444
115445
115446
115447
115448
115449
115450
115451
115453
115454
115455
115456
115457
115458
115459
115460
115461
115462
115463
115464
115465
115466
115467
115468
115469
115470
115471
115474
115475
115476
115477
115478
115480
115482
115483
115484
115485
115486
115487
115488
115489
115490
115491
115492
115493
115494
115495
115496
115498
115499
115500
115501
115502
115503
115504
115505
115506
115507
115508
115509
115510
115511
115512
115513
115514
115515
115516
115517
115518
115519
115520
115521
115522
115523
115524
115525
115526
115527
115529
115530
115531
115532
115533
115534
115535
115536
115537
115538
115539
115540
115541
115542
115543
115544
115545
115546
115547
115548
115549
115550
115551
115552
115553
115554
115555
115556
115558
115559
115560
115561
115562
115563
115564
115565
115566
115567
115568
115569
115570
115572
115573
115574
115575
115576
115577
115578
115579
115581
115582
115584
115585
115586
115587
117013
117014
117015
117016
117017
117019
117020
117021
117022
117023
117024
117025
117026
117027
117028
117029
117030
117031
117032
117033
117034
117035
117036
117037
117038
117039
117041
117042
117043
117044
117045
117046
117047
117048
117049
117050
117051
117052
117053
117054
117055
117056
117057
117058
117059
117060
117061
117063
117064
117065
117066
117067
117068
117069
117070
117072
117073
117074
117075
117076
117077
117078
117079
117080
117082
117083
117084
117085
117086
117087
117088
117089
117091
117092
117093
117094
117095
117096
117097
117098
117099
117100
117101
117102
117103
117104
117105
117106
117107
117108
117109
117110
117111
117112
117113
117114
117115
117116
117117
117118
117121
117122
117123
117124
117125
117126
117127
117128
117129
117130
117131
117132
117133
117134
117135
117136
117137
117138
117139
117140
117141
117142
117143
117144
117146
117147
117148
117150
117151
117152
117153
117154
117155
117156
117157
117158
117161
117162
117164
117165
117166
117167
117168
117169
117170
117171
117172
117173
117174
117175
117176
117177
117178
117179
118709
118710
118711
118712
118713
118714
118715
118716
118718
118720
118721
118722
118723
118724
118725
118726
118727
118728
118729
118730
118731
118732
118733
118734
118735
118736
118737
118738
118739
118740
118741
118742
118744
118745
118746
118747
118748
118749
118750
118751
118752
118753
118754
118755
118756
118757
118758
118759
118760
118761
118762
118763
118764
118765
118766
118767
118768
118769
118770
118771
118772
118773
118774
118775
118776
118777
118779
118780
118781
118782
118783
118784
118785
118786
118787
118788
118789
118790
118791
118792
118793
118795
118796
118797
118798
118799
118800
118801
118802
118803
118804
118805
118806
118807
118808
118809
118810
118811
118812
118813
118814
118815
118816
118817
118818
118819
118820
118821
118822
118823
118824
118825
118826
118827
118828
118829
118830
118831
118832
118833
118834
118835
118836
118837
118838
118839
118840
118841
118842
118843
118844
118845
118846
118847
118848
118849
118850
118851
118852
118853
118854
118855
118856
118857
118858
118859
118860
118861
118862
118863
118864
118865
118866
118867
118868
118869
118870
118871
118872
118873
118874
118875
118876
118877
118878
118879
118880
120423
120424
120425
120426
120427
120428
120430
120432
120433
120434
120435
120436
120437
120438
120440
120441
120442
120444
120445
120446
120447
120448
120449
120450
120451
120452
120453
120454
120455
120456
120457
120458
120459
120460
120461
120462
120463
120464
120465
120466
120467
120468
120469
120470
120471
120472
120473
120474
120475
120476
120477
120478
120479
120480
120481
120482
120483
120484
120485
120486
120487
120488
120489
120490
120491
120492
120493
120494
120495
120496
120497
120498
120499
120500
120501
120502
120503
120504
120505
120506
120507
120508
120509
120510
120511
120512
120513
120514
120515
120516
120517
120518
120519
120520
120521
120522
120523
120524
120525
120526
120527
120528
120529
120530
120531
120532
120533
120534
120535
120536
120537
120538
120539
120540
120541
120542
120543
120544
120545
120546
120547
120548
120549
120550
120551
120552
120553
120554
120555
120556
120557
120558
120559
120560
120561
120562
120563
120564
120565
120570
120571
120572
120573
120574
120575
120576
120577
120578
120579
120580
120581
120582
120583
120584
120585
