153
154
155
156
157
159
160
161
163
165
168
169
170
171
173
174
175
176
177
178
179
180
182
183
184
185
187
188
190
191
192
193
197
198
199
200
201
203
204
206
209
210
211
212
213
214
215
217
218
219
221
222
223
224
226
227
228
229
230
231
232
233
234
235
236
237
238
239
240
241
242
243
244
245
246
249
250
254
256
257
259
266
267
269
271
273
274
275
282
284
286
288
289
1984
1985
1986
1987
1988
1989
1990
1992
1993
1995
1997
2000
2001
2002
2003
2004
2005
2006
2007
2008
2009
2010
2011
2012
2013
2014
2015
2017
2018
2019
2020
2021
2023
2025
2027
2028
2029
2030
2031
2033
2034
2035
2036
2038
2039
2040
2041
2042
2043
2044
2045
2046
2047
2048
2051
2052
2053
2054
2055
2056
2057
2058
2060
2061
2062
2063
2065
2067
2068
2069
2070
2071
2072
2074
2075
2076
2077
2078
2079
2080
2082
2083
2084
2085
2087
2089
2090
2091
2092
2093
2094
2096
2098
2100
2102
2103
2104
2105
2106
2108
2109
2111
2112
2114
2115
2116
2117
2118
2119
2120
2121
2123
2124
2126
2128
2129
2130
3959
3960
3962
3963
3964
3965
3966
3967
3969
3970
3971
3972
3973
3974
3975
3976
3977
3978
3979
3980
3982
3983
3984
3985
3986
3988
3989
3990
3991
3992
3993
3994
3996
3997
3998
3999
4000
4002
4003
4004
4005
4008
4009
4010
4011
4012
4013
4014
4015
4016
4017
4018
4020
4021
4023
4024
4025
4026
4027
4028
4029
4030
4031
4032
4033
4034
4036
4037
4038
4039
4040
4042
4043
4044
4045
4046
4047
4048
4049
4050
4051
4052
4053
4054
4055
4056
4057
4058
4059
4060
4061
4062
4063
4064
4066
4067
4068
4069
4070
4071
4074
4075
4077
4082
4084
4085
4086
4087
4088
4089
4091
4092
4093
4094
4095
4096
4097
4099
4101
4102
4104
4106
4107
4109
4111
4112
4113
4115
5953
5954
5955
5956
5957
5958
5960
5961
5964
5965
5966
5969
5970
5975
5976
5977
5979
5981
5983
5985
5986
5989
5990
5991
5993
5994
5995
5997
5998
6001
6002
6003
6004
6005
6006
6007
6008
6009
6012
6013
6014
6016
6017
6018
6020
6022
6023
6024
6026
6027
6028
6029
6030
6031
6032
6033
6034
6035
6036
6038
6039
6040
6042
6043
6044
6045
6046
6047
6048
6049
6052
6053
6054
6056
6060
6062
6064
6065
6066
6068
6069
6072
6076
6078
6079
6082
6084
6087
7770
7772
7775
7779
7781
7782
7784
7785
7786
7787
7788
7789
7791
7792
7794
7795
7796
7797
7798
7801
7802
7803
7806
7807
7808
7810
7811
7812
7813
7814
7815
7817
7820
7822
7823
7824
7828
7829
7830
7832
7834
7835
7836
7837
7838
7840
7841
7842
7843
7845
7846
7847
7848
7849
7851
7853
7856
7857
7858
7861
7863
7865
7866
7867
7868
7869
7870
7871
7873
7874
7875
7877
7878
7883
7886
7887
7888
9444
9445
9446
9447
9448
9449
9453
9454
9457
9459
9460
9461
9462
9464
9465
9467
9470
9471
9472
9473
9474
9479
9481
9485
9486
9487
9488
9489
9490
9491
9492
9493
9495
9496
9497
9498
9499
9500
9501
9502
9503
9504
9505
9507
9508
9510
9511
9512
9514
9517
9518
9519
9520
9523
9525
9526
9527
9528
9529
9530
9531
9532
9533
9534
9535
9536
9539
9540
9541
9543
9545
9549
9551
9554
9561
9562
9563
11093
11094
11095
11096
11097
11098
11099
11104
11106
11107
11108
11110
11112
11114
11116
11117
11118
11119
11121
11122
11124
11125
11128
11129
11130
11134
11135
11136
11137
11138
11139
11140
11141
11143
11144
11146
11147
11150
11151
11152
11153
11154
11155
11157
11159
11160
11163
11164
11166
11167
11169
11170
11171
11172
11173
11174
11175
11177
11178
11179
11181
11183
11185
11187
11188
11191
11192
11193
11195
11197
11204
11205
11207
11210
11214
11216
11220
11221
12759
12761
12763
12766
12774
12775
12777
12779
12780
12781
12783
12787
12789
12791
12792
12793
12796
12797
12800
12801
12805
12807
12808
12809
12811
12812
12813
12814
12815
12816
12817
12820
12822
12823
12825
12826
12829
12830
12831
12832
12833
12834
12836
12839
12841
12842
12848
12853
12854
12856
14224
14225
14226
14227
14229
14231
14232
14233
14236
14237
14238
14239
14240
14241
14242
14245
14246
14247
14248
14249
14250
14251
14252
14253
14254
14255
14256
14257
14258
14259
14260
14261
14262
14263
14265
14267
14269
14271
14274
14275
14276
14277
14278
14279
14280
14285
14286
14289
14290
14291
14292
14293
14294
14295
14298
14299
14300
14302
14303
14304
14305
14306
14307
14308
14309
14310
14312
14313
14314
14315
14318
14319
14320
14321
14322
14323
14324
14325
14326
14327
14328
14329
14330
14333
14334
14337
14341
14343
14344
14346
14347
14350
14351
14352
14356
14357
14358
14359
14360
14362
14363
14366
14367
14370
14371
14372
14374
16097
16098
16101
16102
16103
16104
16105
16106
16107
16108
16109
16111
16112
16114
16115
16118
16119
16120
16122
16123
16124
16125
16127
16128
16129
16130
16131
16132
16134
16135
16136
16140
16141
16142
16143
16144
16145
16146
16147
16148
16149
16150
16152
16153
16154
16155
16156
16158
16159
16160
16161
16162
16163
16165
16166
16167
16169
16170
16171
16173
16174
16176
16177
16178
16179
16180
16181
16183
16184
16185
16187
16188
16189
16191
16192
16193
16195
16196
16197
16199
16200
16201
16203
16204
16205
16207
16208
16209
16210
16214
16217
16218
16220
16221
16223
16225
16226
16227
16228
16229
16233
16234
17895
17896
17897
17898
17899
17903
17905
17906
17907
17908
17909
17911
17913
17914
17916
17917
17918
17919
17920
17921
17922
17923
17926
17929
17930
17931
17932
17933
17934
17935
17937
17938
17939
17940
17941
17942
17943
17944
17945
17946
17947
17951
17952
17953
17954
17956
17957
17958
17960
17961
17962
17963
17964
17965
17968
17969
17970
17971
17972
17973
17975
17976
17977
17978
17979
17980
17981
17982
17983
17985
17988
17989
17991
17995
17996
17997
17998
18000
18001
18002
18003
18005
18006
18007
18010
18012
18013
18015
18016
18017
18018
18019
18021
18026
18027
18030
18031
19722
19723
19725
19726
19727
19728
19729
19730
19731
19732
19733
19734
19735
19736
19737
19739
19741
19742
19747
19748
19750
19751
19752
19753
19754
19755
19758
19759
19760
19763
19764
19766
19767
19768
19771
19772
19774
19775
19776
19777
19780
19781
19782
19783
19784
19785
19786
19787
19789
19790
19791
19792
19793
19794
19795
19796
19797
19798
19799
19800
19801
19802
19803
19804
19805
19807
19808
19811
19812
19813
19814
19815
19816
19819
19820
19821
19823
19826
19829
19830
19831
19835
19836
19837
19838
19841
19843
19844
19845
19846
21409
21412
21413
21414
21419
21420
21421
21424
21426
21429
21431
21432
21433
21435
21436
21437
21439
21440
21441
21442
21444
21446
21447
21451
21453
21454
21455
21456
21457
21458
21459
21460
21462
21464
21465
21466
21467
21468
21469
21470
21471
21472
21473
21474
21477
21478
21479
21480
21481
21483
21484
21485
21486
21487
21488
21489
21490
21491
21494
21495
21496
21497
21499
21501
21502
21503
21504
21505
21506
21508
21509
21510
21512
21513
21514
21516
21517
21520
21521
21522
21523
21525
21528
21530
21532
21535
21536
21538
21540
21541
21542
21543
21545
21549
21550
23134
23137
23138
23139
23140
23144
23145
23146
23147
23148
23149
23151
23154
23157
23158
23159
23160
23162
23164
23165
23166
23167
23168
23169
23170
23171
23173
23174
23175
23176
23177
23179
23180
23181
23184
23185
23187
23188
23189
23192
23193
23194
23195
23197
23198
23199
23200
23202
23203
23204
23205
23206
23207
23208
23209
23210
23211
23213
23215
23216
23217
23218
23219
23221
23222
23223
23224
23225
23227
23228
23229
23231
23232
23233
23234
23235
23236
23237
23238
23239
23241
23242
23243
23244
23245
23246
23253
23256
23257
23258
23260
23261
23263
23265
23266
23267
23268
23269
23270
23271
23272
23273
23274
23276
23277
23280
23283
23284
25046
25047
25048
25049
25050
25051
25052
25053
25054
25058
25060
25061
25063
25066
25067
25068
25069
25070
25072
25073
25074
25075
25077
25078
25079
25080
25081
25083
25084
25085
25086
25088
25089
25090
25091
25092
25093
25094
25095
25096
25097
25098
25099
25100
25102
25104
25106
25107
25108
25110
25111
25112
25113
25114
25115
25116
25117
25118
25120
25121
25123
25124
25125
25126
25128
25129
25130
25131
25132
25133
25134
25135
25136
25137
25138
25139
25140
25141
25142
25143
25144
25145
25146
25147
25149
25150
25151
25152
25154
25155
25156
25157
25158
25159
25160
25162
25163
25164
25165
25166
25168
25169
25170
25172
25174
25177
25178
25179
25180
25183
25184
25185
25186
25187
25189
25190
25191
25193
25194
27024
27026
27027
27028
27029
27030
27031
27032
27034
27035
27036
27037
27039
27040
27041
27042
27043
27045
27047
27048
27049
27051
27052
27053
27056
27057
27059
27060
27063
27064
27065
27066
27067
27068
27070
27071
27072
27073
27075
27076
27077
27079
27081
27083
27084
27085
27086
27087
27088
27089
27090
27091
27092
27093
27094
27096
27097
27099
27100
27101
27102
27103
27104
27105
27106
27107
27108
27109
27111
27112
27114
27115
27116
27117
27119
27120
27121
27122
27123
27124
27126
27127
27128
27129
27130
27135
27136
27137
27138
27139
27141
27142
27144
27145
27147
27148
27150
27151
27152
27154
27156
27160
27161
27162
27163
27164
27165
27166
28885
28891
28892
28895
28896
28898
28899
28901
28903
28904
28905
28906
28908
28909
28910
28911
28912
28913
28914
28915
28916
28917
28918
28920
28921
28922
28923
28926
28928
28929
28932
28933
28934
28935
28937
28938
28940
28941
28942
28943
28945
28947
28948
28949
28950
28951
28952
28953
28956
28957
28958
28959
28960
28961
28962
28964
28965
28966
28967
28968
28969
28970
28971
28972
28973
28974
28976
28977
28978
28979
28980
28981
28982
28983
28984
28985
28986
28988
28989
28993
28994
28995
28996
28997
28998
28999
29000
29003
29004
29005
29014
30611
30612
30613
30614
30615
30619
30620
30621
30622
30624
30625
30626
30628
30629
30630
30631
30632
30633
30634
30635
30636
30637
30638
30639
30641
30643
30644
30646
30647
30648
30649
30650
30651
30652
30653
30654
30656
30657
30658
30660
30661
30663
30664
30667
30668
30669
30671
30672
30673
30675
30677
30678
30679
30680
30682
30685
30686
30687
30688
30690
30691
30693
30694
30695
30696
30697
30698
30699
30700
30701
30702
30703
30704
30705
30706
30707
30708
30709
30710
30711
30712
30713
30714
30715
30716
30717
30719
30720
30721
30722
30723
30725
30729
30730
30734
30735
30736
30737
30738
30740
30741
30742
30743
30744
30746
30747
30751
30752
30753
30756
30757
30759
30760
30761
32519
32520
32521
32522
32523
32524
32527
32528
32529
32532
32533
32534
32535
32536
32537
32538
32540
32541
32542
32543
32544
32545
32546
32547
32549
32550
32552
32554
32555
32556
32557
32558
32559
32561
32562
32563
32564
32565
32566
32567
32568
32570
32571
32572
32573
32576
32577
32578
32579
32580
32581
32582
32583
32584
32585
32586
32587
32588
32589
32590
32591
32592
32593
32594
32595
32596
32599
32600
32601
32602
32603
32604
32605
32606
32607
32608
32609
32611
32612
32613
32614
32615
32616
32617
32618
32619
32620
32621
32622
32623
32625
32626
32628
32629
32630
32631
32632
32633
32636
32637
32639
32640
32642
32643
32646
32648
32650
32652
32653
32654
32655
32656
32657
32659
32660
32661
32662
32663
32664
32665
32666
32668
32669
32670
32671
34454
34457
34458
34459
34460
34461
34462
34463
34464
34465
34466
34467
34468
34469
34470
34471
34473
34474
34475
34476
34477
34478
34479
34480
34481
34482
34483
34484
34485
34486
34487
34488
34489
34490
34491
34492
34493
34494
34495
34496
34497
34498
34499
34500
34501
34502
34504
34505
34506
34507
34509
34510
34511
34512
34513
34514
34515
34516
34517
34518
34519
34520
34521
34522
34523
34524
34525
34526
34527
34528
34529
34530
34532
34533
34534
34535
34536
34537
34538
34539
34540
34541
34542
34543
34544
34545
34546
34547
34548
34550
34552
34553
34554
34555
34557
34558
34559
34560
34561
34562
34565
34567
34569
34571
34572
34575
34576
34577
34578
34579
34580
34581
34582
34584
34585
34587
34588
34590
34591
34592
34594
34596
34597
34603
34604
34605
34606
34607
36395
36397
36399
36400
36406
36407
36408
36411
36412
36415
36416
36418
36419
36421
36422
36423
36424
36425
36426
36428
36429
36432
36435
36436
36437
36438
36440
36441
36443
36444
36445
36446
36448
36449
36451
36452
36453
36454
36455
36457
36458
36459
36461
36462
36463
36464
36465
36466
36468
36469
36470
36471
36472
36473
36474
36475
36476
36478
36479
36480
36481
36482
36483
36486
36487
36489
36491
36494
36495
36496
36499
36500
36503
36505
36507
36508
36509
36512
36517
36519
36520
38159
38160
38161
38163
38164
38165
38166
38169
38170
38172
38173
38177
38178
38179
38180
38181
38182
38183
38184
38185
38186
38190
38191
38192
38196
38197
38198
38201
38202
38203
38204
38205
38207
38208
38209
38211
38212
38214
38215
38216
38217
38218
38219
38220
38221
38222
38224
38228
38231
38232
38233
38234
38235
38236
38237
38238
38239
38240
38241
38242
38243
38244
38246
38247
38248
38250
38251
38252
38253
38254
38255
38257
38259
38261
38263
38264
38267
38268
38269
38271
38274
38275
38276
38277
38278
38284
38286
38289
40013
40014
40015
40017
40018
40020
40021
40023
40024
40025
40026
40027
40028
40029
40031
40033
40034
40037
40038
40039
40040
40041
40042
40043
40044
40045
40046
40047
40048
40050
40051
40053
40054
40055
40056
40057
40058
40059
40060
40061
40063
40064
40065
40066
40067
40070
40071
40072
40073
40074
40076
40077
40078
40079
40081
40082
40083
40084
40085
40086
40087
40088
40090
40091
40093
40094
40095
40097
40098
40099
40100
40103
40104
40105
40106
40107
40108
40109
40111
40112
40113
40114
40116
40118
40120
40121
40123
40125
40126
40127
40128
40129
40134
40135
40137
40139
40141
40142
40143
40144
40145
40146
40147
40148
40149
41835
41837
41838
41839
41842
41846
41847
41849
41850
41851
41853
41854
41856
41857
41863
41864
41865
41867
41868
41869
41871
41872
41873
41874
41875
41876
41880
41881
41882
41883
41885
41886
41888
41890
41891
41892
41893
41894
41895
41896
41897
41898
41899
41901
41902
41903
41904
41905
41906
41907
41908
41909
41910
41913
41914
41915
41916
41921
41923
41926
41927
41929
41930
41933
41934
41936
41937
41940
41941
41944
41950
43474
43475
43476
43477
43479
43480
43481
43482
43483
43484
43485
43486
43487
43488
43489
43490
43491
43492
43493
43494
43495
43497
43498
43499
43500
43501
43502
43503
43504
43505
43506
43507
43508
43509
43510
43512
43513
43514
43515
43516
43517
43518
43521
43522
43524
43525
43526
43527
43528
43529
43530
43531
43532
43533
43534
43535
43536
43537
43538
43539
43540
43541
43542
43543
43544
43545
43546
43547
43548
43549
43550
43551
43552
43553
43554
43555
43556
43557
43559
43560
43561
43563
43564
43565
43567
43568
43569
43570
43571
43572
43573
43575
43576
43577
43578
43579
43580
43581
43582
43583
43584
43586
43587
43590
43591
43592
43594
43596
43597
43598
43602
43603
43605
43606
43607
43608
43610
43611
43614
43615
43618
43620
43622
43624
43625
43626
43627
43629
43630
43631
43632
43633
43636
43637
43638
45522
45523
45524
45525
45526
45527
45528
45529
45530
45531
45532
45533
45535
45537
45539
45541
45542
45543
45544
45545
45547
45548
45549
45551
45552
45553
45554
45555
45556
45557
45559
45560
45561
45562
45563
45564
45565
45566
45567
45568
45569
45570
45571
45573
45574
45575
45576
45578
45579
45581
45582
45583
45584
45585
45586
45587
45589
45590
45591
45594
45595
45596
45597
45598
45599
45600
45601
45602
45603
45605
45606
45607
45608
45609
45610
45611
45612
45613
45614
45615
45616
45617
45618
45619
45620
45621
45622
45623
45624
45626
45627
45628
45629
45630
45631
45632
45633
45635
45636
45637
45638
45639
45640
45641
45644
45645
45646
45647
45650
45651
45652
45653
45654
45657
45658
45659
45660
45661
45662
45663
45665
45666
45667
45668
45669
45671
45672
45673
45676
45677
47514
47515
47516
47517
47518
47519
47520
47521
47522
47526
47528
47529
47530
47532
47533
47534
47535
47536
47537
47538
47539
47540
47541
47542
47543
47545
47546
47547
47549
47550
47551
47552
47553
47554
47555
47556
47557
47558
47559
47560
47561
47562
47563
47564
47565
47566
47568
47569
47571
47572
47573
47574
47575
47576
47577
47578
47579
47580
47581
47582
47583
47584
47586
47587
47589
47590
47591
47592
47593
47594
47595
47596
47598
47599
47600
47601
47602
47603
47605
47606
47607
47608
47609
47610
47611
47612
47613
47614
47615
47616
47617
47618
47619
47620
47621
47622
47623
47624
47625
47626
47627
47628
47629
47630
47631
47632
47633
47634
47636
47637
47638
47639
47641
47642
47643
47644
47645
47646
47647
47648
47649
47652
47653
47654
47657
47658
47659
47661
47662
47665
47666
47667
47668
47671
47673
47674
47675
47676
47677
47679
47680
47682
47683
47684
47685
47686
47687
49592
49593
49594
49595
49596
49597
49598
49599
49600
49601
49602
49603
49604
49606
49607
49608
49609
49610
49611
49612
49613
49614
49617
49618
49619
49620
49621
49622
49624
49625
49626
49627
49628
49629
49630
49631
49632
49633
49634
49635
49636
49637
49638
49639
49640
49641
49642
49643
49644
49645
49646
49647
49648
49649
49650
49651
49652
49653
49654
49655
49656
49657
49658
49659
49660
49661
49662
49663
49664
49665
49666
49667
49668
49669
49670
49671
49672
49673
49674
49675
49676
49677
49678
49679
49680
49681
49682
49683
49684
49685
49686
49687
49688
49689
49690
49691
49693
49694
49695
49696
49697
49698
49700
49701
49702
49703
49704
49705
49708
49709
49710
49711
49714
49716
49718
49719
49722
49724
49725
49726
49727
49729
49730
49732
49733
49734
49735
49736
49737
49738
49739
49740
49741
49742
49743
49745
49746
49747
49748
49749
49750
49751
51641
51643
51644
51645
51646
51647
51648
51649
51650
51651
51653
51654
51655
51656
51657
51658
51659
51662
51663
51664
51665
51667
51668
51669
51671
51673
51674
51676
51677
51679
51680
51681
51682
51683
51684
51685
51686
51687
51689
51692
51694
51695
51696
51697
51698
51699
51700
51701
51702
51703
51704
51705
51706
51708
51709
51710
51711
51712
51713
51714
51716
51718
51719
51720
51721
51722
51723
51724
51726
51727
51728
51729
51730
51731
51732
51733
51734
51735
51736
51738
51739
51740
51742
51744
51745
51746
51747
51749
51751
51752
51753
51754
51757
51758
51759
51760
51761
51763
51765
51768
51769
51770
51772
51775
51776
51777
51778
51779
51780
51783
51784
51785
51786
51787
51788
51789
53550
53551
53552
53554
53555
53556
53557
53558
53559
53561
53562
53564
53565
53566
53567
53568
53569
53570
53571
53572
53573
53574
53575
53576
53577
53578
53580
53582
53583
53585
53586
53587
53588
53589
53590
53591
53592
53594
53595
53597
53598
53601
53602
53603
53605
53606
53607
53608
53609
53610
53611
53612
53613
53614
53615
53616
53618
53619
53620
53621
53622
53623
53624
53625
53626
53627
53628
53630
53631
53632
53633
53634
53635
53636
53637
53638
53639
53640
53641
53642
53644
53646
53647
53648
53649
53651
53652
53653
53654
53655
53656
53657
53658
53659
53660
53661
53662
53663
53664
53666
53667
53668
53669
53671
53673
53677
53678
53680
53683
53684
53686
53687
53689
53691
53692
53693
53694
53695
53696
53697
53700
53701
55557
55559
55561
55562
55563
55565
55566
55567
55569
55570
55572
55573
55574
55576
55577
55578
55579
55580
55581
55582
55583
55585
55587
55588
55589
55590
55591
55592
55593
55594
55595
55596
55597
55599
55600
55602
55605
55606
55607
55608
55610
55613
55614
55615
55618
55619
55620
55621
55622
55623
55624
55625
55626
55627
55628
55629
55630
55631
55632
55633
55635
55636
55637
55638
55639
55640
55641
55642
55643
55644
55645
55646
55647
55648
55649
55650
55651
55652
55653
55654
55656
55657
55658
55660
55661
55664
55666
55667
55668
55671
55672
55673
55674
55676
55677
55678
55679
55680
55682
55683
55686
55689
55690
55691
55692
55693
55694
55695
55698
55699
55701
55702
55704
57454
57455
57459
57460
57461
57463
57464
57467
57468
57470
57471
57474
57475
57476
57477
57479
57480
57482
57483
57484
57485
57486
57487
57488
57489
57490
57491
57492
57493
57495
57497
57498
57499
57500
57501
57504
57505
57506
57507
57508
57509
57510
57511
57513
57514
57515
57516
57519
57520
57521
57523
57524
57525
57526
57527
57529
57531
57532
57533
57534
57535
57536
57537
57538
57539
57540
57541
57542
57543
57544
57546
57547
57548
57549
57550
57551
57553
57555
57556
57559
57561
57562
57563
57565
57568
57569
57570
57571
57572
57573
57575
57577
57579
57580
57582
57583
57586
57587
57589
57590
57591
57592
57598
57599
57600
59247
59248
59250
59251
59252
59253
59254
59255
59256
59257
59258
59259
59260
59261
59262
59263
59265
59267
59268
59269
59270
59271
59272
59273
59274
59275
59276
59279
59282
59283
59284
59285
59286
59287
59288
59290
59292
59293
59294
59295
59296
59297
59299
59300
59301
59302
59303
59305
59306
59308
59309
59311
59312
59313
59314
59315
59316
59317
59318
59321
59322
59323
59324
59325
59327
59328
59330
59331
59332
59333
59336
59337
59338
59339
59342
59345
59346
59348
59349
59350
59352
59355
59356
59358
59359
59360
59361
59362
59364
59365
59366
59367
59369
59370
59372
59373
59374
59376
59377
59378
59379
59380
59381
59382
59383
59384
59385
59386
59387
59388
59391
59392
59393
61071
61073
61074
61075
61077
61079
61080
61083
61084
61085
61087
61088
61089
61091
61092
61093
61094
61095
61098
61099
61100
61101
61103
61104
61108
61109
61110
61111
61113
61114
61115
61117
61118
61119
61120
61121
61122
61123
61124
61126
61127
61128
61129
61130
61131
61132
61133
61134
61135
61136
61137
61138
61139
61140
61141
61142
61143
61144
61145
61146
61147
61150
61151
61152
61154
61155
61156
61157
61158
61159
61160
61161
61162
61163
61164
61165
61166
61167
61169
61170
61171
61172
61173
61176
61177
61178
61179
61180
61181
61183
61184
61187
61189
61190
61191
61193
61194
61195
61196
61198
61200
61201
61202
61203
61204
61206
61207
61208
61209
61211
61213
61215
61218
61219
61220
61221
61222
61223
61224
62997
62998
62999
63000
63001
63002
63003
63004
63005
63006
63007
63008
63009
63010
63011
63012
63013
63014
63015
63016
63017
63018
63020
63022
63023
63024
63025
63026
63027
63028
63029
63031
63032
63033
63034
63035
63036
63037
63038
63039
63040
63041
63042
63043
63044
63045
63046
63047
63048
63049
63050
63051
63052
63053
63054
63055
63057
63058
63059
63060
63061
63062
63063
63064
63065
63066
63067
63068
63069
63070
63071
63072
63073
63074
63075
63076
63077
63078
63079
63081
63082
63083
63084
63085
63086
63087
63088
63089
63090
63091
63092
63093
63094
63095
63096
63097
63098
63100
63101
63102
63103
63104
63105
63106
63107
63109
63110
63111
63112
63113
63114
63115
63116
63117
63119
63120
63121
63122
63123
63124
63126
63127
63130
63131
63132
63134
63135
63136
63137
63138
63139
63141
63142
63143
63144
63145
63146
63147
63148
63151
63152
63153
63154
63155
63156
63157
63159
63161
63163
63164
63165
63166
65069
65070
65071
65072
65073
65075
65077
65079
65080
65081
65082
65084
65085
65086
65090
65091
65092
65093
65095
65096
65097
65100
65101
65102
65103
65104
65105
65107
65108
65109
65111
65112
65114
65118
65119
65120
65121
65122
65124
65126
65127
65128
65129
65130
65131
65132
65133
65134
65135
65136
65137
65139
65140
65141
65142
65143
65145
65146
65147
65148
65149
65150
65151
65153
65154
65155
65156
65157
65158
65159
65160
65161
65162
65163
65165
65166
65167
65168
65169
65170
65171
65172
65174
65175
65177
65179
65180
65181
65183
65184
65188
65189
65190
65191
65192
65194
65196
65197
65198
65201
65202
65203
65204
65206
65208
65209
65210
65211
65212
65216
65218
67024
67025
67026
67027
67028
67029
67031
67032
67033
67034
67035
67036
67038
67039
67040
67041
67042
67043
67044
67045
67046
67047
67048
67049
67050
67051
67052
67053
67054
67055
67056
67057
67058
67059
67060
67061
67063
67064
67066
67068
67069
67070
67071
67072
67073
67074
67075
67076
67077
67078
67079
67080
67081
67082
67083
67084
67085
67086
67087
67088
67089
67090
67091
67092
67093
67094
67095
67096
67097
67098
67099
67100
67101
67102
67103
67104
67106
67107
67108
67109
67110
67111
67112
67113
67114
67115
67116
67117
67118
67119
67120
67121
67122
67124
67125
67127
67129
67130
67131
67132
67133
67134
67135
67136
67138
67139
67141
67142
67143
67144
67145
67146
67147
68775
68776
68778
68779
68780
68782
68783
68784
68785
68786
68788
68789
68790
68791
68792
68793
68794
68795
68796
68797
68799
68801
68803
68804
68805
68807
68808
68809
68810
68811
68812
68813
68814
68815
68817
68818
68819
68820
68821
68822
68823
68824
68826
68827
68828
68829
68830
68831
68832
68833
68834
68835
68836
68837
68838
68839
68840
68841
68842
68843
68844
68845
68846
68847
68848
68849
68851
68852
68853
68854
68855
68856
68857
68858
68859
68860
68864
68865
68866
68868
68869
68870
68871
68872
68873
68874
68875
68876
68878
68879
68880
68881
68884
68885
68886
68887
68889
68890
68891
68892
68893
68894
68896
68897
68898
68899
68900
68902
68903
68905
68906
70519
70520
70521
70523
70525
70527
70528
70529
70530
70532
70533
70534
70535
70536
70537
70538
70539
70540
70541
70542
70543
70544
70546
70547
70548
70549
70550
70551
70553
70554
70556
70559
70560
70561
70562
70563
70564
70565
70566
70567
70568
70569
70570
70571
70572
70573
70574
70575
70576
70577
70578
70579
70580
70581
70582
70583
70584
70585
70586
70587
70588
70589
70590
70591
70592
70594
70595
70596
70597
70598
70599
70602
70603
70604
70605
70606
70607
70608
70609
70610
70611
70612
70613
70614
70615
70616
70617
70618
70620
70621
70624
70625
70627
70628
70629
70630
70631
70633
70634
70635
70636
70637
70639
70640
70641
72195
72196
72197
72198
72199
72200
72201
72202
72203
72205
72206
72207
72208
72209
72211
72212
72213
72214
72216
72217
72218
72219
72220
72221
72222
72223
72224
72226
72227
72229
72230
72231
72232
72233
72234
72235
72236
72237
72238
72239
72241
72242
72244
72245
72246
72247
72248
72249
72250
72251
72252
72253
72254
72255
72256
72257
72259
72260
72261
72262
72263
72264
72265
72266
72267
72268
72269
72270
72271
72272
72274
72275
72277
72280
72281
72282
72283
72284
72285
72286
72287
72288
72289
72290
72291
72292
72293
72295
72297
72298
72299
72300
72301
72303
72304
72305
72306
72308
72309
72310
72311
72312
72313
72314
72315
72317
72318
72321
72322
73785
73787
73789
73790
73792
73794
73795
73796
73798
73799
73800
73802
73803
73804
73807
73810
73812
73813
73816
73817
73818
73822
73823
73825
73827
74576
74578
74581
74582
74585
74586
74587
74588
74592
74593
74594
74595
74596
74597
74600
74601
74602
74604
74605
74606
74607
74608
74609
74610
74611
74613
74614
74615
74617
74619
74620
74621
75426
75427
75428
75429
75431
75432
75433
75436
75437
75438
75441
75442
75443
75444
75445
75446
75448
75449
75450
75451
75452
75453
75454
75455
75456
75457
75459
75460
75461
75462
75463
75464
75467
75468
75469
75470
75473
75475
75476
75477
75478
75479
75480
75481
75482
75483
75484
75485
75486
75487
75489
75490
75491
75492
75493
75494
75495
75496
75499
75501
76430
76431
76435
76437
76438
76439
76440
76442
76443
76445
76449
76450
76451
76452
76454
76456
76458
76460
76462
76463
76464
76465
76467
76472
76475
76477
76478
76479
76481
76482
77403
77404
77405
77408
77410
77411
77412
77413
77414
77416
77417
77418
77419
77421
77422
77423
77424
77425
77426
77427
77428
77429
77430
77431
77432
77433
77434
77435
77436
77437
77439
77440
77441
77442
77443
77444
77445
77447
77448
77449
77450
77451
77452
77453
77454
77455
77456
77457
77458
77459
77460
77461
77462
77463
77464
77465
77466
77467
77468
77469
77470
77471
77472
77473
77474
77475
77476
77477
77478
77479
77480
77482
77483
77484
77486
77487
77488
77489
77490
77491
77492
77493
77494
77496
77497
77498
77499
77500
77501
77503
77505
77506
77508
78963
78964
78965
78966
78967
78968
78969
78970
78973
78974
78976
78978
78979
78982
78983
78986
78987
78988
78989
78991
78992
78993
78994
78996
78997
78998
78999
79000
79001
79002
79003
79004
79005
79006
79007
79008
79009
79010
79012
79013
79014
79016
79017
79018
79019
79020
79021
79022
79023
79024
79025
79026
79027
79028
79029
79030
79031
79032
79033
79034
79035
79036
79037
79038
79039
79040
79041
79042
79043
79044
79045
79046
79047
79048
79049
79050
79051
79052
79053
79054
79055
79056
79059
79062
79063
79064
79065
79067
79068
79070
79071
79073
79074
79077
79078
79079
79080
79081
79082
79083
79084
79086
80648
80649
80651
80652
80653
80659
80660
80661
80663
80664
80665
80666
80667
80668
80670
80672
80673
80675
80676
80677
80678
80679
80680
80681
80682
80683
80684
80685
80686
80687
80688
80691
80692
80693
80694
80695
80696
80697
80699
80700
80701
80702
80703
80704
80707
80708
80709
80711
80712
80713
80714
80715
80716
80719
80720
80721
80723
80724
80725
80727
80728
80730
80732
80733
80734
80735
80736
80737
80739
80740
80742
80743
80744
82055
82056
82057
82058
82059
82060
82062
82064
82065
82066
82067
82068
82069
82070
82071
82073
82075
82076
82077
82078
82079
82080
82081
82082
82083
82084
82085
82086
82087
82089
82090
82091
82092
82093
82094
82095
82097
82098
82099
82100
82101
82102
82103
82105
82106
82107
82108
82109
82110
82112
82113
82115
82116
82117
82118
82119
82120
82121
82122
82123
82124
82125
82126
82127
82128
82129
82130
82131
82132
82133
82134
82135
82136
82137
82138
82139
82140
82141
82142
82143
82144
82145
82146
82147
82148
82149
82150
82152
82153
82154
82155
82156
82157
82158
82159
82160
82161
82162
82163
82165
82166
82167
82168
82169
82170
82171
82172
82173
82174
82175
82176
82177
82178
82179
82180
82181
82182
82183
82184
82185
82186
82187
82188
82189
82190
82191
82192
82193
82194
82195
83879
83880
83881
83883
83884
83885
83887
83888
83890
83892
83893
83895
83897
83898
83899
83901
83903
83904
83905
83906
83907
83908
83910
83911
83912
83914
83915
83917
83918
83921
83922
83923
83924
83925
83927
83928
83929
83930
83931
83932
83933
83934
83935
83936
83937
83938
83939
83940
83942
83943
83945
83946
83947
83948
83949
83950
83951
83952
83953
83954
83955
83956
83958
83959
83960
83962
83964
83966
83967
83969
83970
83972
83973
83974
83977
83980
85330
85332
85335
85336
85337
85338
85339
85340
85342
85343
85345
85346
85347
85348
85349
85350
85351
85352
85353
85356
85357
85358
85359
85360
85361
85363
85364
85366
85367
85368
85369
85370
85371
85372
85373
85374
85375
85376
85377
85378
85379
85380
85381
85382
85384
85385
85386
85388
85390
85391
85392
85393
85394
85395
85396
85397
85398
85399
85400
85401
85402
85403
85404
85405
85406
85409
85412
85413
85414
85415
85416
85417
85418
85419
85420
85421
85422
85423
85425
85427
85428
85429
85431
85432
85433
85434
86791
86792
86793
86794
86795
86796
86797
86798
86799
86800
86802
86803
86804
86805
86806
86807
86808
86809
86810
86811
86812
86813
86815
86816
86817
86818
86819
86820
86823
86824
86825
86826
86827
86829
86830
86832
86833
86834
86837
86838
86839
86840
86841
86842
86844
86845
86846
86849
86850
86851
86853
86855
86856
86857
86858
86859
86861
86862
86863
86864
86866
86867
86870
86871
86873
86875
86878
86879
86880
86881
86882
86883
86884
86885
86886
86887
86888
86889
86890
88280
88281
88283
88284
88285
88286
88287
88288
88289
88290
88291
88293
88296
88298
88299
88300
88301
88302
88303
88304
88305
88306
88307
88308
88309
88310
88311
88312
88313
88314
88316
88317
88318
88319
88320
88321
88323
88324
88325
88326
88327
88328
88329
88330
88331
88332
88333
88334
88335
88336
88337
88338
88339
88340
88343
88345
88346
88347
88348
88350
88351
88352
88353
88354
88355
88357
88358
88359
88360
88362
88363
88364
88365
88366
88368
88369
88370
88371
88372
88373
88374
88376
88377
88379
88380
89798
89802
89806
89807
89808
89809
89810
89813
89814
89815
89816
89817
89818
89819
89820
89821
89822
89823
89824
89825
89826
89827
89828
89829
89830
89831
89833
89835
89836
89837
89838
89839
89840
89841
89842
89843
89844
89845
89846
89847
89848
89849
89851
89853
89854
89856
89857
89858
89859
89860
89861
89862
89866
89867
89869
89870
89871
89872
91123
91124
91125
91126
91127
91128
91129
91131
91133
91134
91135
91136
91137
91138
91139
91140
91141
91142
91143
91144
91145
91146
91147
91149
91151
91152
91153
91154
91155
91156
91159
91160
91164
91165
91166
91167
91168
91169
91171
91172
91173
91175
91176
91177
91178
91179
91180
91181
91182
91183
91184
91185
91186
91188
91189
91190
91191
91192
91193
91194
91195
91196
91197
91198
91199
91200
91201
91202
91203
91204
91205
91206
91207
91209
91210
91211
91212
91213
91214
91215
91218
91220
91221
91223
91224
91227
91228
91229
91230
91231
91233
91235
91237
91239
91240
91241
91242
91243
92829
92830
92831
92833
92834
92836
92837
92838
92839
92840
92843
92846
92847
92848
92849
92851
92852
92853
92854
92855
92856
92857
92858
92859
92860
92861
92863
92864
92866
92867
92868
92869
92870
92871
92872
92873
92874
92875
92876
92877
92878
92879
92880
92881
92882
92883
92885
92886
92887
92888
92889
92890
92891
92892
92893
92894
92895
92896
92897
92898
92899
92900
92901
92902
92903
92904
92905
92906
92907
92908
92909
92910
92911
92912
92913
92914
92915
92916
92917
92918
92919
92920
92921
92922
92923
92924
92925
92926
92928
92929
92930
92932
92935
92936
92937
92938
92939
92941
92942
92943
92944
92945
92946
92947
92950
92951
94588
94589
94590
94592
94593
94594
94596
94597
94598
94600
94601
94602
94603
94604
94605
94606
94607
94608
94610
94611
94612
94613
94616
94618
94619
94620
94621
94622
94623
94624
94625
94626
94627
94628
94629
94630
94631
94632
94633
94634
94635
94636
94637
94639
94640
94642
94644
94645
94646
94647
94648
94649
94650
94652
94653
94654
94655
94656
94657
94658
94659
94660
94662
94663
94664
94665
94666
94667
94668
94669
94670
94671
94672
94675
94676
94677
94678
94679
94680
94681
94682
94683
94684
94685
94686
94688
94689
94690
94691
94693
94694
94695
94696
96110
96114
96115
96117
96118
96119
96120
96121
96123
96124
96125
96127
96128
96130
96131
96133
96137
96139
96141
96142
96143
96144
96146
96147
96148
96149
96150
96151
96152
96154
96155
96156
96160
96161
96162
96164
96165
96169
96172
96174
96175
96176
96179
97224
97227
97228
97230
97232
97233
97235
97236
97237
97238
97239
97241
97242
97243
97244
97245
97246
97247
97248
97250
97252
97253
97254
97255
97256
97257
97258
97260
97261
97263
97264
97265
97267
97269
97270
97271
97272
97273
97274
97275
97276
97277
97278
97279
97280
97281
97283
97284
97286
97287
97288
97289
97290
97291
97293
97294
97295
97296
97299
97300
97301
97303
97305
97306
97307
97311
98688
98689
98690
98692
98695
98696
98697
98698
98699
98700
98701
98702
98703
98705
98707
98708
98709
98712
98713
98714
98715
98716
98717
98718
98719
98720
98722
98723
98725
98727
98728
98729
98732
98733
98734
98735
98736
98737
98738
98739
98740
98741
98742
98743
98744
98745
98746
98747
98748
98749
98751
98752
98753
98756
98757
98758
98760
98761
98763
98765
98767
98769
98770
100003
100004
100005
100006
100007
100008
100009
100011
100012
100013
100014
100017
100019
100022
100023
100024
100025
100026
100028
100029
100031
100032
100033
100034
100035
100036
100037
100038
100039
100042
100043
100044
100046
100047
100048
100049
100050
100051
100054
100056
100057
100058
100059
100060
100062
100063
100064
100065
100066
100067
100068
100069
100070
100071
100072
100074
100075
100076
100077
100078
100079
100080
100082
100084
100085
100086
100088
100090
100091
100092
100094
100096
100097
100098
100099
100100
100101
100102
100104
100105
100108
100110
100111
100112
101457
101458
101459
101460
101461
101462
101463
101466
101467
101468
101469
101471
101472
101473
101474
101475
101476
101477
101478
101479
101482
101485
101486
101487
101488
101489
101490
101491
101494
101496
101497
101498
101499
101500
101502
101503
101505
101506
101507
101508
101509
101510
101511
101512
101513
101514
101515
101516
101517
101518
101519
101520
101521
101522
101523
101524
101525
101526
101527
101528
101530
101531
101532
101533
101534
101535
101536
101537
101538
101539
101541
101543
101545
101546
101547
101548
101549
101550
101551
101552
101553
101555
101558
101560
101562
101564
101566
101567
101568
101569
101570
101573
101574
101575
101576
101578
101580
101581
101583
103154
103155
103156
103159
103160
103161
103162
103163
103164
103166
103167
103168
103169
103171
103172
103173
103174
103175
103176
103177
103178
103179
103180
103181
103182
103183
103184
103185
103186
103187
103188
103189
103190
103191
103193
103195
103198
103199
103200
103201
103202
103203
103204
103205
103207
103208
103209
103210
103211
103213
103214
103215
103216
103217
103218
103219
103221
103222
103224
103226
103227
103228
103230
103231
103232
103233
103234
103236
103237
103238
103239
103241
103242
103243
103244
103246
103247
103248
103249
103251
103252
103253
103254
103255
103256
103257
103258
103260
103261
103262
103264
103266
103267
103269
103271
103272
103274
103275
103276
103279
103280
103281
104880
104881
104882
104883
104884
104885
104886
104887
104888
104890
104891
104892
104894
104895
104897
104898
104899
104900
104901
104902
104903
104904
104906
104908
104909
104911
104912
104914
104915
104916
104917
104918
104919
104920
104921
104922
104923
104924
104925
104926
104927
104928
104929
104930
104931
104932
104935
104936
104937
104938
104939
104940
104941
104942
104943
104944
104945
104946
104947
104948
104949
104950
104951
104952
104953
104955
104956
104957
104958
104959
104960
104961
104962
104963
104965
104966
104967
104968
104969
104970
104971
104972
104973
104974
104975
104976
104977
104978
104979
104980
104981
104982
104983
104984
104985
104986
104987
104989
104990
104991
104993
104994
104995
104996
104997
104998
104999
105000
105002
105003
105005
105007
105008
105009
105010
106708
106710
106711
106713
106715
106716
106717
106718
106719
106720
106721
106722
106723
106724
106725
106726
106727
106728
106729
106730
106731
106732
106733
106734
106735
106736
106737
106738
106739
106740
106741
106742
106743
106744
106745
106746
106747
106748
106749
106750
106751
106752
106754
106755
106756
106757
106758
106760
106761
106762
106763
106764
106765
106766
106767
106768
106769
106770
106771
106772
106773
106774
106775
106776
106777
106778
106779
106780
106781
106782
106783
106784
106785
106786
106787
106788
106790
106791
106793
106794
106795
106797
106798
106799
106800
106801
106803
106804
106805
106806
106807
106808
106809
106811
106812
106814
106815
106816
106817
106818
106819
106821
106823
106825
106826
106828
106829
106830
106832
106835
106836
106838
108371
108373
108374
108375
108376
108377
108378
108380
108381
108382
108383
108384
108389
108390
108391
108392
108393
108394
108395
108396
108397
108398
108400
108401
108402
108403
108407
108408
108409
108410
108411
108412
108413
108414
108415
108416
108417
108418
108419
108420
108421
108422
108423
108424
108425
108426
108427
108428
108429
108430
108431
108432
108433
108434
108435
108436
108437
108438
108439
108441
108442
108443
108444
108445
108447
108448
108449
108450
108453
108454
108455
108458
108459
108460
108461
108462
108463
108464
108465
108466
108467
108468
108469
108470
108471
108472
108473
108474
108475
108477
108478
108480
109901
109902
109903
109904
109905
109906
109907
109908
109910
109911
109912
109913
109914
109915
109916
109917
109919
109920
109921
109922
109923
109924
109926
109927
109929
109930
109932
109933
109935
109936
109937
109938
109940
109941
109942
109943
109944
109947
109948
109949
109950
109951
109952
109954
109956
109957
109958
109959
109960
109961
109963
109965
109966
109967
109968
109969
109970
109971
109972
109973
109974
109975
109976
109977
109978
109979
109980
109981
109982
109983
109984
109985
109986
109987
109988
109989
109990
109991
109993
109994
109995
109996
109997
109998
109999
110000
110001
110002
110003
110004
110006
110007
110010
110011
110012
110013
110014
110015
110016
110018
110019
110020
110021
110022
110023
110024
110025
110026
110027
110028
110029
110031
110034
110035
111641
111642
111643
111644
111646
111648
111651
111652
111653
111654
111655
111657
111658
111659
111660
111661
111662
111663
111664
111666
111667
111669
111670
111671
111672
111673
111675
111676
111677
111678
111679
111680
111681
111683
111684
111685
111686
111688
111689
111690
111691
111692
111696
111697
111698
111699
111700
111701
111702
111703
111704
111705
111706
111707
111708
111709
111710
111711
111712
111714
111715
111716
111717
111718
111719
111720
111721
111723
111724
111725
111726
111727
111728
111729
111731
111732
111733
111735
111736
111737
111740
111741
111743
111745
111746
111749
111750
111753
111754
113186
113187
113188
113189
113190
113191
113192
113195
113196
113197
113198
113199
113200
113201
113202
113203
113204
113205
113206
113207
113209
113210
113211
113212
113213
113214
113215
113216
113217
113218
113219
113220
113221
113223
113224
113225
113226
113227
113228
113229
113231
113232
113233
113235
113236
113237
113238
113239
113240
113241
113242
113243
113245
113248
113249
113250
113251
113252
113255
113256
113257
113258
113259
113260
113261
113262
113264
113266
113267
113268
113269
113270
113271
113273
113275
113276
113279
113280
113281
113283
113284
113285
113287
113288
113289
113290
113291
113293
113297
113298
113299
114865
114866
114867
114869
114872
114873
114874
114875
114876
114877
114878
114879
114880
114881
114882
114883
114884
114885
114886
114887
114888
114889
114891
114892
114893
114894
114895
114896
114898
114899
114900
114901
114902
114903
114904
114905
114906
114907
114908
114909
114911
114912
114913
114914
114915
114916
114917
114918
114919
114920
114921
114922
114923
114924
114925
114926
114927
114928
114929
114931
114932
114935
114936
114937
114938
114939
114940
114941
114942
114943
114944
114945
114946
114948
114949
114950
114952
114954
114955
114956
114957
114960
116363
116364
116365
116366
116367
116369
116371
116372
116373
116374
116376
116377
116378
116379
116381
116382
116383
116386
116387
116388
116389
116390
116391
116393
116394
116395
116397
116398
116400
116401
116405
116407
116408
116409
116410
116411
116412
116415
116416
116417
116418
116419
116420
116421
116422
116424
116425
116426
116427
116429
116430
116431
116432
116434
116435
116436
116438
116439
116440
116441
116442
116443
116444
116445
116446
116447
116448
116449
116450
116451
116452
116453
116455
116458
116459
116461
116462
116463
116464
116465
116466
116468
116469
116470
116471
116472
116473
116474
116475
116476
116477
116478
116479
116480
116481
116482
118016
118017
118018
118019
118020
118021
118022
118023
118024
118025
118026
118027
118028
118030
118031
118032
118033
118034
118035
118036
118038
118039
118040
118041
118042
118045
118046
118047
118049
118050
118051
118052
118053
118054
118055
118056
118057
118059
118060
118061
118062
118063
118064
118065
118066
118067
118068
118070
118071
118072
118073
118074
118075
118076
118077
118078
118079
118080
118081
118082
118083
118084
118085
118086
118087
118089
118091
118092
118093
118094
118097
118098
118099
118100
118101
118102
118103
118104
118105
118106
118107
118108
118110
118111
118113
118114
118115
118116
118117
118119
118121
118122
118123
118124
118125
118126
118128
118130
118131
118133
118134
118136
118137
118138
118140
119771
119772
119773
119774
119778
119779
119780
119781
119783
119784
119786
119787
119788
119789
119790
119791
119792
119793
119795
119796
119798
119799
119800
119802
119804
119805
119807
119809
119811
119812
119813
119814
119815
119816
119817
119818
119819
119820
119821
119822
119823
119824
119825
119826
119827
119828
119829
119830
119831
119832
119833
119834
119835
119836
119837
119838
119839
119840
119841
119842
119843
119844
119845
119846
119847
119849
119850
119851
119852
119853
119854
119856
119858
119859
119860
119861
119863
119864
119865
119867
119868
119869
119870
119871
119872
119873
119874
119875
119876
119877
119878
119880
119881
119882
119883
119884
119885
119886
119887
119889
119892
119894
119898
119899
119900
