55098
55113
55114
55115
55116
55117
55118
55119
55120
55168
55169
55170
55171
55172
55173
55174
55175
55176
55177
55178
55179
55180
55181
55182
55183
55184
56354
56968
56969
56970
56971
56972
56973
56974
56991
56992
56993
56994
56995
56996
56997
56998
56999
57000
57001
57002
57003
57004
57005
57006
57007
57194
57302
57303
57304
57305
57306
57307
57308
57309
57310
57311
57322
57323
57324
57325
57326
57327
57328
57329
57330
57331
57332
57333
57334
57335
57953
57954
58378
58379
58380
58381
58382
58383
58384
58385
58386
58387
58388
58389
58390
58391
58906
58907
58908
58944
58945
59429
59430
59442
59448
59449
59450
59451
59452
59453
59470
59833
59834
59835
59836
59837
59838
59839
59846
59847
59848
59849
59850
59851
59852
59853
59854
59855
59856
59857
59858
59859
59860
59968
59969
59970
59973
59983
59984
59985
59986
59988
61377
61378
61379
61380
61381
61383
61384
61385
61386
61387
61388
61389
61390
61391
61928
63546
63547
63548
63549
63550
63551
63552
63553
63554
63555
63558
63559
63560
63561
63562
63563
63564
63571
63572
63573
63574
63575
63576
63577
63578
63579
63580
63581
63582
63583
64715
64716
64717
64718
64719
64720
64721
64722
64723
64724
64725
64726
64730
64731
64732
64733
64734
64735
64736
64737
64738
64739
64740
64741
64742
64750
64751
64752
64753
64754
64755
64756
64757
64758
64759
64760
64761
64762
64763
64764
64802
64803
64804
64805
64806
64807
64808
64809
64810
64811
64812
64813
64814
64815
64816
64817
64818
64819
64820
64823
64824
64825
64826
64827
64828
64829
64830
64831
64832
64833
64834
64977
64978
64979
64991
64992
64993
65026
65183
65551
65552
65553
65554
65555
65556
65557
65558
65559
65560
65561
65562
65563
65564
65565
65566
65585
65586
65587
65588
65589
65590
65591
65592
65593
65594
65595
65596
65597
65598
65599
65600
65601
65602
65603
65604
65605
65606
65641
65642
65643
65644
65645
65646
65647
65648
65649
65650
65651
65652
65653
65654
65655
65656
65657
65658
65659
65660
65661
65662
65663
65881
66324
66325
66326
66327
66328
66329
66330
66331
66332
66333
66334
66335
66336
66337
66338
66339
66340
66366
66367
66368
66369
66370
66371
66372
66373
66374
66375
66376
66377
66378
66379
66380
66381
66382
66383
66384
66385
66441
66442
66443
66444
66445
66446
66447
66448
66449
66450
66451
66452
66453
66454
66455
66456
66457
66458
66459
66543
66544
66545
66546
66547
66548
66549
66550
66551
66552
66553
66554
66555
66556
66557
66558
66559
66582
66583
66584
66585
66586
66587
66588
66589
66590
66591
66592
66593
66594
66595
66596
66597
66598
66599
66600
66601
66645
66646
66647
66648
66649
66650
66651
66652
66653
66654
66655
66656
66657
66658
66659
66684
66685
66686
66687
66688
66689
66690
66691
66712
66713
66714
66715
66716
66717
66718
66767
66768
66769
66770
66771
66772
66773
66774
66775
66959
66960
66962
66963
66964
67089
67128
67619
68068
68069
68239
68240
68241
68242
68243
68244
68246
68247
68250
68251
68252
68253
68254
68255
68261
68262
68263
68264
68273
68274
69369
69574
69575
69576
69577
69578
69579
69584
69585
69586
69587
69588
69589
69595
69596
69597
69598
69599
69600
69601
69602
69603
69604
69605
69610
69611
69612
69613
69614
69633
69634
69635
69636
69637
69638
69702
69703
69704
69705
69706
69708
69709
69710
69711
69712
69713
69714
69715
69717
69718
69871
69872
69897
70211
70212
70213
70214
70215
70216
70217
70218
70219
70221
70222
70223
70224
70225
70226
70227
70228
70229
70230
70232
70233
70246
70247
70248
70249
70250
70251
70252
70253
70254
70255
70256
70257
70258
70259
70260
70277
70278
70279
70280
70281
70282
70295
70296
70297
70298
70299
70300
70301
70302
70600
70673
70674
70675
71082
71083
71243
71244
71245
71246
71247
71248
71249
71250
71261
71262
71263
71264
71265
71266
71267
71268
71269
71276
71277
71278
71280
71281
71282
71283
71284
71285
71286
71287
71288
71289
71290
71291
71292
71318
71319
71320
71321
71322
71349
71350
71351
71463
71464
71465
71466
71467
71468
71469
71470
71471
71472
71474
71475
71476
71477
71478
71500
71501
71502
71503
71504
71505
71506
71507
71508
71509
71510
71511
71512
71525
71526
71527
71528
71529
71530
71550
71551
71552
71553
71554
71555
71556
71557
71558
71559
71565
71566
71567
71568
71569
71570
71571
71572
71573
71576
71577
71578
71579
71580
71581
71592
71593
71594
71595
72268
72269
72270
72271
72272
72273
72274
72275
72276
72277
72278
72279
72280
72281
72283
72284
72285
72286
72288
72289
72290
72291
72292
72293
72294
72295
72296
72297
72298
72299
72300
72429
72453
72498
72499
73111
73112
73113
73114
73115
73116
73117
73118
73119
73120
73121
73122
73123
73124
73125
73132
73133
73134
73135
73136
73137
73138
73139
73140
73141
73142
73143
73144
73145
73151
73152
73153
73154
73155
73156
73157
73158
73159
73160
73161
73162
73534
73607
73608
73609
73610
73611
73612
73613
73614
73615
73616
73617
73618
73619
73620
73621
73622
73623
73624
73625
73626
73627
73628
73629
73630
73631
73632
73633
73637
73638
73639
73640
73641
73642
73643
73644
73645
73646
73647
73648
73649
73650
73651
73652
73653
73654
73655
73656
73657
73658
73659
73660
73661
73662
73663
73664
73667
73668
73669
73670
73671
73672
73673
73674
73675
73676
73677
73678
73679
73680
73681
73682
73683
73684
73685
73686
73687
73825
73826
73827
73828
73829
73830
73831
73832
73833
73834
73835
73836
73838
73839
73840
73841
73842
73843
73844
73845
73846
73852
73853
73854
73855
73856
73857
73858
73859
73860
73861
73862
73863
73864
73865
73879
73880
73881
73882
73883
73884
73885
73886
73887
73888
73889
73890
73891
73892
73893
73894
73895
73896
73897
73898
73899
73900
73901
73902
73903
73904
73905
73906
73907
73908
73909
73910
73911
73912
73913
73914
73915
73916
74099
74583
74584
74585
75565
75716
75717
75718
75719
75720
75721
75722
75723
75724
75725
75726
75727
75728
75729
75730
75731
75732
75744
75745
75746
75747
75748
75749
75750
75751
75752
75753
75754
75755
75756
75757
75758
75759
75772
75773
75774
75775
75776
75777
75778
75779
75780
75781
75782
75783
75784
75785
75786
75787
75788
75789
75790
75791
75792
75793
75794
75817
76123
76124
76327
76418
76606
77506
77507
77508
77509
77510
77511
77512
77513
77514
77515
77516
77517
77518
77519
77524
77525
77526
77527
77528
77529
77530
77531
77532
77533
77534
77535
77536
77537
77538
77539
77540
77541
77562
77563
77564
77565
77566
77567
77568
77569
77570
77580
77581
77582
77583
77584
77585
77586
77587
77588
77589
77590
77591
77592
77593
77594
77595
77596
77597
77610
77611
77612
77613
77614
77615
77616
77640
77641
77642
77643
77644
77645
78124
78131
78807
79287
79288
79289
79290
79291
79292
79293
79298
79299
79300
79301
79302
79303
79304
79305
79306
79313
79314
79315
79326
79327
79328
79329
79330
79331
79332
79333
79334
79335
79336
79337
79343
79344
79345
79346
79347
79348
79349
79350
79358
79359
79360
79361
79362
79512
79513
79514
79536
79770
79771
79772
79773
79774
79775
79776
79777
79778
79779
79780
79781
79782
79783
79784
79785
79789
79790
79791
79792
79793
79794
79795
79796
79797
79798
79799
79800
79801
79802
79803
79804
79805
79806
79807
79808
79809
79810
79816
79817
79818
79819
79820
79830
80441
80443
80545
80546
80547
80548
80550
80551
81040
81041
81042
81043
81044
81045
81046
81050
81051
81052
81053
81054
81055
81056
81062
81063
81064
81065
81066
81067
81068
81069
81070
81071
81072
81073
81074
81075
81076
81077
81078
81079
81080
81081
81082
81083
81089
81090
81091
81092
81093
81094
