53
100
101
102
103
104
105
106
107
108
109
110
111
112
113
114
115
116
117
118
119
120
121
122
123
221
222
223
224
225
226
227
228
229
230
231
232
233
234
235
236
237
238
239
240
241
242
243
244
245
246
247
248
249
250
251
252
253
254
255
256
257
258
401
402
403
404
405
406
407
408
409
410
411
412
413
414
415
416
417
418
548
549
550
551
552
553
554
555
556
557
558
559
560
561
562
563
564
565
566
567
568
569
570
571
572
573
594
595
596
597
598
599
600
601
602
603
604
605
606
607
608
609
610
611
612
613
614
615
616
617
618
619
723
724
725
726
727
728
729
730
731
732
733
734
735
736
737
738
739
740
741
742
743
744
745
746
747
748
749
750
751
752
753
754
815
816
817
893
894
895
896
897
898
899
900
901
902
903
904
905
906
907
908
909
910
977
978
979
980
981
982
983
984
985
986
987
988
989
990
991
992
993
994
995
996
997
998
999
1000
1001
1002
1003
1004
1005
1006
1007
1008
1009
1010
1011
1012
1151
1152
1153
1154
1155
1156
1157
1158
1159
1160
1161
1162
1163
1164
1165
1166
1292
1293
1294
1295
1296
1297
1298
1299
1300
1301
1302
1303
1304
1305
1306
1307
1308
1309
1310
1311
1312
1313
1314
1315
1316
1317
1318
1319
1320
1321
1322
1323
1324
1325
1326
1327
1342
1343
1344
1345
1346
1347
1348
1349
1350
1351
1352
1353
1354
1355
1356
1357
1358
1359
1360
1361
1362
1363
1364
1365
1366
1367
1368
1369
1454
1455
1456
1457
1458
1459
1460
1461
1462
1463
1464
1465
1466
1467
1468
1469
1470
1471
1472
1473
1474
1475
1476
1477
1478
1479
1480
1481
1482
1483
1484
1485
1486
1487
1488
1623
1624
1625
1626
1627
1666
1667
1668
1669
1670
1671
1672
1673
1674
1675
1676
1677
1678
1679
1680
1681
1682
1683
1684
1685
1686
1687
1688
1785
1786
1787
1788
1789
1790
1791
1792
1793
1794
1795
1796
1797
1798
1799
1800
1801
1802
1803
1804
1805
1806
1807
1808
1809
1810
1811
1812
1813
1814
1815
1816
1817
1818
1819
1820
1821
1822
1946
1947
1948
1949
1950
1951
1952
1953
1954
1955
1956
1957
1958
1959
1960
1961
1962
2088
2089
2090
2091
2092
2093
2094
2095
2096
2097
2098
2099
2100
2101
2102
2103
2104
2105
2106
2107
2108
2109
2110
2111
2112
2113
2126
2127
2128
2129
2130
2131
2132
2133
2134
2135
2136
2137
2138
2139
2140
2141
2142
2143
2144
2145
2146
2147
2148
2149
2150
2151
2242
2243
2244
2245
2246
2247
2248
2249
2250
2251
2252
2253
2254
2255
2256
2257
2258
2259
2260
2261
2262
2263
2264
2265
2266
2267
2268
2269
2270
2327
2342
2364
2365
2370
2371
2407
2408
2409
2410
2411
2412
2413
2414
2455
2456
2457
2458
2459
2460
2461
2462
2463
2536
2537
2538
2539
2540
2541
2625
2626
2627
2628
2629
2630
2631
2632
2633
2634
2643
2644
2645
2646
2647
2648
2649
2698
2699
2700
2701
2702
2703
2704
2705
2706
2791
2792
2808
2809
2810
2811
2812
2813
2814
2815
2816
2817
2818
2819
2820
2821
2822
2823
2824
2825
2826
2901
2902
2903
2904
2905
2906
2907
2908
2909
2910
2911
2912
2913
2914
2915
2916
2917
2918
2919
2920
2921
2922
2923
2924
2925
2926
2927
2928
2929
2930
2931
2932
2933
3042
3043
3044
3045
3151
3152
3153
3154
3155
3156
3157
3158
3159
3160
3161
3162
3163
3164
3165
3166
3167
3168
3169
3177
3178
3179
3180
3181
3182
3183
3184
3185
3186
3187
3188
3189
3190
3191
3192
3193
3194
3263
3264
3265
3266
3267
3268
3269
3270
3271
3272
3273
3274
3275
3276
3277
3278
3279
3280
3281
3282
3283
3284
3285
3286
3340
3341
3342
3362
3363
3364
3365
3366
3367
3475
3476
3477
3478
3479
3480
3481
3482
3483
3484
3488
3489
3490
3491
3492
3493
3494
3495
3520
3521
3522
3523
3524
3525
3526
3527
3528
3529
3530
3531
3532
3555
3556
3572
3573
3574
3575
3576
3628
3629
3630
3631
3632
3633
3634
3635
3636
3637
3638
3639
3640
3641
3642
3643
3644
3645
3646
3647
3648
3649
3650
3721
3722
3723
3724
3832
3833
3834
3835
3836
3837
3838
3839
3840
3841
3842
3843
3844
3845
3846
3847
3848
3849
3860
3861
3862
3863
3864
3865
3866
3867
3868
3869
3870
3871
3929
3930
3931
3932
3933
3934
3935
3936
3937
3938
3939
3940
3941
3942
3943
3996
4005
4006
4007
4008
4009
4010
4011
4012
4013
4062
4063
4064
4065
4066
4067
4068
4069
4070
4071
4072
4073
4074
4129
4219
4220
4221
4222
4223
4224
4225
4226
4227
4228
4229
4230
4231
4232
4233
4242
4243
4244
4245
4246
4247
4248
4249
4250
4251
4307
4308
4309
4310
4311
4312
4313
4314
4315
4316
4317
4318
4319
4320
4321
4322
4323
4324
4325
4326
4351
4364
4372
4389
4392
4393
4394
4395
4396
4397
4398
4399
4400
4440
4441
4442
4443
4444
4445
4446
4447
4448
4449
4450
4451
4487
4488
4489
4555
4556
4557
4558
4559
4560
4561
4562
4563
4564
4565
4566
4567
4569
4570
4571
4572
4573
4606
4607
4608
4609
4610
4611
4612
4613
4614
4615
4647
4648
4649
4650
4674
4675
4676
4677
4678
4679
4680
4681
4745
4746
4747
4748
4749
4750
4768
4769
4770
4771
4772
4773
4829
4830
4831
4832
4833
4887
4888
4889
4890
4891
4892
4893
4894
4895
4896
4897
4898
4899
4900
4901
4902
4903
4904
4905
4906
4907
4908
4909
4910
4911
4912
5001
5002
5003
5004
5005
5006
5007
5008
5009
5010
5011
5012
5013
5014
5015
5016
5017
5018
5019
5020
5021
5022
5023
5024
5025
5026
5027
5028
5029
5030
5031
5032
5033
5034
5035
5036
5037
5170
5171
5172
5173
5174
5175
5176
5177
5178
5179
5180
5181
5302
5303
5304
5305
5306
5307
5308
5309
5310
5311
5312
5313
5314
5315
5316
5317
5318
5319
5320
5321
5322
5323
5324
5325
5326
5330
5331
5332
5333
5334
5335
5336
5337
5338
5339
5340
5341
5342
5422
5423
5424
5425
5426
5427
5428
5429
5430
5431
5432
5433
5434
5435
5436
5437
5438
5439
5440
5441
5442
5443
5444
5445
5446
5447
5448
5449
5450
5451
5497
5524
5525
5526
5558
5559
5560
5561
5562
5563
5564
5565
5566
5567
5568
5569
5570
5571
5572
5573
5574
5575
5576
5577
5640
5641
5642
5643
5644
5645
5646
5647
5648
5649
5650
5651
5652
5653
5654
5655
5656
5657
5658
5659
5660
5661
5662
5663
5664
5665
5666
5667
5668
5669
5670
5785
5786
5787
5788
5789
5790
5791
5792
5793
5794
5795
5796
5923
5924
5925
5926
5927
5928
5929
5930
5931
5932
5933
5934
5935
5936
5937
5938
5939
5940
5941
5942
5943
5944
5960
5961
5962
5963
5964
5965
5966
5967
5968
5969
5970
5971
6043
6044
6045
6046
6047
6048
6049
6050
6051
6052
6053
6054
6055
6056
6057
6058
6059
6060
6061
6062
6063
6064
6065
6066
6067
6068
6069
6070
6071
6072
6190
6191
6192
6193
6242
6243
6244
6245
6246
6247
6248
6249
6250
6251
6252
6253
6254
6255
6256
6257
6258
6259
6260
6261
6262
6263
6264
6265
6266
6267
6268
6269
6270
6271
6272
6273
6274
6275
6276
6277
6278
6379
6380
6381
6382
6383
6384
6385
6386
6387
6388
6389
6390
6391
6392
6393
6394
6395
6396
6397
6398
6399
6400
6401
6402
6403
6404
6405
6406
6407
6408
6409
6410
6411
6412
6413
6414
6415
6416
6417
6418
6419
6420
6421
6422
6423
6424
6425
6426
6427
6428
6429
6571
6572
6573
6574
6575
6576
6577
6578
6579
6580
6581
6582
6583
6584
6585
6586
6587
6588
6589
6590
6591
6721
6722
6723
6724
6725
6726
6727
6728
6729
6730
6731
6732
6733
6734
6735
6736
6737
6738
6739
6740
6741
6742
6743
6744
6745
6746
6747
6748
6749
6750
6751
6752
6753
6754
6769
6770
6771
6772
6773
6774
6775
6776
6777
6778
6779
6780
6781
6782
6783
6784
6785
6786
6787
6788
6789
6790
6791
6792
6898
6899
6900
6901
6902
6903
6904
6905
6906
6907
6908
6909
6910
6911
6912
6913
6914
6915
6916
6917
6918
6919
6920
6921
6922
6923
6924
6925
6926
6927
6928
6929
7099
7100
7101
7102
7103
7104
7105
7106
7107
7108
7109
7110
7111
7112
7113
7114
7115
7116
7117
7118
7119
7120
7121
7122
7123
7124
7125
7126
7127
7128
7129
7130
7131
7132
7133
7134
7135
7136
7222
7223
7224
7225
7226
7227
7228
7229
7230
7231
7232
7233
7234
7235
7236
7237
7238
7239
7240
7241
7242
7243
7244
7245
7246
7247
7248
7249
7250
7251
7252
7253
7254
7255
7256
7257
7258
7259
7260
7261
7411
7412
7413
7414
7415
7416
7417
7418
7419
7420
7421
7422
7559
7560
7561
7562
7563
7564
7565
7566
7567
7568
7569
7570
7571
7572
7573
7574
7575
7576
7577
7578
7579
7580
7581
7582
7583
7584
7585
7586
7587
7588
7589
7590
7591
7592
7593
7594
7595
7596
7624
7625
7626
7627
7628
7629
7630
7631
7632
7633
7634
7635
7636
7637
7638
7639
7640
7641
7642
7643
7644
7645
7646
7647
7648
7649
7650
7651
7652
7653
7654
7655
7656
7657
7658
7659
7660
7661
7662
7755
7756
7757
7758
7759
7760
7761
7762
7763
7764
7765
7766
7767
7768
7769
7770
7771
7772
7773
7774
7775
7776
7777
7778
7779
7780
7781
7782
7783
7784
7785
7786
7787
7788
7789
7790
7791
7792
7793
7794
7795
7796
7797
7798
7872
7873
7877
7914
7945
7946
7947
7948
7949
7950
7951
7952
7953
7954
7955
7956
7957
7958
7959
7960
7961
7962
7963
7964
7965
7966
8023
8024
8025
8026
8027
8028
8029
8030
8031
8032
8033
8034
8035
8036
8037
8038
8039
8040
8041
8042
8043
8044
8045
8046
8047
8048
8049
8050
8051
8052
8053
8054
8055
8168
8169
8283
8284
8285
8286
8287
8288
8289
8290
8291
8292
8293
8294
8295
8296
8297
8298
8299
8300
8301
8302
8303
8304
8305
8306
8314
8315
8316
8317
8318
8319
8320
8321
8322
8323
8324
8325
8326
8327
8328
8329
8330
8331
8399
8400
8401
8402
8403
8404
8405
8406
8407
8408
8409
8410
8411
8412
8413
8414
8415
8416
8417
8418
8419
8420
8421
8422
8423
8424
8425
8426
8427
8428
8475
8478
8484
8487
8504
8505
8530
8531
8532
8533
8534
8535
8536
8537
8614
8615
8616
8617
8644
8645
8646
8647
8665
8678
8698
8699
8700
8701
8702
8703
8704
8705
8706
8707
8708
8739
8740
8798
8799
8800
8801
8802
8803
8805
8806
8807
8808
8839
8840
8841
8842
8843
8844
8845
8846
8847
8848
8872
8879
8880
8881
8909
8920
8921
8956
8957
8958
8959
8960
8961
8962
8963
8964
8965
8966
9006
9007
9008
9009
9010
9011
9012
9013
9014
9015
9016
9017
9018
9019
9092
9093
9094
9179
9180
9181
9182
9183
9184
9185
9186
9187
9188
9189
9190
9195
9196
9197
9198
9242
9243
9244
9245
9246
9247
9248
9249
9250
9251
9252
9253
9254
9323
9324
9325
9326
9381
9382
9383
9384
9385
9386
9387
9388
9389
9390
9391
9392
9393
9394
9395
9396
9397
9398
9399
9400
9401
9402
9403
9404
9405
9406
9480
9481
9482
9483
9484
9485
9486
9487
9488
9489
9490
9491
9492
9493
9494
9495
9496
9497
9498
9499
9500
9501
9502
9503
9504
9505
9506
9507
9508
9509
9510
9511
9512
9513
9514
9515
9516
9517
9518
9519
9520
9521
9522
9670
9671
9672
9673
9674
9675
9676
9677
9678
9679
9680
9681
9682
9683
9684
9685
9686
9824
9825
9826
9827
9828
9829
9830
9831
9832
9833
9834
9835
9836
9837
9838
9839
9840
9841
9842
9843
9844
9845
9846
9847
9848
9849
9850
9851
9852
9853
9854
9855
9856
9857
9858
9880
9881
9882
9883
9884
9885
9886
9887
9888
9889
9890
9891
9892
9893
9894
9895
9896
9897
9898
9899
9900
9901
9902
9903
9992
9993
9994
9995
9996
9997
9998
9999
10000
10001
10002
10003
10004
10005
10006
10007
10008
10009
10010
10011
10012
10013
10014
10015
10016
10017
10018
10019
10020
10021
10022
10023
10024
10025
10026
10027
10028
10029
10030
10031
10108
10109
10117
10148
10149
10150
10151
10152
10153
10154
10191
10192
10258
10259
10260
10261
10262
10263
10266
10267
10268
10269
10270
10271
10300
10301
10302
10303
10304
10305
10306
10307
10308
10309
10310
10311
10326
10335
10348
10349
10350
10351
10352
10359
10360
10365
10366
10374
10439
10450
10456
10458
10467
10492
10493
10494
10495
10500
10507
10508
10546
10564
10565
10566
10567
10568
10569
10570
10571
10572
10573
10574
10575
10576
10577
10578
10579
10580
10581
10582
10583
10584
10585
10656
10657
10658
10659
10660
10661
10662
10663
10664
10665
10666
10667
10668
10669
10670
10671
10672
10673
10674
10675
10676
10677
10678
10679
10680
10681
10682
10683
10684
10685
10686
10687
10796
10797
10798
10799
10903
10904
10905
10906
10907
10908
10909
10910
10911
10912
10913
10914
10915
10916
10917
10928
10929
10930
10931
10932
10933
10934
10935
10936
10937
10938
10939
10940
10941
10942
11006
11007
11008
11009
11010
11011
11012
11013
11014
11015
11016
11017
11018
11019
11020
11021
11022
11023
11024
11025
11026
11027
11028
11029
11030
11031
11032
11033
11067
11078
11079
11087
11088
11102
11103
11104
11105
11106
11107
11108
11138
11139
11140
11141
11142
11143
11144
11145
11146
11147
11148
11149
11150
11151
11152
11195
11196
11264
11265
11268
11269
11310
11311
11312
11313
11314
11315
11316
11317
11337
11338
11343
11352
11353
11354
11357
11358
11433
11434
11435
11436
11437
11438
11439
11494
11495
11496
11497
11498
11499
11500
11501
11502
11503
11504
11505
11506
11507
11508
11509
11510
11511
11512
11513
11514
11515
11516
11517
11518
11519
11520
11521
11522
11626
11627
11628
11629
11630
11631
11632
11633
11634
11635
11636
11637
11638
11639
11640
11641
11642
11643
11644
11645
11646
11647
11648
11649
11650
11651
11652
11653
11654
11655
11656
11657
11658
11659
11660
11661
11662
11663
11664
11665
11666
11809
11810
11811
11812
11813
11814
11815
11816
11817
11818
11819
11820
11958
11959
11960
11961
11962
11963
11964
11965
11966
11967
11968
11969
11970
11971
11972
11973
11974
11975
11976
11977
11978
11979
11980
11981
11982
11983
11984
12001
12002
12003
12004
12005
12006
12007
12008
12009
12010
12011
12012
12013
12014
12015
12016
12017
12018
12019
12020
12021
12022
12023
12024
12025
12116
12117
12118
12119
12120
12121
12122
12123
12124
12125
12126
12127
12128
12129
12130
12131
12132
12133
12134
12135
12136
12137
12138
12139
12140
12141
12142
12143
12144
12145
12146
12147
12148
12149
12150
12151
12219
12226
12240
12250
12264
12280
12295
12296
12297
12298
12299
12300
12301
12302
12303
12304
12350
12351
12352
12353
12354
12355
12356
12357
12358
12359
12360
12361
12362
12363
12364
12365
12366
12367
12368
12369
12370
12371
12372
12373
12374
12375
12449
12549
12550
12551
12552
12553
12554
12555
12556
12557
12558
12559
12560
12561
12562
12563
12564
12573
12574
12575
12576
12577
12578
12579
12580
12581
12582
12640
12641
12642
12643
12644
12645
12646
12647
12648
12649
12650
12686
12735
12736
12737
12738
12739
12740
12741
12742
12743
12744
12745
12746
12747
12748
12749
12750
12751
12752
12753
12754
12755
12756
12757
12758
12759
12818
12819
12820
12821
12822
12823
12824
12825
12826
12827
12828
12829
12830
12831
12832
12833
12834
12835
12836
12837
12838
12839
12840
12841
12842
12843
12844
12845
12846
12847
12848
12849
12850
12851
12955
12956
12957
12958
12959
12960
13067
13068
13069
13070
13071
13072
13073
13074
13075
13076
13077
13078
13079
13080
13081
13082
13083
13084
13085
13086
13087
13088
13089
13090
13091
13092
13093
13094
13095
13110
13111
13112
13113
13114
13115
13116
13117
13118
13119
13120
13121
13122
13123
13124
13125
13126
13195
13196
13197
13198
13199
13200
13201
13202
13203
13204
13205
13206
13207
13208
13209
13210
13211
13212
13213
13214
13215
13216
13217
13218
13262
13278
13279
13280
13281
13282
13311
13312
13313
13314
13315
13316
13317
13318
13319
13419
13420
13421
13422
13423
13428
13429
13461
13462
13463
13464
13465
13466
13467
13468
13532
13533
13534
13535
13536
13537
13538
13539
13540
13541
13542
13543
13544
13545
13546
13547
13548
13602
13603
13604
13605
13606
13607
13608
13609
13610
13611
13612
13613
13614
13615
13616
13617
13618
13619
13620
13621
13622
13623
13624
13625
13708
13709
13710
13711
13712
13713
13714
13715
13716
13798
13799
13800
13801
13802
13803
13804
13805
13809
13810
13811
13812
13813
13814
13815
13816
13817
13818
13819
13820
13873
13874
13875
13876
13877
13878
13879
13880
13881
13882
13883
13884
13885
13886
13887
13888
13889
13946
13947
13948
13949
13950
13992
13993
13994
13995
13996
13997
13998
13999
14000
14001
14002
14003
14004
14005
14006
14007
14008
14009
14010
14011
14070
14071
14072
14073
14154
14155
14156
14157
14158
14159
14164
14165
14166
14167
14168
14216
14217
14218
14219
14220
14221
14222
14223
14224
14225
14226
14227
14228
14229
14252
14271
14291
14308
14309
14310
14311
14312
14313
14314
14315
14316
14317
14318
14319
14366
14367
14368
14369
14370
14371
14372
14373
14374
14375
14461
14462
14553
14554
14555
14556
14557
14558
14559
14560
14561
14562
14563
14574
14575
14576
14577
14578
14579
14580
14634
14635
14636
14637
14638
14639
14640
14641
14642
14643
14644
14645
14646
14647
14722
14723
14724
14725
14747
14748
14749
14750
14751
14752
14753
14754
14755
14756
14757
14758
14825
14826
14827
14828
14829
14830
14831
14832
14833
14834
14835
14836
14837
14838
14839
14840
14841
14842
14843
14844
14845
14846
14921
14922
14923
14924
14925
14926
14927
14928
14929
14930
14931
15034
15035
15036
15037
15038
15039
15040
15041
15042
15043
15045
15046
15047
15048
15049
15050
15051
15107
15108
15109
15110
15111
15112
15113
15114
15115
15116
15117
15118
15119
15120
15121
15122
15123
15170
15182
15183
15184
15185
15186
15187
15188
15189
15190
15191
15222
15223
15224
15225
15226
15227
15228
15229
15230
15231
15232
15233
15234
15235
15236
15237
15238
15239
15287
15288
15289
15290
15291
15362
15363
15364
15365
15366
15367
15368
15369
15370
15371
15414
15415
15416
15417
15418
15419
15420
15421
15422
15423
15445
15446
15447
15448
15452
15456
15484
15485
15486
15487
15488
15489
15522
15523
15524
15525
15526
15527
15528
15529
15657
15658
15659
15660
15661
15662
15663
15664
15665
15666
15667
15668
15674
15675
15676
15677
15678
15679
15680
15681
15682
15725
15726
15727
15728
15729
15730
15731
15732
15733
15775
15776
15777
15778
15779
15802
15803
15804
15881
15882
15883
15884
15885
15886
15887
15888
15890
15891
15892
15893
15917
15918
15919
15920
15921
15922
15923
15977
15978
15979
15980
15981
15982
15983
15984
15985
15986
15987
16038
16039
16040
16041
16042
16043
16044
16045
16046
16047
16048
16049
16050
16051
16052
16053
16054
16055
16056
16057
16251
16252
16253
16254
16255
16256
16257
16258
16259
16260
16261
16266
16267
16268
16269
16270
16332
16333
16334
16335
16336
16337
16338
16339
16340
16341
16342
16343
16344
16345
16382
16392
16393
16394
16395
16401
16402
16417
16418
16419
16485
16505
16513
16514
16515
16516
16517
16518
16519
16520
16557
16558
16559
16560
16561
16562
16563
16564
16565
16566
16567
16568
16569
16570
16571
16572
16573
16574
16575
16576
16577
16578
16579
16580
16581
16582
16583
16643
16715
16716
16717
16718
16719
16720
16721
16726
16727
16728
16729
16730
16731
16732
16777
16778
16779
16780
16781
16782
16783
16784
16785
16786
16787
16788
16789
16790
16791
16792
16793
16794
16877
16878
16909
16910
16911
16912
16913
16914
16915
16916
16917
16918
16919
16920
16921
16922
16923
16924
16925
16926
16927
16928
16929
16930
16931
16932
16933
16934
16935
16936
16937
17016
17017
17018
17019
17020
17021
17022
17023
17024
17025
17026
17027
17028
17029
17030
17031
17032
17033
17034
17035
17036
17037
17038
17039
17040
17041
17042
17043
17044
17045
17046
17047
17048
17156
17157
17158
17159
17160
17161
17162
17163
17164
17165
17166
17167
17286
17287
17288
17289
17290
17291
17292
17293
17294
17295
17296
17297
17298
17299
17300
17301
17302
17303
17304
17305
17306
17322
17323
17324
17325
17326
17327
17328
17329
17330
17331
17332
17333
17334
17397
17398
17399
17400
17401
17402
17403
17404
17405
17406
17407
17408
17409
17410
17411
17412
17413
17414
17415
17416
17417
17418
17419
17420
17421
17464
17474
17477
17491
17496
17511
17514
17540
17541
17562
17563
17564
17565
17566
17567
17568
17569
17570
17571
17572
17629
17630
17631
17632
17633
17634
17635
17636
17637
17638
17639
17640
17641
17642
17643
17644
17645
17646
17647
17648
17649
17650
17732
17733
17734
17735
17838
17839
17840
17841
17842
17843
17844
17845
17846
17847
17848
17849
17850
17851
17852
17853
17854
17855
17856
17857
17858
17859
17860
17863
17864
17865
17866
17867
17868
17869
17870
17871
17872
17873
17874
17930
17931
17932
17933
17934
17935
17936
17937
17938
17939
17940
17941
17942
17943
17944
17945
17946
17947
17948
17949
17950
17984
18016
18017
18018
18019
18020
18021
18022
18023
18086
18087
18088
18089
18112
18113
18114
18126
18127
18133
18159
18160
18161
18162
18183
18184
18185
18186
18187
18188
18189
18190
18191
18192
18241
18316
18317
18318
18319
18320
18321
18322
18323
18324
18325
18326
18327
18330
18331
18332
18333
18334
18376
18377
18378
18379
18380
18381
18382
18383
18384
18385
18401
18416
18435
18440
18441
18442
18443
18444
18445
18446
18476
18477
18478
18479
18480
18481
18482
18483
18484
18485
18512
18567
18568
18569
18570
18571
18572
18573
18574
18575
18576
18577
18578
18608
18609
18610
18627
18641
18642
18643
18644
18663
18664
18665
18666
18667
18668
18739
18740
18741
18742
18746
18747
18748
18770
18771
18772
18773
18774
18775
18776
18777
18793
18820
18821
18822
18853
18854
18855
18856
18857
18858
18859
18860
18886
18935
18936
18937
18938
18939
18940
18941
18942
18943
18964
18965
18966
18967
18973
18979
18997
18998
18999
19000
19001
19002
19003
19034
19035
19036
19037
19038
19039
19040
19041
19042
19043
19044
19045
19046
19047
19048
19049
19050
19104
19191
19192
19193
19194
19195
19196
19197
19198
19199
19200
19201
19204
19205
19206
19207
19208
19245
19246
19247
19248
19249
19250
19251
19252
19253
19254
19255
19256
19257
19258
19326
19327
19328
19329
19330
19331
19332
19333
19334
19335
19336
19337
19338
19339
19340
19341
19342
19343
19398
19399
19400
19401
19402
19403
19404
19405
19406
19407
19408
19409
19410
19411
19412
19413
19414
19415
19416
19417
19418
19419
19420
19504
19616
19617
19618
19619
19620
19621
19622
19623
19624
19625
19626
19627
19628
19629
19630
19631
19632
19633
19639
19640
19641
19642
19643
19644
19645
19646
19647
19648
19649
19650
19706
19707
19708
19709
19710
19711
19712
19713
19714
19715
19716
19717
19718
19719
19720
19721
19722
19723
19724
19725
19726
19727
19728
19766
19780
19781
19782
19783
19784
19785
19786
19787
19807
19808
19809
19810
19811
19812
19813
19854
19907
19908
19909
19910
19911
19912
19913
19914
19915
19919
19920
19921
19922
19923
19924
19949
19950
19951
19952
19953
19954
19955
19956
20038
20039
20040
20083
20084
20085
20086
20087
20088
20089
20090
20091
20092
20093
20094
20095
20096
20097
20098
20099
20100
20101
20102
20103
20104
20105
20106
20201
20202
20203
20204
20205
20206
20207
20208
20209
20210
20211
20212
20213
20214
20215
20216
20217
20218
20219
20220
20221
20222
20223
20224
20225
20226
20227
20228
20229
20230
20231
20232
20233
20234
20235
20236
20369
20370
20371
20372
20373
20374
20375
20376
20377
20378
20379
20380
20503
20504
20505
20506
20507
20508
20509
20510
20511
20512
20513
20514
20515
20516
20517
20518
20519
20520
20521
20522
20523
20524
20525
20526
20527
20528
20529
20530
20531
20547
20548
20549
20550
20551
20552
20553
20554
20555
20556
20557
20558
20559
20560
20561
20562
20563
20645
20646
20647
20648
20649
20650
20651
20652
20653
20654
20655
20656
20657
20658
20659
20660
20661
20662
20663
20664
20665
20666
20667
20668
20669
20670
20671
20672
20728
20729
20730
20739
20740
20755
20756
20774
20775
20776
20777
20778
20779
20780
20812
20813
20814
20815
20816
20817
20818
20819
20855
20856
20857
20922
20923
20930
20931
20954
20955
20956
20957
20958
20959
20960
20961
20962
20963
21003
21004
21005
21006
21007
21008
21009
21010
21011
21012
21063
21064
21065
21066
21067
21068
21069
21070
21071
21072
21073
21074
21075
21076
21077
21078
21079
21080
21081
21082
21083
21084
21085
21086
21087
21088
21089
21090
21091
21092
21179
21180
21181
21182
21183
21295
21296
21297
21298
21299
21300
21301
21302
21303
21304
21305
21306
21307
21308
21309
21310
21321
21322
21323
21324
21325
21326
21327
21328
21329
21330
21331
21332
21333
21334
21335
21336
21393
21394
21395
21396
21397
21398
21399
21400
21401
21402
21403
21404
21405
21459
21460
21461
21462
21463
21464
21510
21511
21526
21527
21543
21544
21545
21546
21561
21584
21585
21586
21587
21588
21589
21597
21598
21601
21612
21643
21644
21645
21646
21647
21648
21649
21650
21651
21652
21653
21654
21655
21656
21657
21658
21748
21749
21750
21751
21752
21753
21754
21778
21779
21780
21781
21782
21783
21784
21785
21804
21822
21855
21856
21857
21858
21903
21904
21905
21906
21907
21908
21909
21910
21911
21988
22040
22041
22042
22043
22044
22045
22046
22047
22048
22049
22050
22051
22052
22053
22054
22055
22138
22139
22140
22141
22142
22143
22144
22145
22146
22147
22148
22149
22150
22151
22152
22153
22154
22155
22156
22157
22158
22192
22193
22194
22195
22196
22197
22198
22199
22271
22272
22273
22274
22275
22276
22277
22278
22279
22280
22281
22282
22283
22284
22285
22322
22323
22324
22325
22326
22327
22328
22329
22330
22331
22332
22357
22358
22408
22409
22410
22411
22412
22413
22414
22415
22491
22492
22493
22494
22495
22496
22497
22498
22499
22500
22501
22502
22503
22504
22505
22506
22617
22618
22619
22620
22690
22691
22692
22693
22694
22695
22696
22697
22698
22699
22700
22701
22702
22703
22704
22705
22706
22707
22708
22709
22710
22711
22712
22812
22813
22814
22815
22816
22817
22818
22819
22820
22821
22822
22823
22824
22825
22826
22827
22828
22829
22830
22831
22832
22833
22834
22903
22904
22905
22906
22907
22908
22909
22910
22911
22912
22913
22914
23009
23010
23011
23012
23013
23014
23015
23016
23017
23018
23019
23020
23021
23022
23023
23024
23025
23026
23027
23028
23029
23030
23031
23032
23033
23096
23097
23098
23099
23100
23101
23102
23103
23104
23105
23106
23107
23108
23109
23110
23111
23112
23113
23114
23115
23116
23117
23118
23119
23120
23142
23154
23213
23214
23215
23261
23262
23263
23264
23279
23280
23281
23282
23283
23284
23285
23315
23316
23317
23318
23319
23342
23343
23344
23345
23346
23347
23349
23350
23378
23379
23380
23397
23398
23443
23444
23456
23457
23458
23459
23508
23509
23510
23511
23512
23513
23514
23515
23516
23517
23518
23543
23544
23545
23583
23584
23585
23586
23587
23601
23602
23603
23604
23616
23617
23618
23619
23644
23645
23668
23669
23678
23690
23691
23710
23723
23724
23735
23736
23738
23775
23776
23777
23778
23779
23780
23781
23782
23850
23851
23852
23853
23854
23855
23856
23937
23938
23939
23990
23991
23992
23993
23994
23995
23996
23997
23998
23999
24000
24001
24089
24090
24091
24092
24093
24094
24095
24096
24097
24098
24099
24100
24101
24102
24103
24104
24105
24106
24107
24108
24109
24110
24111
24112
24113
24114
24162
24163
24164
24165
24166
24167
24168
24169
24170
24171
24172
24173
24174
24248
24249
24250
24251
24252
24253
24254
24255
24256
24257
24258
24304
24305
24306
24307
24308
24309
24310
24311
24312
24313
24323
24324
24330
24331
24332
24379
24380
24381
24422
24423
24424
24425
24426
24427
24428
24429
24445
24446
24447
24448
24484
24485
24486
24487
24488
24508
24510
24521
24539
24540
24541
24553
24554
24555
24556
24557
24606
24607
24608
24609
24610
24611
24612
24613
24659
24660
24661
24662
24663
24664
24665
24666
24667
24668
24673
24708
24709
24710
24711
24712
24713
24714
24715
24716
24728
24729
24731
24732
24733
24734
24741
24742
24792
24793
24794
24795
24799
24800
24826
24827
24868
24869
24870
24871
24872
24873
24874
24875
24876
24877
24878
24922
24923
24924
24925
25059
25060
25061
25062
25063
25064
25065
25066
25067
25068
25069
25168
25169
25170
25171
25172
25173
25174
25175
25176
25177
25178
25179
25180
25181
25182
25183
25184
25185
25186
25187
25188
25241
25242
25243
25244
25245
25246
25247
25248
25249
25334
25335
25336
25337
25338
25339
25340
25341
25342
25343
25344
25345
25346
25397
25398
25399
25400
25401
25402
25403
25404
25405
25422
25423
25442
25443
25492
25493
25494
25515
25516
25517
25518
25564
25565
25566
25567
25568
25569
25570
25571
25572
25573
25594
25595
25625
25626
25627
25628
25629
25630
25631
25632
25650
25665
25679
25690
25745
25746
25747
25748
25749
25816
25817
25818
25819
25820
25821
25822
25823
25824
25825
25826
25827
25828
25829
25830
25831
25974
25975
25976
25977
25978
25979
25980
25981
25982
25983
25984
25985
25986
25987
25988
25989
25990
25991
25992
26093
26094
26095
26096
26097
26098
26099
26100
26101
26102
26103
26104
26105
26106
26107
26108
26109
26110
26111
26172
26173
26174
26175
26176
26177
26178
26179
26180
26181
26182
26183
26262
26263
26264
26265
26266
26267
26268
26269
26270
26271
26272
26273
26274
26275
26276
26277
26278
26279
26280
26281
26282
26283
26336
26337
26338
26339
26340
26341
26342
26343
26344
26345
26346
26347
26348
26349
26366
26393
26411
26412
26435
26436
26437
26438
26459
26460
26463
26468
26481
26482
26483
26537
26538
26539
26549
26577
26622
26623
26624
26625
26626
26627
26628
26629
26630
26691
26692
26693
26694
26695
26696
26697
26698
26699
26700
26701
26702
26703
26704
26791
26792
26793
26794
26859
26860
26861
26862
26863
26864
26865
26866
26867
26868
26869
26870
26871
26872
26873
26874
26875
26876
26877
26878
26963
26964
26965
26966
26967
26968
26969
26970
26971
26972
26973
26974
26975
26976
26977
26978
26979
26980
26981
26982
26983
26984
26985
26986
26987
27029
27030
27031
27032
27033
27034
27035
27036
27037
27038
27039
27040
27118
27119
27120
27121
27122
27123
27124
27125
27126
27127
27128
27129
27130
27131
27132
27133
27134
27135
27136
27137
27195
27196
27197
27198
27199
27200
27201
27202
27203
27204
27205
27206
27207
27208
27227
27228
27229
27239
27240
27241
27242
27243
27289
27290
27310
27311
27312
27363
27364
27365
27366
27367
27368
27369
27370
27371
27390
27391
27433
27434
27435
27436
27450
27451
27486
27487
27488
27489
27531
27532
27533
27534
27535
27536
27537
27613
27649
27650
27651
27652
27653
27654
27655
27656
27657
27658
27659
27728
27729
27730
27731
27732
27733
27734
27735
27736
27737
27738
27739
27740
27775
27776
27777
27778
27842
27843
27844
27845
27846
27847
27848
27849
27850
27851
27852
27882
27883
27884
27885
27886
27887
27888
27910
27911
27924
27925
27926
27927
28015
28016
28017
28087
28088
28089
28090
28091
28092
28118
28119
28120
28175
28176
28177
28178
28179
28180
28181
28203
28204
28232
28233
28234
28281
28282
28283
28284
28285
28286
28356
28397
28398
28399
28400
28401
28402
28403
28404
28405
28406
28407
28488
28489
28490
28491
28492
28493
28494
28495
28535
28536
28537
28538
28539
28540
28541
28542
28613
28614
28615
28616
28617
28618
28619
28620
28650
28651
28652
28653
28654
28655
28656
28657
28658
28659
28660
28661
28662
28663
28664
28672
28673
28701
28702
28718
28719
28720
28744
28745
28746
28773
28774
28775
28814
28815
28816
28817
28818
28819
28820
28821
28822
28823
28824
28901
28944
28945
28946
28947
28948
28949
28950
28951
28952
28953
28954
28955
29043
29044
29045
29046
29047
29048
29049
29050
29051
29052
29053
29054
29055
29056
29057
29101
29102
29103
29104
29105
29106
29107
29108
29109
29110
29180
29181
29182
29183
29184
29185
29186
29187
29188
29189
29190
29191
29192
29226
29227
29228
29229
29230
29231
29232
29233
29234
29235
29268
29269
29270
29271
29272
29273
29274
29331
29332
29333
29334
29335
29336
29337
29338
29339
29412
29413
29414
29457
29458
29459
29460
29461
29462
29463
29464
29465
29466
29467
29468
29469
29470
29471
29472
29473
29554
29555
29556
29557
29558
29559
29560
29561
29562
29563
29564
29565
29566
29567
29568
29569
29570
29571
29572
29614
29615
29616
29617
29618
29619
29620
29621
29622
29623
29624
29625
29626
29700
29701
29702
29703
29704
29705
29706
29707
29737
29738
29739
29740
29741
29742
29767
29768
29808
29809
29810
29811
29812
29813
29814
29879
29880
29881
29882
29923
29924
29925
29926
29927
29928
30001
30002
30003
30004
30005
30006
30007
30008
30009
30010
30011
30012
30013
30014
30015
30053
30054
30055
30115
30116
30117
30118
30119
30120
30121
30122
30123
30124
30150
30151
30152
30153
30154
30155
30156
30157
30158
30159
30160
30172
30212
30213
30236
30237
30258
30268
30269
30270
30271
30272
30311
30312
30313
30314
30315
30316
30317
30375
30376
30377
30378
30379
30380
30381
30382
30383
30466
30467
30468
30517
30518
30519
30520
30521
30522
30523
30524
30525
30526
30527
30528
30529
30615
30616
30617
30618
30619
30620
30621
30622
30623
30624
30625
30626
30627
30628
30629
30630
30631
30632
30633
30677
30678
30679
30680
30681
30682
30683
30684
30685
30686
30687
30768
30769
30770
30771
30772
30773
30774
30775
30776
30777
30778
30779
30780
30781
30782
30783
30784
30785
30829
30830
30831
30832
30833
30834
30835
30836
30837
30838
30839
30840
30841
30842
30861
30862
30881
30884
30885
30936
30937
30938
30983
30984
30985
30986
30987
31000
31032
31033
31034
31043
31044
31045
31088
31089
31090
31132
31133
31134
31135
31136
31137
31138
31139
31219
31220
31221
31222
31223
31224
31225
31293
31294
31295
31296
31297
31298
31299
31300
31301
31302
31303
31304
31305
31333
31334
31335
31336
31337
31338
31339
31340
31406
31407
31408
31409
31410
31430
31431
31432
31505
31506
31507
31508
31509
31510
31511
31512
31513
31514
31588
31589
31590
31591
31592
31593
31594
31595
31596
31710
31711
31712
31713
31714
31715
31716
31717
31718
31719
31720
31721
31722
31723
31724
31725
31755
31756
31757
31758
31759
31760
31761
31762
31763
31905
31906
31907
31908
31909
31910
31911
31912
31913
31914
31915
31916
31917
31918
31919
31920
31927
31928
31929
31930
31939
31954
32032
32033
32034
32035
32036
32037
32038
32039
32040
32041
32042
32043
32044
32045
32046
32047
32048
32049
32050
32051
32052
32167
32168
32169
32170
32171
32172
32173
32174
32175
32176
32177
32178
32179
32180
32181
32182
32183
32184
32185
32186
32187
32188
32189
32190
32307
32308
32309
32310
32311
32312
32313
32314
32315
32316
32317
32318
32319
32320
32321
32322
32323
32324
32325
32326
32327
32328
32329
32330
32380
32381
32382
32383
32384
32385
32386
32387
32388
32389
32390
32391
32392
32393
32394
32486
32487
32488
32550
32551
32552
32553
32554
32555
32556
32557
32558
32559
32560
32561
32562
32563
32564
32565
32566
32567
32568
32569
32570
32571
32572
32573
32574
32575
32576
32577
32578
32579
32580
32604
32605
32606
32607
32608
32609
32610
32644
32645
32646
32722
32723
32724
32725
32726
32789
32790
32791
32792
32793
32794
32809
32842
32843
32844
32845
32846
32847
32848
32918
32919
32920
32921
32928
32929
32986
32987
32988
32989
32990
32991
32992
32993
32994
32995
33012
33013
33014
33030
33037
33052
33053
33054
33055
33074
33094
33095
33096
33116
33117
33187
33188
33189
33190
33191
33192
33193
33194
33195
33196
33197
33198
33199
33200
33201
33202
33203
33204
33205
33206
33284
33285
33286
33287
33288
33289
33389
33390
33391
33392
33393
33394
33395
33396
33397
33398
33399
33400
33401
33402
33403
33404
33405
33406
33407
33408
33432
33433
33434
33435
33436
33437
33438
33439
33532
33592
33593
33594
33595
33596
33597
33598
33599
33600
33601
33602
33603
33604
33605
33606
33607
33608
33609
33610
33611
33612
33613
33614
33615
33616
33619
33647
33648
33649
33650
33651
33652
33728
33729
33730
33731
33794
33795
33796
33797
33798
33799
33800
33801
33802
33803
33804
33809
33826
33864
33865
33866
33867
33868
33869
33870
33902
33903
33904
33953
33954
33955
33956
33957
33958
33959
33960
33961
33962
33963
34036
34037
34038
34039
34040
34041
34073
34100
34101
34102
34103
34107
34138
34139
34201
34202
34203
34204
34205
34206
34207
34208
34209
34210
34211
34290
34291
34292
34293
34294
34295
34296
34297
34298
34299
34412
34413
34414
34415
34416
34417
34418
34419
34420
34421
34422
34423
34424
34425
34426
34466
34467
34468
34469
34470
34471
34472
34473
34474
34475
34476
34477
34583
34584
34585
34586
34587
34588
34589
34650
34651
34652
34653
34654
34655
34656
34657
34658
34659
34660
34661
34662
34663
34664
34665
34666
34667
34668
34669
34670
34671
34672
34673
34674
34675
34676
34686
34687
34732
34733
34734
34735
34736
34737
34738
34739
34740
34741
34777
34778
34779
34780
34847
34848
34849
34850
34851
34852
34853
34854
34855
34873
34874
34875
34876
34877
34878
34879
34956
34957
34958
34959
34960
34987
35094
35095
35096
35097
35098
35099
35100
35101
35102
35103
35104
35105
35106
35107
35108
35109
35110
35111
35112
35113
35215
35216
35217
35218
35219
35220
35221
35222
35223
35224
35349
35350
35351
35352
35353
35354
35355
35356
35357
35358
35359
35360
35361
35362
35363
35364
35365
35366
35367
35368
35369
35370
35371
35372
35416
35417
35418
35419
35420
35421
35422
35423
35424
35425
35426
35427
35428
35429
35537
35538
35539
35607
35608
35609
35610
35611
35612
35613
35614
35615
35616
35617
35618
35619
35620
35621
35622
35623
35624
35625
35626
35627
35628
35629
35642
35643
35644
35645
35654
35668
35690
35697
35710
35711
35736
35737
35740
35771
35796
35797
35800
35801
35824
35825
35826
35899
35900
35901
35902
35903
35904
35905
35906
35907
35908
35909
35910
35911
35912
35913
35914
35915
36005
36006
36007
36008
36009
36010
36011
36012
36013
36014
36015
36016
36017
36018
36019
36020
36136
36137
36138
36139
36140
36141
36142
36143
36144
36145
36146
36147
36148
36149
36150
36151
36152
36153
36154
36189
36190
36191
36192
36193
36194
36195
36196
36197
36198
36199
36200
36201
36301
36302
36303
36360
36361
36362
36363
36364
36365
36366
36367
36368
36369
36370
36371
36372
36373
36374
36375
36376
36377
36378
36379
36380
36381
36382
36390
36391
36392
36393
36394
36395
36445
36446
36447
36448
36449
36450
36451
36484
36553
36554
36555
36556
36557
36558
36569
36570
36571
36572
36653
36703
36704
36705
36706
36707
36708
36709
36752
36753
36754
36755
36756
36757
36846
36847
36848
36849
36850
36851
36852
36853
36854
36855
36856
36857
36870
36871
36872
36873
36874
36875
36876
36877
36945
36946
36947
36991
36992
36993
36994
36995
36996
36997
36998
36999
37000
37001
37002
37003
37004
37005
37006
37007
37009
37010
37011
37012
37013
37064
37065
37066
37067
37068
37069
37070
37119
37120
37121
37122
37123
37124
37198
37199
37200
37201
37202
37203
37204
37205
37206
37207
37208
37209
37210
37211
37212
37213
37230
37231
37275
37304
37305
37306
37307
37308
37309
37310
37311
37312
37313
37314
37315
37316
37317
37322
37323
37324
37384
37385
37386
37387
37388
37389
37390
37391
37392
37393
37459
37460
37461
37462
37463
37464
37465
37466
37467
37468
37469
37558
37559
37560
37561
37562
37563
37564
37565
37566
37567
37568
37569
37570
37571
37572
37573
37602
37603
37604
37605
37606
37607
37608
37609
37610
37677
37724
37725
37726
37727
37728
37729
37730
37731
37732
37733
37734
37735
37736
37745
37746
37747
37748
37762
37763
37764
37800
37818
37819
37820
37821
37884
37885
37886
37887
37888
37889
37890
37891
37892
37893
37894
37895
37896
37897
37898
37967
37968
37969
37970
37971
37972
37973
37974
37975
37976
38083
38084
38085
38086
38087
38088
38089
38090
38091
38092
38093
38094
38095
38123
38124
38125
38126
38127
38128
38129
38130
38131
38132
38133
38134
38135
38215
38216
38217
38218
38219
38220
38221
38222
38223
38280
38281
38282
38283
38284
38285
38286
38287
38288
38289
38290
38291
38292
38293
38294
38295
38296
38297
38298
38302
38303
38369
38370
38371
38372
38373
38374
38375
38376
38377
38378
38379
38380
38381
38449
38450
38451
38452
38453
38454
38455
38456
38457
38564
38565
38566
38567
38568
38569
38570
38571
38572
38573
38574
38575
38576
38600
38601
38602
38603
38604
38605
38674
38675
38732
38733
38734
38735
38736
38737
38738
38739
38741
38742
38743
38744
38800
38801
38802
38803
38804
38805
38806
38807
38808
38860
38861
38862
38863
38864
38962
38963
38964
38965
38966
38967
38968
38969
38970
38971
38972
38973
38974
38975
38992
38993
38994
38995
38996
38997
38998
39060
39061
39062
39102
39103
39104
39105
39106
39107
39108
39109
39110
39111
39112
39113
39116
39117
39118
39135
39154
39176
39177
39208
39209
39210
39211
39279
39280
39281
39282
39283
39284
39285
39286
39287
39288
39289
39290
39291
39292
39293
39294
39295
39296
39384
39385
39386
39387
39388
39389
39390
39391
39392
39393
39394
39395
39507
39508
39509
39510
39511
39512
39513
39514
39515
39516
39517
39518
39519
39520
39521
39522
39523
39557
39558
39559
39560
39561
39562
39563
39564
39565
39566
39596
39597
39662
39663
39664
39665
39724
39725
39726
39727
39728
39729
39730
39731
39732
39733
39734
39735
39736
39737
39738
39739
39740
39741
39747
39748
39749
39750
39751
39752
39753
39754
39755
39757
39829
39830
39872
39873
39913
39914
39915
39916
39917
39918
39923
39980
39981
39982
39983
39984
40036
40037
40126
40127
40128
40150
40151
40253
40254
40255
40256
40257
40258
40259
40260
40261
40267
40268
40272
40285
40319
40345
40346
40347
40348
40407
40408
40432
40433
40434
40435
40436
40437
40438
40439
40440
40441
40497
40498
40499
40500
40501
40502
40503
40504
40505
40506
40527
40528
40529
40530
40587
40588
40589
40590
40591
40608
40609
40632
40633
40634
40662
40663
40664
40665
40666
40740
40741
40742
40765
40766
40830
40831
40832
40833
40834
40835
40836
40837
40838
40839
40867
40927
40928
40929
40930
40931
40932
40933
40948
40949
40950
40951
40998
41055
41056
41102
41103
41104
41105
41106
41107
41108
41109
41110
41111
41112
41113
41129
41130
41131
41132
41133
41134
41135
41136
41137
41138
41139
41140
41141
41174
41175
41184
41189
41194
41197
41198
41241
41242
41243
41244
41245
41259
41260
41289
41299
41300
41341
41342
41343
41344
41345
41355
41394
41395
41396
41404
41405
41436
41471
41472
41473
41474
41475
41516
41552
41560
41596
41597
41598
41599
41636
41637
41638
41639
41640
41641
41642
41714
41715
41742
41743
41744
41745
41746
41813
41814
41815
41816
41837
41838
41839
41840
41841
41842
41843
41844
41845
41899
41900
41901
41902
41903
41904
41905
41906
41940
41941
41942
41943
41944
41945
41946
41947
41948
41949
41950
41974
41975
41991
42007
42008
42025
42026
42027
42028
42056
42057
42058
42059
42060
42061
42062
42063
42133
42134
42176
42177
42178
42179
42180
42181
42182
42183
42184
42201
42202
42203
42204
42242
42243
42244
42260
42261
42262
42263
42264
42265
42266
42287
42331
42332
42371
42372
42373
42374
42375
42376
42510
42511
42512
42513
42514
42515
42516
42517
42518
42589
42590
42591
42592
42593
42594
42595
42596
42597
42598
42599
42600
42601
42602
42603
42604
42605
42606
42607
42638
42639
42640
42641
42642
42643
42644
42708
42709
42710
42711
42712
42740
42752
42775
42809
42810
42811
42812
42813
42814
42815
42816
42817
42818
42819
42820
42861
42862
42863
42864
42865
42866
42929
42950
42951
42952
42953
42954
42955
42956
42957
42958
43032
43033
43034
43035
43036
43037
43038
43039
43040
43041
43042
43043
43072
43073
43074
43075
43076
43077
43078
43079
43136
43137
43138
43139
43140
43141
43142
43143
43144
43145
43146
43147
43148
43180
43181
43182
43183
43184
43185
43186
43187
43199
43206
43207
43208
43247
43248
43249
43269
43270
43271
43272
43278
43279
43294
43295
43296
43297
43298
43304
43380
43393
43394
43395
43437
43438
43439
43451
43489
43490
43491
43492
43493
43494
43499
43500
43501
43502
43503
43504
43508
43530
43574
43575
43601
43613
43614
43642
43794
43795
43796
43826
43827
43828
43829
43838
43839
43840
43841
43842
43874
43960
43961
43980
43981
43982
43983
43984
43985
43986
44026
44027
44028
44029
44030
44046
44047
44048
44049
44050
44094
44095
44096
44097
44098
44099
44100
44109
44185
44186
44187
44188
44189
44190
44191
44192
44193
44194
44195
44271
44311
44312
44313
44314
44315
44316
44317
44318
44319
44320
44387
44388
44389
44390
44391
44392
44393
44394
44395
44396
44397
44398
44399
44437
44438
44439
44502
44503
44504
44505
44534
44535
44536
44537
44538
44539
44604
44605
44629
44630
44654
44655
44692
44693
44694
44695
44696
44707
44708
44754
44755
44756
44757
44758
44759
44760
44761
44762
44763
44764
44765
44766
44767
44768
44827
44828
44829
44830
44831
44832
44833
44834
44835
44836
44837
44838
44839
44911
44912
44913
44914
44915
44916
44917
44959
44960
44961
44962
44963
44964
44965
44966
44967
44968
44969
44970
44971
44972
44973
44974
44975
44976
44977
45057
45058
45059
45060
45061
45062
45063
45064
45065
45066
45067
45068
45069
45070
45071
45109
45110
45111
45112
45113
45114
45115
45116
45117
45118
45119
45120
45121
45122
45123
45189
45190
45191
45192
45193
45194
45195
45196
45197
45198
45199
45200
45201
45202
45203
45204
45205
45247
45248
45249
45250
45251
45252
45253
45254
45255
45256
45257
45258
45259
45260
45261
45267
45280
45281
45283
45320
45321
45368
45369
45370
45371
45372
45373
45417
45439
45440
45522
45523
45524
45525
45526
45527
45528
45529
45530
45589
45590
45591
45621
45622
45623
45624
45625
45626
45627
45628
45629
45697
45698
45699
45700
45701
45702
45703
45704
45705
45706
45707
45708
45709
45710
45726
45727
45728
45729
45730
45731
45732
45789
45790
45791
45792
45793
45794
45795
45796
45797
45798
45799
45828
45829
45830
45831
45850
45873
45892
45893
45909
45954
45966
45967
45994
45995
45996
46025
46026
46027
46042
46065
46145
46146
46147
46148
46149
46150
46151
46152
46153
46154
46155
46156
46157
46158
46159
46160
46253
46254
46255
46256
46257
46258
46259
46379
46380
46381
46382
46383
46384
46385
46386
46387
46388
46389
46390
46391
46392
46393
46394
46395
46396
46423
46424
46425
46426
46427
46428
46429
46430
46522
46523
46524
46525
46526
46527
46528
46529
46530
46592
46593
46594
46595
46596
46597
46598
46599
46600
46601
46602
46603
46604
46605
46606
46607
46608
46609
46610
46611
46612
46617
46684
46685
46686
46687
46688
46689
46690
46691
46692
46693
46694
46695
46758
46759
46760
46761
46874
46875
46876
46877
46878
46879
46880
46881
46882
46883
46884
46885
46886
46887
46888
46889
46913
46914
47005
47066
47067
47068
47069
47070
47071
47072
47073
47074
47075
47076
47077
47078
47079
47080
47081
47082
47088
47089
47162
47163
47164
47165
47166
47167
47168
47169
47170
47171
47172
47173
47174
47175
47243
47244
47245
47246
47247
47248
47365
47366
47367
47368
47393
47394
47395
47396
47397
47398
47399
47464
47465
47466
47523
47524
47525
47526
47527
47528
47529
47530
47531
47532
47533
47534
47535
47536
47537
47538
47539
47540
47554
47555
47557
47570
47571
47599
47600
47601
47602
47676
47677
47678
47688
47728
47729
47730
47731
47789
47790
47791
47792
47793
47794
47795
47796
47855
47856
47857
47858
47859
47860
47861
47948
47949
47950
47951
47952
47953
47954
47955
47956
47957
47969
47970
47971
47972
47973
47974
47975
47976
48017
48018
48064
48065
48066
48067
48068
48069
48070
48071
48072
48073
48074
48075
48076
48077
48079
48080
48096
48097
48098
48099
48110
48134
48135
48136
48137
48166
48167
48168
48169
48170
48171
48172
48223
48224
48225
48226
48227
48228
48229
48230
48265
48342
48343
48344
48345
48354
48355
48356
48357
48358
48359
48360
48361
48362
48363
48416
48449
48450
48451
48452
48453
48454
48455
48456
48457
48458
48460
48485
48486
48557
48558
48565
48566
48567
48630
48631
48632
48633
48634
48646
48717
48770
48781
48782
48831
48833
48834
48835
48836
48849
48868
48869
48874
48887
48891
48892
48893
48958
48959
48960
48961
48962
48963
48964
48965
48966
48967
48968
48969
48970
48971
48972
49037
49038
49039
49040
49041
49042
49043
49044
49045
49046
49047
49048
49049
49160
49161
49162
49163
49164
49165
49166
49167
49168
49169
49170
49171
49172
49196
49197
49198
49199
49200
49201
49202
49203
49204
49271
49272
49273
49331
49332
49333
49334
49335
49336
49337
49338
49339
49340
49341
49342
49347
49404
49405
49406
49407
49408
49409
49410
49411
49412
49413
49414
49448
49449
49450
49546
49547
49548
49549
49550
49559
49560
49561
49613
49664
49665
49666
49667
49668
49669
49670
49671
49672
49673
49674
49675
49676
49677
49678
49679
49680
49681
49682
49763
49764
49765
49766
49767
49768
49769
49770
49771
49772
49773
49774
49775
49776
49777
49778
49866
49867
49868
49869
49989
49990
49991
49992
49993
49994
49995
49996
49997
49998
49999
50000
50001
50002
50038
50039
50040
50041
50042
50043
50044
50045
50046
50047
50048
50049
50128
50129
50192
50193
50194
50195
50196
50197
50198
50199
50200
50201
50202
50203
50204
50205
50206
50207
50208
50209
50210
50211
50212
50218
50219
50220
50304
50305
50306
50307
50308
50309
50310
50311
50312
50313
50314
50315
50316
50317
50318
50319
50320
50321
50322
50440
50441
50442
50443
50444
50445
50446
50447
50448
50449
50450
50451
50452
50453
50454
50455
50456
50586
50587
50588
50589
50590
50591
50592
50593
50594
50595
50596
50597
50598
50599
50600
50601
50602
50603
50604
50605
50606
50607
50608
50609
50610
50611
50612
50613
50614
50683
50684
50685
50686
50687
50688
50689
50690
50691
50692
50693
50694
50695
50696
50697
50698
50699
50700
50801
50802
50803
50804
50805
50806
50880
50881
50882
50883
50884
50885
50886
50887
50888
50889
50890
50891
50892
50893
50894
50895
50896
50897
50898
50899
50900
50901
50902
50903
50904
50905
50913
50914
50915
50916
50917
50918
50983
50984
50985
50986
51053
51054
51055
51056
51155
51156
51157
51158
51159
51160
51161
51162
51163
51208
51209
51210
51211
51269
51270
51324
51325
51326
51327
51328
51329
51330
51331
51332
51333
51334
51362
51375
51376
51392
51393
51394
51406
51407
51408
51429
51430
51432
51455
51497
51505
51506
51511
51525
51555
51556
51593
51594
51595
51596
51657
51714
51715
51716
51717
51718
51719
51720
51721
51808
51809
51810
51811
51812
51813
51814
51815
51816
51817
51818
51819
51820
51821
51822
51823
51916
51917
51918
51919
51920
51921
51922
51923
52043
52044
52045
52046
52047
52048
52049
52050
52051
52052
52053
52054
52055
52056
52057
52058
52059
52060
52093
52094
52095
52096
52097
52098
52099
52100
52101
52102
52103
52216
52217
52218
52284
52285
52286
52287
52288
52289
52290
52291
52292
52293
52294
52295
52296
52297
52298
52299
52300
52301
52305
52306
52307
52308
52309
52310
52349
52350
52351
52352
52353
52415
52416
52422
52423
52424
52466
52467
52469
52485
52491
52516
52535
52544
52545
52547
52548
52549
52554
52555
52556
52557
52560
52625
52626
52627
52628
52629
52676
52677
52678
52679
52680
52681
52682
52774
52775
52776
52777
52778
52779
52780
52781
52782
52799
52800
52801
52802
52803
52804
52805
52806
52807
52828
52908
52909
52910
52911
52912
52913
52914
52915
52916
52917
52918
52920
52921
52948
52949
52993
53000
53001
53002
53003
53041
53042
53043
53044
53045
53046
53047
53132
53133
53134
53135
53136
53137
53138
53139
53140
53141
53142
53143
53144
53145
53146
53147
53148
53149
53150
53230
53231
53232
53233
53234
53235
53236
53237
53359
53360
53361
53362
53363
53364
53365
53366
53367
53368
53369
53370
53371
53372
53373
53374
53375
53376
53377
53378
53404
53405
53406
53407
53408
53409
53410
53558
53559
53560
53561
53562
53563
53564
53565
53566
53567
53568
53569
53570
53571
53572
53573
53574
53575
53576
53577
53578
53579
53580
53581
53582
53583
53584
53585
53586
53593
53599
53655
53656
53657
53658
53659
53660
53661
53662
53663
53664
53665
53666
53703
53704
53705
53706
53707
53793
53794
53795
53796
53797
53798
53799
53807
53808
53809
53810
53811
53812
53813
53814
53848
53849
53850
53851
53893
53894
53895
53896
53897
53898
53899
53900
53903
53904
53966
53967
53968
53969
53970
53971
53972
53973
53974
53975
54035
54036
54037
54038
54135
54136
54137
54138
54139
54140
54141
54142
54161
54162
54163
54224
54225
54226
54266
54267
54268
54269
54270
54271
54272
54273
54278
54279
54280
54281
54296
54297
54298
54299
54346
54347
54348
54349
54365
54366
54367
54368
54424
54425
54426
54427
54428
54429
54430
54431
54432
54465
54550
54551
54552
54553
54564
54565
54566
54567
54568
54569
54570
54571
54572
54639
54640
54641
54642
54643
54644
54645
54696
54697
54698
54699
54700
54701
54733
54734
54810
54817
54818
54819
54820
54821
54878
54879
54880
54881
54882
54883
54884
54885
54886
54887
54899
54900
54939
54940
54941
54957
54958
54964
54965
54993
54994
54995
54996
54997
54998
55001
55002
55003
55004
55005
55008
55009
55066
55067
55068
55069
55070
55071
55072
55073
55111
55112
55140
55141
55142
55143
55144
55145
55155
55156
55164
55165
55166
55167
55206
55207
55208
55211
55212
55213
55214
55215
55256
55257
55285
55286
55287
55288
55289
55290
55291
55292
55332
55345
55365
55366
55367
55386
55410
55411
55412
55413
55414
55415
55416
55417
55418
55433
55434
55435
55436
55437
55438
55439
55440
55441
55442
55443
55453
55454
55455
55456
55457
55458
55459
55460
55462
55554
55555
55556
55569
55570
55576
55602
55603
55604
55605
55614
55615
55616
55658
55666
55667
55668
55673
55697
55698
55699
55700
55715
55716
55717
55718
55719
55720
55721
55733
55734
55735
55736
55737
55738
55750
55754
55755
55762
55776
55777
55778
55785
55788
55789
55790
55791
55792
55793
55794
55795
55796
55797
55798
55799
55800
55801
55824
55825
55826
55827
55828
55838
55881
55894
55903
55929
55930
55931
55932
55933
55934
55945
55965
55967
56075
56076
56077
56078
56085
56086
56093
56094
56099
56100
56114
56115
56116
56117
56118
56119
56120
56133
56134
56144
56145
56146
56147
56148
56150
56168
56169
56170
56171
56172
56176
56177
56178
56179
56180
56181
56201
56202
56205
56206
56207
56242
56243
56244
56275
56298
56299
56308
56309
56310
56313
56314
56320
56321
56322
56331
56332
56333
56349
56358
56361
56362
56363
56364
56365
56366
56367
56368
56369
56370
56371
56372
56373
56396
56397
56398
56399
56400
56437
56438
56439
56440
56447
56451
56472
56473
56474
56491
56492
56493
56494
56495
56503
56600
56602
56616
56617
56627
56628
56635
56639
56640
56651
56664
56665
56815
56816
56817
56820
56830
56843
56844
56845
56846
56847
56848
56861
56862
56863
56864
56878
56897
56898
56899
56900
56901
56915
56916
56917
56918
56919
56920
56921
56922
56923
56930
56931
56932
56933
56934
56935
56936
56937
56938
56939
56940
56941
56942
56966
56987
56988
56989
56990
57008
57049
57050
57051
57052
57053
57064
57065
57066
57074
57075
57077
57078
57079
57107
57185
57186
57197
57288
57289
57290
57291
57297
57298
57299
57300
57301
57319
57320
57343
57344
57401
57404
57405
57443
57444
57445
57446
57460
57461
57472
57473
57474
57475
57476
57480
57481
57482
57483
57484
57486
57640
57641
57642
57682
57683
57684
57685
57686
57687
57688
57700
57701
57702
57712
57713
57721
57722
57723
57745
57747
57754
57755
57756
57757
57758
57763
57764
57768
57775
57782
57794
57802
57803
57804
57805
57806
57807
57808
57809
57810
57811
57930
57931
57932
57933
57952
57971
57972
57973
57975
57989
57990
57991
57992
57993
57994
57995
57998
58010
58011
58012
58013
58014
58016
58017
58018
58030
58031
58032
58045
58046
58047
58051
58126
58127
58128
58129
58130
58153
58154
58155
58156
58164
58165
58173
58174
58175
58177
58214
58215
58216
58217
58218
58219
58221
58222
58223
58224
58240
58241
58242
58243
58249
58252
58311
58312
58313
58353
58354
58355
58356
58377
58542
58543
58544
58545
58546
58555
58556
58597
58598
58599
58607
58608
58609
58627
58653
58658
58659
58660
58667
58668
58669
58670
58671
58683
58692
58737
58904
58905
58938
58939
58940
58941
58942
58943
59023
59024
59025
59043
59044
59045
59061
59062
59063
59064
59065
59066
59067
59068
59069
59081
59082
59083
59084
59085
59086
59087
59092
59094
59095
59096
59097
59098
59099
59100
59101
59162
59163
59164
59165
59168
59169
59170
59222
59223
59224
59226
59238
59239
59251
59252
59253
59254
59255
59263
59264
59265
59266
59270
59271
59272
59273
59274
59275
59276
59277
59278
59279
59302
59303
59304
59330
59352
59355
59361
59362
59363
59364
59365
59366
59374
59427
59428
59447
59469
59621
59622
59623
59634
59644
59645
59646
59647
59650
59662
59663
59664
59665
59666
59667
59676
59677
59678
59679
59692
59693
59694
59721
59722
59723
59773
59800
59801
59802
59803
59804
59805
59806
59807
59808
59809
59868
59882
59883
59884
59885
59905
59906
59907
59908
59909
59925
59926
59927
59928
59929
59930
59931
59932
59933
59967
59977
60049
60057
60058
60059
60073
60074
60075
60076
60077
60078
60079
60080
60081
60082
60083
60084
60085
60086
60109
60110
60111
60179
60212
60213
60214
60215
60254
60255
60256
60257
60258
60259
60260
60265
60266
60267
60268
60269
60270
60280
60281
60302
60303
60304
60305
60318
60326
60327
60328
60329
60330
60331
60332
60333
60334
60335
60349
60350
60351
60401
60443
60444
60445
60478
60491
60492
60493
60505
60506
60520
60521
60532
60533
60538
60576
60577
60628
60629
60630
60631
60632
60633
60634
60636
60637
60647
60648
60649
60650
60651
60652
60667
60668
60669
60678
60696
60698
60704
60710
60711
60712
60744
60745
60746
60747
60748
60749
60770
60771
60772
60773
60774
60775
60776
60777
60778
60789
60790
60791
60792
60793
60794
60795
60796
60836
60837
60838
60839
60840
60841
60848
60849
60850
60851
60852
60853
60868
60869
60870
60871
60872
60873
60874
60875
60876
60877
60878
60879
60880
60881
60897
60898
60930
60949
60950
60951
60952
60953
60954
60955
60956
60957
60958
60959
60960
60961
60962
60963
60994
60995
60996
60997
60998
61017
61018
61019
61020
61021
61033
61034
61035
61036
61037
61038
61039
61040
61041
61042
61043
61044
61045
61046
61047
61055
61056
61057
61058
61059
61060
61065
61071
61085
61107
61108
61109
61110
61128
61129
61130
61143
61215
61216
61224
61232
61321
61322
61323
61324
61353
61354
61357
61358
61359
61360
61361
61362
61363
61364
61365
61366
61373
61374
61375
61398
61399
61400
61403
61404
61405
61412
61413
61422
61423
61424
61426
61427
61428
61430
61431
61470
61499
61507
61589
61590
61606
61607
61608
61615
61618
61624
61625
61628
61659
61660
61661
61663
61664
61665
61666
61667
61668
61669
61670
61671
61672
61673
61675
61798
61799
61800
61801
61802
61816
61817
61818
61822
61823
61824
61833
61834
61835
61836
61837
61838
61845
61846
61847
61848
61849
61850
61853
61854
61855
61856
61857
61889
61890
61943
61944
62006
62007
62008
62009
62045
62046
62047
62048
62051
62052
62055
62056
62057
62058
62059
62060
62061
62095
62096
62112
62113
62114
62115
62116
62132
62133
62134
62135
62136
62137
62145
62146
62147
62148
62149
62150
62151
62316
62320
62328
62333
62334
62365
62380
62381
62382
62383
62384
62394
62395
62396
62397
62398
62399
62400
62401
62402
62447
62448
62449
62450
62451
62452
62462
62463
62482
62485
62486
62487
62488
62518
62519
62694
62698
62699
62720
62721
62722
62723
62730
62737
62745
62746
62768
62769
62770
62806
62807
62808
62809
62810
62823
62824
62825
62837
62838
62839
62840
62844
62845
62846
62847
62848
62858
62859
62861
62862
62863
62864
62893
62894
62895
62896
62897
62898
62899
62900
62901
62919
62920
62921
62922
62923
62924
62925
62938
62939
62940
62941
62942
62943
62944
62945
62970
62971
62972
63017
63018
63019
63020
63021
63022
63023
63062
63063
63064
63065
63066
63067
63068
63069
63070
63071
63072
63073
63074
63075
63076
63125
63126
63127
63128
63129
63130
63131
63132
63179
63180
63181
63182
63183
63184
63185
63189
63190
63191
63192
63193
63194
63208
63213
63261
63262
63273
63284
63285
63286
63301
63308
63318
63319
63321
63322
63324
63325
63326
63327
63331
63332
63334
63390
63419
63467
63468
63469
63504
63517
63537
63544
63603
63604
63605
63620
63621
63622
63623
63630
63631
63632
63633
63634
63648
63652
63653
63657
63659
63670
63671
63672
63673
63674
63675
63676
63677
63678
63688
63743
63744
63745
63746
63758
63759
63760
63776
63781
63800
63801
63804
63805
63806
63821
63825
63826
63827
63828
63829
63830
63835
63836
63837
63840
63847
63848
63849
63882
63905
63908
63925
63926
63927
63928
63929
63935
63936
63937
63938
63961
63962
63963
63964
63972
63973
63990
63991
63992
63993
63994
63995
64037
64038
64039
64040
64041
64042
64043
64044
64045
64046
64074
64075
64076
64077
64078
64079
64080
64081
64082
64083
64084
64107
64108
64109
64110
64158
64159
64160
64161
64162
64163
64172
64191
64192
64193
64194
64195
64196
64197
64233
64234
64235
64236
64264
64265
64266
64267
64268
64269
64270
64271
64272
64273
64274
64340
64341
64342
64343
64354
64355
64366
64367
64368
64369
64370
64371
64372
64373
64374
64375
64376
64395
64396
64397
64398
64399
64400
64403
64420
64421
64422
64424
64425
64427
64428
64429
64430
64431
64472
64473
64474
64486
64487
64488
64500
64501
64502
64503
64504
64505
64506
64507
64508
64509
64510
64511
64512
64513
64554
64555
64588
64589
64593
64608
64609
64610
64612
64615
64616
64620
64628
64632
64633
64637
64655
64666
64671
64672
64682
64683
64749
64789
64790
64791
64792
64793
64847
64848
64849
64850
64864
64865
64866
64867
64872
64873
64874
64875
64876
64877
64878
64879
64880
64904
64905
64906
64907
64908
64909
64910
64911
64920
64945
64946
64947
64948
64949
64950
64951
64952
64953
64954
65005
65006
65007
65013
65024
65025
65108
65121
65122
65123
65124
65125
65126
65127
65128
65129
65130
65131
65132
65150
65151
65154
65155
65156
65157
65166
65179
65180
65181
65182
65212
65213
65214
65215
65216
65217
65218
65219
65220
65289
65290
65291
65292
65293
65294
65295
65296
65297
65298
65299
65300
65301
65302
65303
65304
65305
65306
65307
65308
65322
65353
65354
65355
65356
65357
65358
65359
65381
65400
65401
65402
65403
65404
65405
65406
65407
65408
65409
65418
65419
65420
65425
65432
65437
65442
65443
65444
65452
65464
65465
65466
65467
65468
65469
65470
65471
65472
65474
65475
65476
65477
65478
65479
65505
65506
65507
65508
65526
65527
65528
65529
65530
65537
65538
65633
65677
65678
65679
65680
65681
65703
65704
65716
65717
65727
65728
65729
65730
65731
65732
65758
65759
65760
65761
65762
65776
65777
65778
65779
65780
65781
65797
65798
65799
65800
65801
65802
65803
65804
65805
65806
65807
65823
65859
65860
65861
65862
65863
65864
65882
65883
65890
65891
65897
65906
65918
65919
65920
65921
65931
65932
65945
65946
65947
65948
65970
65971
65974
65994
65995
65996
66016
66024
66025
66026
66027
66028
66051
66052
66053
66059
66098
66099
66100
66101
66102
66103
66116
66118
66180
66184
66196
66197
66198
66199
66200
66201
66202
66203
66204
66205
66226
66231
66232
66249
66264
66265
66266
66267
66285
66286
66287
66288
66313
66314
66315
66316
66317
66318
66353
66365
66401
66402
66403
66404
66405
66406
66407
66408
66436
66437
66438
66439
66440
66481
66482
66483
66497
66501
66502
66513
66514
66515
66516
66517
66529
66530
66531
66532
66533
66732
66733
66734
66735
66736
66737
66738
66739
66740
66741
66742
66743
66744
66745
66778
66805
66806
66807
66808
66809
66810
66811
66812
66813
66814
66845
66846
66847
66848
66867
66868
66893
66908
66909
66910
66911
66912
66913
66914
66935
66948
66949
66950
66958
67004
67005
67006
67007
67008
67009
67010
67011
67012
67013
67014
67015
67016
67017
67018
67019
67020
67021
67094
67095
67103
67104
67105
67106
67107
67109
67275
67290
67374
67377
67378
67379
67380
67381
67382
67383
67391
67392
67398
67399
67408
67409
67410
67411
67412
67413
67425
67427
67428
67442
67443
67444
67445
67448
67449
67450
67488
67511
67512
67513
67514
67515
67516
67517
67518
67519
67520
67521
67522
67523
67543
67544
67545
67546
67547
67559
67560
67561
67569
67570
67571
67589
67613
67614
67615
67616
67617
67618
67620
67669
67670
67671
67672
67673
67674
67675
67676
67677
67678
67679
67680
67681
67682
67683
67699
67700
67701
67702
67703
67704
67718
67719
67720
67726
67727
67728
67729
67730
67731
67732
67733
67747
67777
67778
67800
67801
67802
67805
67806
67807
67808
67809
67810
67811
67812
67813
67814
67819
67820
67821
67822
67823
67843
67849
67850
67851
67852
67853
67854
67855
67856
67857
67858
67859
67886
67887
67888
67889
67890
67891
67892
67921
67922
67923
67924
67925
67944
67945
67946
67947
67948
67954
67962
67963
67964
67966
67967
67968
67969
67972
67980
67981
67982
67983
67984
67985
67993
67994
67997
68003
68004
68005
68006
68009
68010
68011
68017
68018
68029
68030
68041
68042
68043
68044
68045
68046
68047
68066
68067
68072
68073
68074
68075
68076
68077
68078
68079
68080
68081
68082
68103
68117
68118
68119
68120
68121
68131
68132
68133
68134
68135
68136
68137
68138
68179
68180
68181
68182
68183
68184
68208
68213
68218
68219
68220
68221
68229
68231
68234
68235
68236
68237
68238
68248
68249
68256
68257
68258
68259
68260
68275
68283
68284
68289
68300
68307
68308
68309
68310
68311
68312
68313
68315
68339
68340
68358
68359
68380
68382
68383
68384
68385
68386
68387
68392
68393
68394
68395
68396
68397
68398
68399
68413
68416
68417
68418
68419
68420
68441
68442
68443
68444
68445
68452
68453
68454
68455
68456
68472
68473
68474
68479
68480
68497
68501
68502
68504
68514
68516
68517
68518
68519
68521
68522
68523
68543
68544
68545
68546
68547
68548
68549
68550
68569
68570
68571
68572
68584
68585
68600
68601
68602
68603
68621
68622
68623
68624
68625
68631
68632
68640
68641
68658
68666
68727
68732
68733
68734
68735
68736
68737
68738
68739
68740
68741
68742
68762
68763
68764
68765
68766
68767
68768
68769
68770
68771
68772
68774
68788
68789
68790
68791
68792
68798
68799
68800
68801
68802
68816
68817
68823
68840
68841
68842
68843
68844
68855
68856
68857
68858
68859
68860
68891
68909
68910
68911
68912
68913
68914
68915
68916
68922
68923
68924
68949
68952
68953
68959
68970
68971
68972
68974
68975
68976
68987
68988
68989
68990
68996
68997
69034
69035
69036
69037
69100
69101
69102
69106
69124
69125
69129
69142
69143
69168
69169
69170
69171
69172
69190
69191
69192
69203
69204
69205
69206
69207
69208
69209
69221
69222
69223
69248
69249
69250
69251
69286
69287
69288
69289
69290
69291
69292
69307
69308
69328
69329
69330
69331
69332
69334
69335
69343
69353
69354
69374
69383
69384
69385
69386
69429
69430
69431
69432
69433
69434
69443
69444
69450
69452
69470
69471
69472
69484
69485
69486
69487
69488
69489
69490
69501
69502
69508
69534
69535
69536
69546
69547
69548
69549
69550
69551
69590
69594
69658
69659
69660
69661
69662
69663
69664
69665
69666
69667
69668
69669
69670
69671
69672
69673
69674
69696
69697
69698
69699
69700
69728
69729
69730
69731
69732
69733
69738
69739
69740
69764
69768
69803
69820
69821
69822
69823
69863
69864
69865
69866
69867
69868
69869
69870
69877
69895
69896
69900
69906
69907
69908
69930
69931
69955
69956
69957
69958
69995
70018
70034
70041
70042
70043
70044
70045
70062
70092
70093
70094
70095
70096
70097
70098
70099
70100
70101
70102
70118
70119
70120
70121
70122
70123
70124
70125
70126
70127
70143
70144
70145
70151
70152
70153
70154
70155
70157
70164
70165
70166
70167
70185
70210
70220
70241
70242
70243
70244
70245
70290
70291
70292
70293
70294
70307
70319
70320
70321
70322
70349
70368
70371
70413
70414
70415
70416
70417
70418
70419
70420
70421
70441
70459
70460
70461
70462
70463
70464
70465
70473
70474
70475
70476
70477
70478
70479
70480
70493
70494
70495
70496
70497
70501
70502
70503
70504
70505
70506
70507
70508
70515
70516
70517
70518
70519
70523
70524
70525
70526
70527
70528
70529
70530
70543
70544
70545
70546
70547
70548
70558
70559
70560
70561
70578
70579
70580
70581
70582
70583
70613
70634
70635
70636
70637
70638
70639
70641
70643
70644
70651
70656
70657
70658
70659
70660
70661
70662
70671
70672
70683
70684
70685
70686
70687
70688
70689
70690
70691
70709
70710
70711
70712
70713
70714
70715
70736
70751
70752
70753
70754
70766
70784
70785
70786
70792
70793
70810
70820
70843
70844
70845
70846
70847
70848
70860
70861
70862
70863
70864
70873
70891
70917
70919
70920
70921
70922
70929
70930
70938
70939
70940
70941
70942
70943
70944
70945
70946
70947
70948
70949
70950
70951
70952
70953
70974
70975
70976
70977
70978
71010
71011
71012
71013
71039
71040
71041
71042
71043
71044
71045
71046
71047
71048
71049
71050
71051
71052
71071
71072
71073
71090
71091
71092
71093
71094
71095
71096
71097
71098
71108
71109
71118
71119
71120
71121
71153
71154
71155
71156
71188
71189
71190
71193
71232
71233
71270
71271
71272
71273
71296
71323
71324
71387
71388
71407
71408
71409
71410
71412
71413
71420
71435
71436
71448
71449
71450
71451
71452
71456
71457
71458
71459
71460
71491
71492
71493
71494
71495
71496
71497
71498
71499
71563
71627
71628
71629
71630
71631
71632
71633
71657
71658
71659
71660
71689
71690
71702
71703
71716
71717
71718
71724
71727
71756
71757
71758
71759
71760
71761
71762
71763
71777
71778
71779
71780
71781
71782
71783
71784
71785
71786
71824
71825
71826
71827
71828
71829
71830
71831
71832
71847
71848
71849
71850
71851
71852
71853
71854
71855
71856
71857
71858
71860
71865
71878
71879
72152
72153
72154
72155
72201
72234
72261
72265
72309
72310
72311
72312
72313
72338
72339
72340
72341
72356
72357
72358
72359
72377
72378
72379
72380
72381
72382
72388
72397
72398
72399
72400
72401
72410
72411
72412
72413
72414
72415
72416
72417
72428
72452
72488
72489
72490
72491
72492
72526
72527
72528
72541
72565
72566
72567
72568
72569
72570
72571
72586
72587
72588
72589
72590
72591
72592
72593
72599
72600
72664
72665
72666
72667
72668
72669
72670
72671
72672
72673
72674
72675
72676
72677
72678
72679
72680
72699
72731
72732
72733
72754
72755
72756
72757
72758
72759
72760
72761
72762
72767
72784
72785
72786
72787
72788
72789
72797
72798
72799
72800
72809
72810
72811
72812
72813
72814
72830
72831
72832
72833
72834
72839
72840
72846
72847
72887
72888
72889
72890
72891
72892
72893
72894
72938
72939
72940
72941
72946
72947
72948
72975
72976
72977
72978
72979
72987
72988
72989
72990
72991
72992
72993
72994
72995
72996
72997
73028
73029
73030
73031
73032
73033
73034
73035
73057
73058
73059
73060
73061
73062
73063
73064
73088
73089
73090
73091
73093
73094
73105
73106
73127
73128
73129
73147
73148
73149
73150
73246
73256
73257
73258
73259
73264
73265
73299
73300
73301
73302
73303
73305
73306
73320
73321
73322
73325
73326
73327
73352
73353
73354
73365
73372
73404
73405
73406
73407
73417
73418
73419
73423
73424
73435
73436
73437
73450
73451
73452
73453
73454
73455
73456
73467
73468
73469
73470
73471
73472
73473
73507
73508
73509
73510
73511
73512
73513
73525
73526
73527
73528
73529
73530
73531
73532
73533
73546
73574
73601
73602
73634
73635
73666
73764
73765
73766
73767
73780
73781
73782
73783
73784
73785
73786
73787
73788
73789
73790
73791
73792
73793
73794
73795
73796
73814
73815
73816
73817
73837
73878
73929
73930
73931
73932
73938
73939
73940
73941
73942
73949
74004
74019
74026
74027
74028
74029
74030
74031
74032
74033
74034
74042
74043
74082
74083
74084
74085
74086
74087
74111
74112
74113
74114
74120
74121
74122
74123
74130
74132
74133
74186
74221
74222
74223
74224
74225
74251
74252
74253
74254
74255
74256
74257
74258
74259
74260
74261
74262
74263
74265
74275
74276
74336
74337
74338
74339
74374
74375
74376
74377
74378
74379
74380
74392
74393
74398
74399
74411
74412
74413
74414
74415
74425
74426
74427
74428
74429
74443
74444
74445
74453
74461
74472
74473
74506
74507
74508
74517
74518
74519
74520
74531
74532
74533
74534
74535
74536
74568
74580
74581
74582
74590
74591
74592
74610
74611
74621
74627
74628
74629
74645
74646
74647
74690
74691
74692
74693
74694
74695
74697
74698
74699
74700
74719
74734
74735
74736
74737
74738
74739
74740
74741
74742
74743
74770
74771
74772
74779
74780
74782
74785
74786
74794
74795
74813
74846
74847
74869
74870
74871
74872
74873
74874
74875
74876
74892
74893
74894
74895
74896
74897
74898
74899
74900
74914
74950
74976
75008
75051
75052
75053
75054
75055
75056
75057
75058
75059
75060
75061
75062
75063
75064
75065
75066
75088
75089
75090
75091
75113
75114
75115
75163
75164
75165
75166
75167
75168
75169
75170
75171
75172
75173
75192
75228
75229
75230
75231
75232
75233
75234
75235
75236
75237
75252
75253
75254
75255
75256
75257
75258
75259
75260
75261
75325
75326
75327
75328
75329
75348
75349
75350
75351
75382
75383
75384
75385
75386
75387
75403
75405
75406
75407
75408
75409
75410
75411
75412
75444
75445
75446
75447
75448
75449
75450
75451
75452
75472
75473
75474
75482
75483
75484
75485
75640
75641
75642
75643
75644
75645
75646
75669
75690
75701
75702
75703
75704
75763
75764
75765
75805
75814
75815
75816
75879
75880
75881
75882
75883
75884
75885
75915
75936
75941
75942
75948
75949
75950
75951
75952
75966
75967
75968
75969
75970
75971
75976
75977
76070
76071
76082
76083
76084
76093
76094
76095
76096
76108
76109
76110
76111
76128
76129
76130
76139
76148
76149
76204
76205
76206
76207
76208
76226
76227
76228
76229
76230
76231
76232
76233
76250
76251
76252
76253
76254
76255
76256
76257
76258
76259
76260
76261
76262
76263
76264
76265
76266
76267
76286
76305
76306
76307
76308
76309
76310
76311
76312
76324
76328
76329
76330
76331
76344
76345
76346
76360
76361
76362
76363
76364
76365
76366
76367
76368
76369
76370
76372
76425
76426
76437
76438
76449
76450
76451
76452
76475
76481
76507
76508
76514
76520
76521
76522
76523
76524
76525
76526
76527
76588
76589
76590
76591
76592
76593
76594
76595
76596
76597
76598
76605
76612
76655
76656
76685
76696
76697
76698
76699
76700
76701
76702
76703
76713
76721
76739
76743
76756
76757
76758
76777
76778
76790
76791
76792
76793
76794
76826
76827
76844
76895
76905
76912
76915
76916
76917
76918
76919
76920
76921
76922
76923
76936
77028
77029
77030
77049
77050
77051
77052
77053
77054
77055
77056
77066
77067
77068
77275
77276
77277
77315
77316
77317
77329
77330
77331
77347
77348
77370
77371
77412
77413
77414
77415
77416
77417
77418
77445
77446
77466
77467
77480
77481
77626
77627
77628
77629
77636
77637
77638
77639
77663
77664
77665
77671
77672
77673
77674
77681
77682
77683
77699
77700
77714
77732
77733
77758
77759
77771
77811
77830
77831
77832
77833
77834
77835
77852
77853
77854
77855
77856
77882
77883
77889
77915
77916
77925
77928
77929
77936
77937
77938
77939
77941
77942
77946
77947
77958
77996
77998
77999
78000
78001
78002
78003
78010
78011
78012
78013
78014
78025
78026
78027
78028
78029
78030
78031
78036
78046
78047
78048
78049
78053
78056
78057
78058
78059
78075
78076
78077
78096
78098
78099
78101
78118
78119
78120
78121
78122
78123
78154
78155
78156
78157
78158
78159
78160
78161
78162
78163
78164
78165
78166
78167
78168
78196
78197
78198
78199
78200
78201
78202
78238
78323
78324
78345
78346
78347
78352
78353
78381
78382
78383
78384
78385
78386
78387
78388
78398
78410
78411
78432
78433
78452
78453
78504
78505
78506
78507
78589
78590
78591
78592
78593
78604
78605
78606
78618
78619
78620
78621
78622
78623
78628
78629
78650
78651
78652
78653
78654
78655
78695
78701
78702
78703
78725
78726
78727
78728
78729
78730
78731
78732
78733
78734
78735
78736
78737
78738
78739
78740
78741
78742
78743
78744
78745
78746
78747
78770
78771
78772
78773
78774
78775
78776
78797
78798
78799
78808
78813
78814
78818
78823
78824
78825
78826
78827
78828
78855
78856
78857
78858
78859
78860
78861
78862
78863
78864
78886
78887
78888
78889
78890
78891
78892
78923
78925
78929
78930
78934
78935
78936
78937
78984
78988
78989
78994
79013
79014
79026
79030
79048
79049
79050
79068
79081
79082
79083
79096
79097
79098
79099
79100
79101
79102
79120
79121
79133
79134
79135
79136
79137
79138
79142
79156
79157
79158
79159
79160
79184
79198
79199
79200
79201
79205
79206
79207
79208
79209
79210
79211
79212
79230
79231
79232
79233
79270
79283
79284
79285
79286
79294
79295
79296
79297
79363
79365
79368
79369
79370
79392
79393
79394
79397
79398
79399
79401
79402
79423
79424
79425
79438
79439
79440
79441
79442
79443
79450
79469
79472
79476
79479
79526
79527
79528
79529
79542
79543
79546
79547
79548
79549
79550
79600
79601
79602
79603
79604
79605
79606
79607
79608
79609
79628
79629
79630
79631
79632
79633
79634
79635
79636
79640
79643
79718
79769
79786
79787
79788
79811
79812
79813
79814
79815
79831
79832
79833
79834
79842
79843
79844
79845
79846
79847
79848
79849
79850
79883
79888
79889
79890
79891
79892
79893
79899
79900
79901
79914
79915
79916
79929
79930
79950
79951
79952
79953
79954
79955
79956
79957
79958
79959
79960
79988
80007
80008
80017
80018
80019
80020
80021
80022
80023
80043
80044
80045
80046
80047
80048
80096
80148
80149
80150
80151
80152
80153
80154
80155
80170
80171
80172
80173
80200
80212
80213
80214
80215
80216
80217
80218
80219
80220
80221
80222
80223
80224
80225
80226
80227
80228
80229
80230
80262
80263
80311
80316
80317
80318
80319
80320
80321
80345
80346
80347
80348
80357
80358
80359
80360
80372
80373
80383
80401
80402
80403
80404
80405
80406
80426
80427
80428
80429
80442
80444
80445
80446
80447
80448
80449
80450
80451
80457
80458
80459
80460
80461
80462
80463
80464
80479
80480
80481
80482
80506
80526
80527
80528
80549
80555
80557
80558
80559
80560
80571
80579
80590
80591
80592
80617
80648
80649
80650
80691
80692
80767
80768
80769
80770
80771
80779
80780
80781
80782
80872
80873
80874
80875
80888
80920
80943
80944
80945
80952
80956
80969
80977
80978
81012
81013
81014
81015
81117
81118
81119
81120
81121
81131
81132
81133
81134
81135
81136
81137
81138
81139
81140
81147
81153
81154
81155
81156
81157
81215
81216
81217
81218
81219
81220
81221
81222
81223
81224
81244
81245
81246
81247
81248
81249
81250
81251
81252
81253
81254
81255
81272
81273
81274
81275
81276
81277
81278
81286
81287
81288
81289
81290
81291
81292
81298
81299
81300
81377
81378
81379
81380
81381
81382
81383
81384
81386
81387
81388
81389
81390
81391
81392
81393
81394
81395
81396
81397
81398
81409
81410
81411
81412
81420
81421
81422
81423
81550
81551
81552
81553
81612
81613
81635
81652
81682
81683
81704
81708
81711
