54889
54890
54891
54898
54922
54923
54924
54935
54956
54957
54958
54959
54964
54965
54974
54978
55005
55022
55063
55072
55080
55095
55100
55101
55102
55103
55104
55111
55118
55125
55126
55127
55128
55129
55139
55153
55155
55156
55157
55158
55164
55165
55166
55167
55184
55205
55230
55239
55240
55249
55284
55303
55364
55367
55383
55396
55409
55432
55505
55548
55606
55631
55641
55683
55684
55714
55731
55732
55749
55797
55813
55821
55822
55853
55871
55878
55902
55927
55941
55954
55992
55993
55994
56005
56006
56007
56015
56038
56044
56111
56119
56217
56305
56306
56323
56349
56355
56356
56369
56370
56373
56382
56383
56441
56449
56490
56523
56534
56535
56571
56604
56609
56610
56611
56612
56616
56617
56619
56620
56621
56635
56636
56639
56640
56709
56739
56740
56749
56750
56758
56766
56767
56775
56783
56784
56832
56833
56849
56850
56889
56948
57006
57019
57033
57041
57042
57066
57073
57096
57107
57160
57198
57231
57232
57290
57318
57335
57359
57360
57405
57431
57432
57484
57507
57508
57509
57519
57543
57544
57558
57568
57590
57603
57617
57631
57654
57663
57679
57688
57730
57768
57773
57775
57800
57827
57858
57933
57940
57945
57985
57995
57998
58014
58027
58070
58107
58108
58109
58110
58111
58112
58120
58126
58127
58136
58137
58138
58139
58140
58164
58165
58166
58167
58173
58174
58175
58252
58265
58290
58304
58359
58418
58419
58449
58457
58466
58475
58496
58507
58536
58584
58606
58640
58724
58729
58755
58773
58838
58872
58881
58903
58918
58919
58964
58974
58994
58995
59004
59057
59058
59059
59161
59165
59189
59198
59205
59206
59218
59250
59301
59321
59350
59388
59415
59438
59494
59506
59532
59533
59554
59588
59616
59632
59633
59719
59720
59740
59772
59809
59832
59845
59881
59918
59945
60003
60006
60085
60123
60124
60125
60128
60153
60209
60210
60236
60244
60259
60270
60272
60273
60274
60288
60289
60290
60291
60292
60318
60319
60326
60327
60328
60369
60372
60418
60428
60440
60608
60625
60634
60651
60669
60686
60743
60767
60768
60787
60794
60797
60798
60799
60800
60801
60802
60803
60820
60821
60822
60823
60824
60825
60826
60834
60836
60837
60838
60839
60840
60841
60842
60843
60844
60845
60846
60847
60848
60849
60850
60851
60852
60853
60863
60877
60926
60939
60948
60960
61014
61041
61042
61054
61064
61106
61118
61127
61140
61153
61173
61174
61182
61197
61206
61250
61289
61299
61300
61301
61302
61303
61304
61305
61316
61317
61334
61341
61342
61343
61344
61345
61353
61354
61355
61356
61357
61358
61359
61360
61361
61406
61407
61408
61409
61410
61411
61412
61413
61415
61416
61417
61418
61419
61420
61421
61422
61423
61424
61425
61426
61427
61428
61444
61455
61492
61506
61534
61586
61605
61705
61729
61730
61740
61748
61784
61796
61825
61826
61827
61828
61829
61830
61831
61832
61833
61834
61835
61836
61837
61838
61839
61840
61841
61842
61843
61844
61845
61846
61847
61848
61849
61850
61851
61852
61853
61854
61855
61856
61857
61871
61872
61880
61899
61900
61907
61941
61976
61982
62049
62051
62052
62109
62110
62130
62194
62202
62212
62224
62225
62229
62248
62312
62345
62432
62517
62529
62537
62538
62558
62559
62566
62567
62572
62582
62583
62608
62645
62654
62663
62673
62679
62779
62780
62829
62835
62872
62881
62882
62892
62899
62900
62914
62925
62966
62981
62982
62995
62996
63039
63060
63074
63084
63096
63111
63141
63142
63149
63150
63185
63199
63202
63221
63239
63265
63269
63316
63327
63355
63369
63376
63377
63378
63379
63394
63418
63425
63426
63427
63428
63430
63431
63432
63442
63444
63445
63446
63447
63482
63483
63484
63485
63486
63487
63488
63508
63555
63577
63583
63590
63597
63685
63705
63706
63707
63708
63709
63710
63711
63712
63713
63714
63715
63716
63717
63718
63719
63720
63721
63722
63723
63724
63726
63727
63728
63729
63730
63731
63732
63733
63738
63801
63858
63859
63875
63916
63940
64018
64029
64055
64065
64066
64084
64134
64135
64146
64189
64215
64263
64287
64306
64307
64321
64360
64376
64382
64387
64393
64414
64415
64471
64481
64497
64498
64513
64520
64526
64544
64565
64681
64699
64714
64721
64742
64747
64773
64787
64788
64880
64935
64943
64979
64992
65041
65076
65082
65110
65119
65120
65132
65194
65245
65246
65247
65262
65274
65275
65299
65320
65329
65363
65399
65417
65504
65525
65535
65566
65605
65617
65618
65632
65650
65651
65662
65663
65667
65668
65669
65670
65671
65682
65687
65688
65689
65690
65691
65692
65693
65694
65702
65710
65711
65712
65713
65714
65720
65721
65722
65723
65724
65725
65726
65732
65741
65750
65751
65765
65771
65790
65802
65803
65807
65846
65853
65889
65891
65902
65948
66035
66113
66114
66138
66164
66195
66205
66212
66213
66261
66284
66332
66347
66385
66417
66428
66429
66451
66462
66463
66464
66465
66466
66467
66468
66469
66470
66471
66472
66473
66506
66517
66521
66550
66551
66559
66610
66631
66632
66687
66721
66779
66780
66781
66782
66783
66784
66785
66786
66787
66788
66789
66790
66791
66792
66793
66819
66842
66922
67021
67031
67040
67053
67085
67116
67126
67154
67219
67237
67309
67323
67405
67463
67476
67478
67510
67531
67554
67580
67587
67631
67661
67676
67731
67756
67774
67775
67776
67797
67869
67884
68085
68086
68087
68088
68089
68090
68092
68093
68094
68095
68096
68097
68098
68099
68104
68138
68149
68151
68152
68153
68154
68155
68156
68166
68167
68168
68169
68170
68180
68181
68182
68183
68184
68194
68195
68201
68202
68203
68204
68205
68206
68207
68228
68299
68323
68340
68398
68399
68411
68421
68422
68423
68424
68425
68426
68427
68428
68429
68430
68431
68433
68434
68435
68436
68437
68438
68439
68440
68445
68446
68447
68448
68449
68450
68451
68452
68453
68454
68455
68456
68457
68458
68459
68460
68461
68486
68508
68550
68589
68664
68710
68711
68724
68725
68726
68757
68758
68759
68781
68853
68854
68878
68990
69021
69032
69050
69067
69068
69069
69096
69119
69120
69125
69141
69206
69239
69277
69281
69361
69396
69432
69583
69601
69630
69685
69695
69716
69733
69754
69789
69835
69836
69851
69908
69918
69919
69929
69954
69969
69983
70009
70010
70074
70088
70089
70101
70102
70116
70117
70125
70140
70155
70184
70194
70270
70306
70348
70350
70351
70352
70353
70354
70355
70356
70357
70358
70359
70360
70361
70362
70363
70364
70365
70366
70367
70369
70370
70379
70397
70398
70399
70400
70401
70402
70403
70404
70405
70406
70407
70408
70409
70410
70411
70412
70414
70415
70416
70417
70418
70419
70420
70424
70425
70426
70427
70428
70429
70430
70450
70480
70489
70513
70530
70557
70670
70682
70715
70746
70748
70859
70927
70972
70973
70988
70989
71000
71106
71140
71141
71184
71226
71227
71250
71253
71317
71340
71347
71348
71359
71360
71361
71362
71363
71364
71365
71366
71367
71368
71369
71370
71371
71372
71373
71374
71375
71376
71377
71378
71379
71380
71381
71382
71383
71384
71385
71386
71387
71388
71389
71390
71391
71392
71393
71394
71398
71429
71443
71452
71522
71523
71591
71602
71603
71604
71605
71606
71607
71608
71609
71610
71611
71612
71613
71614
71615
71616
71617
71618
71619
71620
71621
71622
71623
71624
71625
71626
71627
71628
71629
71630
71631
71632
71633
71634
71635
71636
71637
71638
71639
71640
71641
71678
71679
71701
71754
71775
71804
71805
71806
71820
71832
71845
71857
71858
71870
71914
71929
71965
72020
72065
72066
72134
72135
72147
72148
72165
72172
72173
72198
72199
72208
72275
72281
72286
72299
72306
72409
72415
72444
72453
72462
72539
72554
72564
72585
72636
72645
72659
72679
72680
72694
72724
72747
72774
72806
72823
72883
72911
72997
73008
73027
73041
73118
73129
73145
73161
73216
73225
73283
73284
73340
73347
73351
73429
73464
73465
73483
73484
73494
73532
73617
73618
73619
73620
73632
73647
73648
73663
73676
73677
73686
73687
73694
73698
73705
73712
73730
73745
73779
73795
73796
73805
73821
73822
73823
73824
73832
73891
73926
73942
73948
73965
73975
74070
74071
74081
74097
74146
74257
74268
74269
74270
74289
74290
74291
74292
74293
74294
74295
74296
74297
74298
74299
74300
74301
74308
74309
74310
74311
74322
74323
74324
74325
74326
74327
74366
74393
74404
74423
74516
74520
74679
74695
74807
74839
74859
74876
74890
74891
74924
74937
74949
74951
74952
74953
74954
74955
74956
74957
74958
74959
74960
74961
74962
74964
74965
74966
74967
74968
74969
74977
74979
74980
74981
74982
74983
74984
74985
74986
74987
74988
74989
74990
74991
74992
74993
74994
74995
74996
74997
74998
74999
75000
75001
75002
75003
75011
75012
75013
75014
75015
75016
75017
75018
75019
75020
75021
75023
75024
75025
75048
75049
75081
75099
75130
75145
75146
75147
75161
75186
75217
75227
75237
75260
75261
75278
75290
75291
75301
75322
75343
75373
75398
75412
75427
75443
75481
75492
75511
75546
75557
75558
75559
75560
75561
75562
75563
75564
75566
75567
75568
75569
75570
75571
75572
75574
75575
75576
75577
75578
75579
75580
75581
75582
75583
75584
75585
75586
75587
75588
75589
75592
75593
75594
75595
75596
75608
75609
75610
75611
75612
75613
75614
75615
75724
75732
75780
75781
75791
75792
75793
75802
75820
75821
75822
75823
75824
75825
75826
75827
75828
75829
75830
75831
75832
75833
75834
75835
75836
75837
75838
75839
75840
75841
75842
75843
75844
75845
75846
75847
75848
75849
75850
75851
75866
75925
75940
75960
76012
76063
76092
76107
76210
76233
76247
76248
76264
76265
76266
76277
76304
76321
76322
76374
76375
76376
76377
76378
76379
76380
76382
76383
76384
76385
76386
76387
76388
76389
76390
76391
76392
76393
76394
76395
76396
76397
76398
76399
76400
76401
76402
76403
76404
76405
76406
76407
76408
76409
76410
76411
76412
76413
76414
76415
76416
76417
76531
76631
76658
76660
76661
76665
76666
76667
76668
76669
76697
76726
76731
76754
76770
76789
76805
76817
76818
76876
76893
76923
76936
76964
76969
77005
77043
77213
77232
77273
77274
77278
77279
77280
77281
77282
77283
77284
77285
77286
77287
77301
77302
77303
77304
77305
77306
77307
77308
77309
77315
77316
77317
77321
77323
77324
77325
77326
77327
77328
77369
77381
77433
77455
77463
77478
77479
77492
77503
77504
77505
77518
77519
77520
77521
77530
77542
77543
77544
77545
77546
77547
77548
77549
77550
77552
77553
77554
77555
77556
77557
77558
77559
77560
77569
77570
77571
77572
77573
77578
77587
77604
77605
77606
77607
77608
77609
77617
77618
77619
77625
77626
77627
77628
77629
77630
77631
77632
77633
77634
77635
77642
77646
77647
77725
77745
77757
77801
77820
77821
77827
77881
77903
77904
77910
77939
78023
78035
78049
78101
78112
78130
78143
78144
78194
78195
78226
78236
78253
78269
78305
78321
78322
78333
78334
78335
78353
78367
78380
78490
78502
78603
78615
78655
78656
78658
78675
78676
78677
78678
78679
78680
78688
78689
78693
78694
78695
78696
78716
78735
78736
78758
78776
78787
78828
78853
78854
78900
78922
78951
78952
78953
78954
78957
78958
78959
78960
78961
78962
78963
78964
78965
78966
78975
78976
78977
78978
78984
78986
78987
79004
79066
79083
79091
79125
79148
79149
79150
79151
79152
79153
79168
79169
79170
79171
79184
79191
79192
79193
79194
79221
79241
79251
79252
79268
79269
79278
79293
79399
79403
79404
79415
79416
79417
79418
79419
79420
79423
79424
79425
79437
79449
79468
79523
79524
79581
79625
79626
79755
79761
79766
79777
79828
79840
79841
79868
79878
79879
79974
79986
79994
80000
80039
80066
80076
80106
80123
80131
80132
80162
80207
80210
80230
80239
80251
80274
80288
80289
80300
80307
80382
80392
80393
80424
80478
80492
80514
80535
80536
80612
80625
80632
80633
80710
80711
80712
80713
80714
80715
80716
80717
80718
80719
80720
80721
80722
80723
80724
80725
80726
80727
80728
80729
80730
80731
80732
80733
80734
80749
80750
80751
80752
80753
80754
80755
80756
80757
80758
80759
80766
80767
80768
80769
80770
80771
80772
80773
80774
80775
80776
80777
80778
80827
80856
80899
80909
80910
80919
80930
80931
80936
80968
80991
81025
81068
81076
81150
81169
81214
81223
81238
81239
81240
81241
81254
81263
81264
81285
81342
81350
81448
81582
81594
81611
81678
