54938
54950
54977
54979
55033
55384
55385
55559
55575
55576
55601
55798
55823
55830
55831
55840
55841
55842
55850
56112
56132
56282
56283
56442
56443
56444
56445
56446
56451
56536
56562
56652
56653
56654
56821
56822
56823
56824
56838
56840
56841
56842
56843
56844
56845
56846
56867
56868
56869
56959
57034
57095
57193
57248
57275
57395
57397
57399
57400
57401
57402
57403
57485
57486
57591
57604
57643
57644
57645
57646
57680
57734
57735
57736
57748
57749
57750
57751
57752
57754
57755
57756
57766
57767
57801
57874
58028
58071
58228
58229
58230
58231
58232
58233
58234
58235
58236
58237
58238
58239
58240
58241
58242
58243
58244
58245
58246
58247
58248
58249
58372
58373
58374
58375
58376
58420
58421
58839
59007
59012
59013
59351
59517
59684
59753
59754
59755
59756
59757
59758
59759
59760
59766
59767
59769
59770
59771
59788
59789
59790
59791
59792
59793
59794
59795
59796
59797
59798
59800
59801
59802
59803
59804
59805
59814
59815
59816
59817
59818
59843
59868
59987
60154
60317
60343
60385
60441
60446
60447
60448
60485
60486
60487
60488
60489
60490
60491
60492
60504
60509
60510
60511
60512
60513
60514
60515
60516
60517
60518
60519
60520
60521
60522
60835
61015
61093
61162
61414
61636
61716
61749
61797
61858
61859
61860
61861
61862
61863
61881
61882
61883
61884
61885
61886
61887
61889
61890
61901
61902
61915
61927
62036
62037
62038
62039
62040
62041
62042
62043
62044
62045
62046
62047
62048
62050
62082
62159
62249
62346
62358
62548
62584
62603
62635
62719
62764
62819
62883
62884
62901
63050
63097
63151
63188
63214
63216
63217
63222
63223
63224
63225
63226
63227
63228
63229
63230
63231
63232
63236
63237
63238
63240
63241
63242
63243
63244
63245
63246
63247
63248
63249
63250
63251
63514
63655
63656
63693
63924
64036
64067
64101
64136
64164
64237
64416
64434
64435
64436
64437
64438
64439
64440
64441
64442
64443
64444
64445
64447
64448
64449
64450
64451
64452
64453
64454
64455
64456
64480
64536
64729
64774
64821
64954
64963
64964
64967
64968
64969
64970
64971
64972
64973
64974
64975
64976
64981
64982
64983
64984
64986
64987
64988
64989
64990
64994
64995
64996
64997
64998
65045
65046
65081
65510
65606
65652
65752
65847
66134
66165
66166
66167
66168
66169
66170
66171
66172
66173
66174
66175
66176
66177
66178
66179
66354
66364
66574
66575
66579
66580
66581
66611
66633
66634
66635
66636
66651
66662
66663
66664
66665
66666
66667
66794
67060
67061
67366
67588
67606
67607
67632
67870
67885
67912
67913
67914
67915
67916
67917
67918
67919
67921
67922
67923
67924
67925
67929
67930
67931
67932
67933
67934
67935
67936
67937
67938
67939
67940
67941
67942
67943
67944
67945
67946
67964
67970
68083
68400
68541
68616
68666
68960
69033
69051
69070
69071
69099
69158
69159
69160
69161
69162
69163
69164
69165
69166
69167
69168
69169
69170
69171
69172
69174
69175
69176
69177
69178
69179
69180
69181
69182
69183
69184
69185
69186
69187
69188
69189
69190
69191
69192
69224
69240
69415
69456
69459
69837
69853
69854
69855
69856
69857
69858
69859
69860
69861
69862
69863
69864
69865
69866
69867
69868
69869
69870
69877
69878
69879
69880
69881
69882
69883
69884
69885
69886
69887
69888
69889
69890
69891
69892
69893
69894
69895
69896
69898
69920
70141
70142
70163
70271
70272
70289
70458
70542
70629
70783
70900
70907
71070
71111
71112
71113
71114
71115
71116
71117
71118
71119
71120
71121
71122
71123
71124
71125
71126
71127
71128
71129
71142
71434
71472
71479
71480
71481
71482
71483
71484
71485
71493
71494
71495
71496
71524
71540
71541
71542
71543
71544
71545
71546
71547
71548
71549
71902
71915
71944
72067
72149
72185
72300
72416
72424
72445
72451
72454
72455
72456
72480
72481
72500
72501
72502
72503
72610
72621
72688
72838
72884
73403
73516
73517
73518
73519
73533
73555
73556
73557
73558
73559
73560
73561
73562
73563
73569
73570
73575
73576
73577
73578
73579
73580
73581
73582
73583
73592
73593
73594
73595
73596
73597
73731
73806
73851
73875
73876
73917
74102
74185
74193
74440
74454
74455
74456
74457
74462
74463
74464
74465
74466
74467
74468
74469
74539
74540
74541
74542
74543
74544
74545
74546
74547
74548
74549
74550
74551
74552
74553
74554
74555
74556
74557
74680
74978
75100
75250
75292
75304
75381
75463
75573
75590
76064
76168
76217
76236
76249
76267
76419
76427
76428
76429
76430
76431
76433
76434
76435
76439
76440
76441
76442
76443
76459
76460
76657
76659
76662
76663
76664
76670
76671
76672
76673
76674
76675
76676
76677
76678
76755
77044
77112
77335
77336
77337
77338
77390
77456
77457
77579
77616
77930
77941
77942
77943
77944
77951
77958
77966
77967
77980
77996
78133
78203
78204
78205
78206
78207
78208
78209
78513
78594
78687
78737
78796
78811
78812
78813
78814
78815
78817
78818
79064
79067
79143
79144
79145
79146
79147
79156
79157
79158
79172
79180
79181
79182
79183
79195
79196
79197
79198
79253
79472
79688
79778
79881
79882
79883
79884
79885
79886
79887
79888
79939
79940
79949
79975
80040
80041
80059
80067
80089
80092
80093
80094
80095
80096
80097
80098
80099
80100
80246
80247
80248
80249
80250
80262
80263
80278
80279
80280
80356
80671
80861
80862
80863
80864
80865
80866
80867
80868
80869
80870
80871
80872
80873
80874
80875
80876
80877
80878
80879
80880
80881
80882
81026
81028
81029
81030
81031
81032
81033
81034
81035
81036
81037
81038
81195
81224
81242
81398
81416
81438
81468
81572
