54975
54989
54990
54991
54999
55000
55001
55006
55007
55008
55009
55461
55596
55597
55598
55599
55600
55601
55602
55603
55604
55605
55607
55608
55609
55610
55611
55612
55613
55614
55615
55616
55743
55744
55745
55746
55747
55748
55749
55750
55779
55780
55781
55782
55783
55976
56163
56164
56165
56166
56167
56168
56169
56170
56171
56172
56197
56198
56199
56200
56201
56202
56237
56238
56239
56240
56241
56242
56243
56244
56662
56663
56664
56665
56714
56715
56716
56717
56826
56827
56828
56829
56830
56873
56874
56875
56876
56877
56878
57292
57293
57294
57295
57296
57297
57298
57299
57300
57312
57313
57314
57315
57316
57317
57318
57319
57320
57336
57337
57338
57339
57340
57341
57342
57343
57344
57790
57791
57792
57793
57794
57795
57796
57797
57798
57799
57800
57801
57802
57803
57804
57805
58930
58931
59330
59352
59965
59966
59967
59971
59972
59974
59975
59976
59977
60043
60044
60045
60046
60047
60048
60049
60051
60052
60053
60054
60055
60056
60057
60058
60059
60864
61061
61062
61063
61064
61065
61066
61067
61068
61069
61070
61071
61072
61073
61074
61075
61076
61077
61078
61209
61210
61211
61212
61213
61214
61215
61216
61217
61218
61219
61220
61221
61222
61223
61224
61284
61285
61286
61287
61288
61289
61367
61368
61369
61370
61371
61372
61373
61374
61375
61432
61985
61986
61987
61988
62001
62002
62003
62004
62005
62006
62007
62008
62009
62378
62740
62741
62742
62743
62744
62747
62748
62749
62750
62751
62752
62771
62772
62773
62774
62775
62776
62777
62778
62779
62780
62781
62782
62783
63295
63296
63297
63298
63299
63300
63302
63303
63304
63305
63306
63470
63471
63472
63473
63474
63475
63476
63477
63478
63479
63505
63506
63507
63518
63519
63520
63521
63522
63523
63524
63525
63526
63527
63528
63529
63530
63531
63565
63566
63567
63568
63569
63570
63584
63585
63586
63587
63588
63589
63590
63591
63696
63697
63698
63699
63700
63701
63702
63951
64168
64169
64291
64292
64293
64294
64295
64322
64323
64344
64345
64346
64347
64348
65453
66046
66062
66063
66064
66065
66066
66067
66068
66069
66070
66071
66072
66073
66074
66126
66127
66129
66130
66131
66132
66133
66134
66135
66136
66137
66139
66140
66141
66142
66143
66144
66145
66146
66147
66148
66149
66150
66151
66152
66153
66154
66155
66156
66157
66158
66159
66160
66161
66162
66163
66164
67088
67442
67443
67444
67445
67448
67449
67450
67468
67469
67470
67471
67472
67473
67474
67475
67476
67488
67733
67980
67981
67982
67983
67984
67985
67988
67989
67990
67991
67992
67993
67994
68079
68080
68081
68082
68134
68135
68136
68137
68138
68196
68197
68198
68199
68200
68218
68219
68220
68248
68265
68266
68267
68268
68275
68392
68401
68402
68403
68412
68413
68959
68962
68963
68964
68971
68972
68974
68975
68976
68980
68981
68982
68983
68984
70186
70330
70917
70919
70920
70921
70922
70923
70924
70925
70926
70927
70928
70929
70930
71090
71091
71092
71093
71094
71095
71096
71097
71098
71099
71100
71101
71102
71103
71104
71105
71106
71107
71108
71109
71861
71880
71901
73847
73848
73849
73850
73851
73866
73867
73868
73869
73870
73871
73872
73873
73874
73971
73972
73973
73974
73975
73976
73977
73978
73979
73980
73981
73982
73983
75116
75302
75303
75304
75305
75306
75307
75308
75309
75310
75311
75312
75313
75314
75315
75316
75317
75318
75319
75320
75494
75495
75496
75497
75498
75499
75500
75501
75502
75503
75504
75505
75506
75507
75508
75509
75510
75511
75512
75513
75514
75515
75516
75517
75518
75519
75520
75597
75598
75599
75600
75601
75602
75603
75604
75605
75606
75607
75616
75617
75618
75619
75620
75621
75622
75623
75624
75625
75626
75627
75628
75629
75630
75631
75632
75633
75797
76099
76610
76613
76614
76615
76616
76617
76618
76619
76620
76621
76622
76623
76624
76626
76627
76628
76629
76630
76631
76632
76633
76634
76635
76636
76637
76638
76639
76640
76641
77322
77347
77348
77370
77371
77375
77376
77377
77378
77379
77380
77381
78010
78011
78012
78013
78014
78016
78017
78018
78019
78020
78021
78022
78023
78025
78026
78027
78028
78029
78030
78098
78099
78102
78103
78104
78105
78106
78107
78118
78119
78356
78357
78437
78442
78443
78444
78591
78592
78593
78604
78605
78606
78611
78612
78613
78614
78618
78619
78620
79030
79048
79049
79050
79069
79070
79071
79072
79073
79081
79082
79083
79159
79160
79185
79186
79187
79188
79189
79190
79201
79718
79786
79787
79788
79811
79812
79813
79814
79815
79821
79822
79823
79824
79825
79826
79827
79828
79829
79831
79832
79833
79834
80345
80346
80347
80348
80349
80350
80351
80352
80353
80354
80355
80356
80357
80358
80359
80360
80634
80705
80974
