31336
31337
31338
31339
31340
31341
31342
31343
31344
31345
31346
31348
31349
31350
31351
31352
31353
31354
31355
31357
31358
31359
31360
31361
31362
31363
31365
31366
31368
31369
31370
31371
31372
31374
31375
31377
31380
31384
31385
31387
31388
31390
31392
31393
31397
31398
31399
31400
31402
31403
31405
31407
31408
31410
31412
31413
31414
31416
31417
31418
31419
31420
31423
31424
31425
31427
31428
31429
31430
31431
31432
31435
31436
31437
31438
31439
31440
31441
31442
31444
31445
31446
31450
31451
31452
31453
31455
31457
31460
31465
31466
31467
31469
31470
31471
31472
31473
31474
31475
31476
31477
31478
31479
31480
31481
31482
31483
31484
31486
31488
31489
31490
31492
31493
31494
31495
31496
31497
31498
31499
31500
31501
31502
31503
31504
31505
31506
31507
31509
31510
31511
31512
31513
31515
31517
31518
31520
31522
31523
31524
31525
31526
31527
31528
31529
31530
31531
31532
31534
31535
31536
31537
31538
31539
31541
31542
31543
31544
31545
31549
31550
31552
31553
31554
31555
31560
31561
31562
31563
31564
31565
31566
31567
31568
31569
31570
31571
31572
31573
31575
31577
31578
31579
31580
31581
31582
31583
31586
31588
31590
31591
31592
31593
31595
31596
31598
31599
31600
31601
31602
31603
31604
31605
31606
31608
31609
31610
31611
31612
31613
31614
31615
31616
31617
31619
31620
31623
31624
31628
31629
31630
31632
31633
31634
31636
31638
31639
31640
31643
31644
31645
31647
31649
31651
31652
31653
31654
31655
31656
31657
31658
31660
31661
31662
31663
31664
31666
31667
31668
31669
31671
31672
31673
31674
31675
31676
31677
31678
31679
31680
31681
31682
31683
31685
31686
31687
31688
31689
31690
31691
31692
31693
31694
31695
31696
31697
31698
31700
31701
31702
31703
31704
31705
31706
31707
31708
31709
31711
31712
31713
31715
31716
31717
31718
31721
31722
31723
31724
31725
31726
31727
31728
31729
31730
31731
31732
31733
31734
31735
31736
31737
31738
31739
31740
31741
31742
31743
31745
31746
31748
31749
31750
31751
31752
31753
31754
31755
31756
31757
31758
31760
31762
31764
31765
31767
31769
31771
31772
31774
31776
31777
31778
31779
31780
31781
31786
31787
31788
31789
31790
31792
31793
31794
31795
31796
31797
31798
31799
31800
31803
31806
31807
31808
31809
31810
31811
31813
31814
31816
31819
31820
31821
31822
31823
31824
31825
31826
31827
31828
31829
31830
31831
31832
31834
31835
31836
31837
31838
31839
31840
31841
31842
31843
31844
31845
31846
31847
31849
31850
31851
31852
31853
31854
31855
31856
31857
31858
31860
31861
31862
31863
31864
31865
31866
31867
31868
31869
31871
31872
31874
31875
31876
31877
31878
31879
31880
31881
31882
31883
31884
31885
31886
31888
31889
31890
31891
31892
31893
31894
31895
31896
31897
31898
31900
31901
31903
31905
31906
31908
31910
31911
31912
31913
31914
31916
31918
31919
31921
31922
31923
31924
31925
31927
31928
31929
31930
31931
31933
31934
31935
31937
31938
31940
31941
31944
31945
31948
31949
31950
31951
31952
31954
31955
31956
31957
31958
31959
31960
31961
31962
31963
31966
31967
31971
31974
31975
31976
31980
31983
31985
31986
31988
31989
31991
31993
31994
31996
31997
31999
32005
32006
32007
32009
32010
32011
32012
32014
32015
32016
32019
32023
32024
32027
32028
32029
32030
32031
32034
32039
32040
32041
32042
32043
32045
32046
32047
32049
32050
32052
32054
32055
32056
32057
32058
32059
32060
32061
32062
32063
32064
32065
32066
32067
32068
32069
32070
32071
32072
32073
32074
32075
32076
32077
32078
32079
32080
32081
32083
32084
32085
32086
32087
32088
32089
32090
32092
32093
32094
32096
32097
32098
32099
32100
32101
32102
32103
32104
32106
32107
32110
32111
32113
32114
32115
32116
32118
32119
32120
32121
32122
32123
32124
32125
32126
32127
32128
32129
32130
32131
32132
32133
32134
32136
32139
32140
32141
32143
32144
32149
32153
32154
32157
32158
32159
32160
32161
32162
32164
32165
32166
32167
32168
32169
32170
32171
32172
32173
32174
32175
32176
32177
32178
32179
32180
32181
32182
32183
32184
32185
32187
32188
32189
32190
32191
32193
32194
32195
32196
32197
32198
32199
32200
32201
32202
32206
32208
32212
32213
32216
32217
32219
32221
32222
32223
32225
32226
32227
32228
32230
32231
32233
32234
32236
32237
32240
32241
32242
32243
32244
32245
32246
32247
32248
32249
32250
32251
32252
32253
32254
32255
32257
32258
32259
32260
32261
32262
32263
32264
32265
32266
32267
32268
32270
32271
32273
32274
32276
32277
32279
32280
32282
32283
32284
32285
32286
32287
32288
32289
32290
32291
32292
32293
32294
32295
32296
32297
32298
32299
32300
32301
32302
32303
32304
32306
32308
32311
32312
32313
32314
32315
32316
32317
32318
32319
32320
32322
32323
32324
32325
32326
32327
32328
32329
32330
32331
32332
32333
32334
32335
32336
32337
32338
32339
32340
32341
32342
32343
32344
32345
32346
32347
32348
32350
32351
32352
32353
32354
32355
32356
32357
32358
32359
32360
32361
32362
32363
32364
32368
32369
32371
32372
32373
32374
32375
32376
32377
32378
32379
32380
32381
32382
32383
32384
32385
32386
32387
32388
32389
32390
32391
32392
32393
32394
32396
32397
32398
32399
32400
32401
32402
32403
32404
32405
32407
32409
32411
32412
32413
32414
32415
32418
32420
32421
32422
32423
32425
32426
32428
32429
32430
32431
32432
32434
32435
32436
32438
32440
32441
32442
32443
32444
32445
32447
32449
32453
32454
32455
32456
32457
32458
32459
32460
32461
32462
32463
32464
32465
32466
32467
32468
32469
32470
32471
32473
32476
32478
32484
32485
32488
32489
32490
32492
32493
32494
32495
32496
32497
32498
32499
32500
32501
32502
32503
32504
32505
32506
32507
32508
32509
32510
32511
32512
32513
32514
32515
32516
32517
32518
32519
32520
32521
32522
32523
32524
32525
32526
32527
32528
32529
32530
32531
32532
32533
32534
32535
32536
32537
32538
32539
32540
32541
32542
32543
32544
32545
32546
32547
32548
32549
32550
32551
32552
32553
32554
32555
32556
32557
32558
32559
32560
32561
32563
32564
32565
32566
32568
32569
32570
32571
32572
32573
32574
32575
32576
32577
32578
32579
32580
32581
32582
32583
32584
32585
32586
32587
32588
32589
32590
32591
32592
32594
32595
32596
32597
32598
32599
32600
32601
32602
32604
32605
32606
32607
32608
32609
32610
32611
32612
32614
32617
32618
32620
32622
32623
32624
32625
32626
32627
32628
32629
32630
32631
32632
32633
32634
32635
32636
32637
32638
32639
32640
32641
32642
32643
32644
32646
32647
32649
32650
32651
32652
32654
32655
32656
32659
32660
32661
32662
32663
32664
32666
32667
32668
32669
32670
32672
32674
32675
32676
32677
32678
32679
32680
32681
32682
32683
32684
32685
32686
32687
32688
32689
32690
32691
32692
32694
32695
32696
32697
32698
32700
32701
32702
32703
32706
32708
32710
32712
32714
32716
32718
32719
32720
32721
32722
32723
32724
32725
32726
32727
32728
32729
32730
32731
32732
32733
32734
32735
32736
32737
32738
32739
32740
32741
32742
32743
32744
32745
32746
32747
32748
32749
32750
32751
32752
32753
32754
32755
32756
32757
32758
32759
32760
32761
32762
32763
32764
32765
32767
32768
32770
32771
32773
32774
32775
32776
32777
32778
32783
32784
32785
32786
32787
32788
32789
32790
32791
32792
32793
32794
32795
32796
32797
32798
32799
32800
32801
32803
32804
32805
32806
32807
32809
32812
32813
32814
32815
32816
32817
32818
32819
32820
32822
32823
32825
32826
32828
32830
32831
32832
32833
32834
32835
32836
32837
32838
32840
32841
32842
32845
32846
32847
32848
32849
32850
32851
32853
32855
32856
32860
32862
32864
32865
32866
32867
32868
32869
32870
32871
32872
32873
32874
32875
32876
32878
32879
32882
32883
32884
32886
32887
32888
32889
32890
32891
32892
32893
32894
32895
32896
32897
32899
32900
32901
32903
32904
32905
32906
32907
32909
32910
32911
32912
32913
32914
32915
32916
32917
32919
32920
32921
32922
32923
32924
32925
32926
32927
32928
32930
32931
32932
32933
32935
32937
32938
32939
32941
32942
32943
32945
32946
32948
32949
32950
32951
32952
32953
32956
32957
32959
32960
32961
32962
32966
32967
32969
32972
32974
32975
32976
32978
32979
32981
32982
32983
32984
32985
32986
32987
32988
32989
32990
32991
32992
32993
32994
32996
32997
32998
33000
33003
33004
33005
33007
33009
33013
33014
33018
33023
33024
33025
33032
33034
33035
33036
33037
33038
33039
33040
33041
33042
33043
33044
33045
33046
33047
33048
33049
33050
33051
33053
33054
33055
33058
33059
33061
33062
33065
33066
33067
33068
33069
33070
33073
33074
33075
33076
33078
33079
33080
33081
33082
33085
33086
33087
33089
33090
33092
33094
33095
33096
33097
33099
33100
33101
33102
33103
33106
33107
33108
33109
33110
33112
33114
33115
33121
33122
33123
33124
33125
33127
33128
33129
33130
33131
33132
33133
33134
33135
33136
33137
33138
33139
33140
33142
33143
33144
33145
33148
33149
33150
33152
33153
33154
33156
33157
33158
33159
33160
33165
33168
33169
33170
33172
33173
33174
33175
33177
33180
33182
33184
33186
33187
33189
33192
33193
33194
33195
33196
33198
33199
33201
33202
33203
33205
33207
33213
33214
33215
33216
33217
33218
33219
33220
33223
33226
33227
33228
33229
33231
33232
33233
33235
33237
33238
33240
33241
33242
33244
33245
33248
33249
33250
33251
33252
33253
33254
33255
33257
33258
33261
33263
33266
33267
33268
33270
33271
33272
33273
33275
33276
33278
33279
33280
33281
33282
33284
33286
33287
33288
33289
33290
33291
33293
33295
33296
33297
33299
33300
33301
33303
33304
33306
33308
33309
33310
33311
33318
33319
33321
33322
33326
33329
33330
33331
33332
33335
33336
33337
33338
33339
33340
33341
33342
33343
33345
33347
33348
33349
33350
33352
33353
33354
33355
33356
33358
33360
33361
33363
33364
33365
33367
33370
33372
33374
33375
33376
33379
33380
33381
33382
33387
33388
33396
33397
33398
33400
33401
33402
33403
33404
33405
33406
33407
33408
33409
33410
33412
33413
33414
33415
33416
33418
33419
33420
33421
33422
33423
33424
33425
33428
33429
33430
33431
33432
33433
33435
33437
33438
33439
33441
33442
33443
33444
33445
33446
33447
33448
33452
33453
33454
33455
33457
33459
33461
33463
33465
33467
33468
33470
33472
33475
33480
33485
33487
33488
33489
33491
33492
33493
33494
33495
33496
33497
33498
33499
33500
33501
33503
33504
33505
33506
33507
33508
33509
33511
33512
33513
33515
33516
33518
33519
33520
33521
33522
33523
33524
33525
33527
33528
33531
33532
33534
33539
33540
33542
33543
33544
33545
33547
33548
33549
33551
33553
33554
33555
33556
33557
33558
33560
33562
33563
33566
33567
33569
33570
33571
33572
33574
33575
33576
33577
33578
33580
33581
33582
33583
33585
33586
33587
33588
33589
33592
33594
33595
33598
33600
33601
33602
33604
33606
33607
33610
33611
33612
33613
33615
33616
33617
33618
33619
33620
33622
33623
33626
33628
33629
33630
33631
33634
33635
33640
33642
33644
33645
33646
33647
33649
33650
33651
33654
33655
33656
33657
33658
33659
33660
33661
33662
33663
33665
33668
33669
33670
33671
33673
33675
33676
33678
33679
33680
33682
33683
33684
33685
33688
33692
33694
33696
33697
33698
33701
33704
33705
33708
33709
33710
33711
33712
33713
33715
33716
33719
33723
33724
33725
33726
33727
33728
33729
33730
33732
33733
33734
33736
33737
33738
33739
33740
33741
33743
33744
33745
33746
33747
33750
33751
33752
33755
33756
33759
33765
33767
33769
33770
33771
33772
33773
33774
33775
33776
33777
33778
33779
33781
33783
33784
33786
33787
33788
33789
33790
33791
33792
33793
33797
33799
33800
33801
33802
33803
33804
33805
33806
33807
33808
33809
33812
33813
33814
33816
33819
33820
33821
33825
33826
33827
33830
33831
33833
33841
33843
33847
33849
33853
33859
33861
33870
33876
33877
33878
33879
33880
33881
33884
33888
33892
33896
33900
33903
33905
33909
33913
33916
33918
33919
33922
33925
33929
33933
33934
33935
33945
33948
33958
33959
33960
33961
33963
33966
33974
33979
33980
33983
33989
33991
33997
33998
34001
34002
34003
34004
34005
34006
34007
34008
34009
34010
34011
34012
34013
34014
34015
34016
34017
34018
34019
34020
34021
34022
34023
34024
34025
34026
34028
34029
34030
34031
34033
34034
34035
34037
34038
34039
34040
34041
34042
34043
34044
34045
34047
34048
34049
34050
34052
34053
34054
34055
34056
34057
34058
34059
34061
34062
34063
34065
34066
34067
34068
34069
34072
34073
34074
34079
34080
34081
34082
34083
34084
34085
34086
34087
34088
34089
34092
34093
34094
34095
34096
34097
34099
34101
34102
34103
34104
34105
34106
34107
34108
34109
34110
34111
34112
34113
34114
34115
34117
34118
34119
34120
34122
34126
34127
34128
34129
34130
34131
34139
34140
34142
34143
34146
34148
34149
34155
34156
34157
34158
34159
34160
34162
34164
34165
34166
34167
34168
34169
34170
34171
34172
34174
34175
34176
34177
34178
34180
34181
34182
34183
34184
34185
34186
34187
34191
34193
34194
34195
34196
34197
34198
34199
34201
34202
34203
34204
34205
34206
34207
34208
34209
34210
34211
34212
34213
34214
34215
34217
34218
34219
34220
34221
34222
34223
34224
34225
34226
34228
34229
34230
34231
34232
34233
34234
34235
34236
34237
34238
34239
34241
34242
34244
34250
34251
34253
34258
34260
34262
34264
34265
34266
34267
34269
34270
34271
34272
34273
34274
34275
34276
34277
34278
34279
34281
34282
34283
34284
34285
34287
34288
34289
34290
34292
34293
34294
34295
34296
34299
34300
34301
34302
34305
34307
34310
34313
34314
34315
34316
34317
34318
34319
34322
34326
34327
34328
34329
34331
34336
34343
34344
34347
34348
34349
34351
34353
34354
34355
34357
34359
34361
34362
34363
34364
34365
34366
34368
34369
34370
34371
34372
34373
34374
34377
34378
34379
34380
34381
34382
34383
34384
34385
34386
34387
34388
34389
34390
34391
34392
34393
34394
34395
34396
34397
34398
34399
34401
34402
34403
34405
34406
34407
34408
34409
34410
34411
34412
34413
34414
34415
34416
34417
34418
34419
34420
34421
34422
34423
34424
34425
34426
34427
34428
34429
34430
34432
34433
34434
34435
34436
34437
34438
34439
34441
34442
34443
34444
34445
34446
34447
34448
34449
34450
34451
34453
34454
34456
34457
34458
34459
34461
34462
34463
34464
34465
34466
34467
34468
34469
34471
34472
34473
34474
34475
34476
34477
34478
34479
34481
34482
34485
34488
34489
34490
34491
34492
34493
34494
34497
34498
34499
34500
34501
34503
34504
34505
34506
34509
34510
34511
34512
34514
34515
34517
34518
34520
34522
34523
34525
34527
34529
34531
34533
34537
34538
34539
34541
34544
34545
34546
34547
34549
34551
34552
34553
34554
34556
34558
34559
34560
34563
34565
34567
34568
34569
34570
34571
34573
34574
34575
34577
34579
34581
34582
34583
34584
34585
34586
34587
34588
34590
34591
34592
34594
34595
34596
34597
34598
34599
34600
34603
34604
34606
34607
34608
34609
34610
34611
34612
34613
34614
34615
34616
34617
34618
34619
34621
34622
34624
34625
34626
34627
34628
34629
34630
34632
34633
34635
34636
34637
34638
34639
34640
34641
34642
34643
34644
34645
34646
34647
34648
34649
34650
34651
34652
34653
34654
34655
34656
34657
34659
34660
34664
34665
34667
34668
34669
34671
34673
34675
34677
34679
34681
34684
34685
34686
34690
34695
34703
34705
34706
34707
34708
34709
34711
34712
34713
34714
34715
34716
34717
34719
34720
34721
34723
34725
34726
34727
34728
34729
34730
34731
34732
34733
34734
34736
34739
34740
34741
34743
34744
34745
34746
34748
34749
34750
34751
34752
34753
34756
34758
34761
34762
34764
34765
34769
34771
34773
34774
34775
34778
34779
34782
34785
34786
34787
34789
34791
34792
34793
34794
34795
34802
34803
34809
34810
34812
34819
34820
34824
34826
34828
34829
34830
34831
34832
34833
34834
34836
34837
34838
34839
34840
34841
34842
34844
34845
34846
34847
34848
34849
34850
34852
34853
34854
34855
34857
34858
34859
34860
34861
34863
34865
34868
34869
34870
34871
34874
34875
34876
34878
34880
34881
34882
34885
34886
34888
34893
34894
34896
34899
34900
34903
34905
34908
34909
34910
34911
34912
34913
34914
34915
34916
34917
34918
34919
34920
34922
34923
34924
34925
34926
34927
34928
34929
34930
34931
34932
34933
34934
34935
34936
34937
34938
34939
34940
34942
34943
34944
34945
34946
34948
34949
34950
34951
34952
34953
34956
34957
34958
34959
34960
34964
34967
34968
34969
34970
34973
34974
34976
34979
34980
34982
34983
34985
34987
34988
34992
34994
34995
34996
34999
35000
35001
35002
35003
35004
35006
35007
35009
35010
35012
35013
35014
35016
35018
35019
35022
35024
35025
35026
35027
35028
35029
35030
35031
35033
35034
35037
35038
35042
35043
35044
35045
35046
35047
35050
35051
35055
35056
35057
35059
35060
35066
35067
35072
35093
35095
35096
35099
35101
35102
35103
35106
35107
35108
35113
35116
35120
35124
35125
35127
35128
35129
35130
35131
35134
35135
35136
35137
35138
35139
35142
35143
35144
35145
35146
35150
35151
35152
35153
35154
35158
35159
35160
35161
35162
35163
35165
35166
35167
35168
35172
35175
35179
35182
35187
35189
35190
35193
35195
35196
35205
35207
35208
35210
35212
35215
35216
35217
35218
35220
35221
35222
35223
35225
35226
35228
35229
35231
35232
35237
35239
35242
35243
35245
35246
35247
35248
35249
35251
35253
35254
35255
35257
35260
35262
35264
35265
35266
35269
35271
35272
35273
35274
35276
35277
35280
35281
35283
35284
35287
35289
35300
35301
35302
35303
35305
35307
35308
35310
35311
35313
35317
35319
35320
35322
35324
35325
35329
35332
35333
35334
35335
35336
35339
35340
35342
35344
35345
35346
35347
35348
35350
35351
35352
35353
35354
35356
35357
35358
35360
35363
35364
35365
35366
35367
35368
35369
35370
35372
35373
35375
35376
35377
35378
35379
35380
35381
35383
35385
35386
35388
35390
35393
35394
35395
35396
35406
35409
35419
35421
35431
35436
35439
35442
35444
35446
35450
35451
35452
35453
35454
35455
35456
35457
35459
35460
35461
35462
35465
35468
35469
35471
35472
35473
35474
35475
35476
35479
35480
35481
35482
35483
35485
35487
35491
35493
35494
35495
35496
35498
35499
35501
35503
35508
35510
35511
35514
35518
35519
35526
35528
35529
35530
35531
35535
35539
35541
35544
35549
35551
35552
35553
35556
35561
35562
35566
35573
35577
35579
35580
35581
35585
35586
35587
35589
35593
35594
35595
35596
35598
35599
35600
35601
35605
35607
35608
35609
35610
35611
35612
35614
35615
35619
35622
35623
35627
35628
35629
35631
35632
35634
35635
35636
35637
35638
35639
35640
35641
35642
35643
35645
35646
35647
35648
35649
35653
35654
35655
35656
35659
35660
35661
35662
35663
35664
35666
35667
35668
35669
35670
35671
35672
35673
35675
35678
35679
35680
35681
35683
35684
35685
35686
35687
35688
35689
35690
35691
35692
35693
35694
35695
35697
35698
35700
35701
35703
35704
35705
35709
35710
35711
35712
35713
35714
35715
35716
35717
35718
35719
35720
35721
35722
35723
35724
35725
35726
35727
35728
35729
35730
35731
35732
35733
35734
35735
35736
35737
35738
35740
35741
35743
35744
35745
35746
35748
35749
35750
35752
35753
35754
35755
35756
35757
35758
35760
35761
35762
35763
35764
35768
35771
35772
35774
35775
35777
35778
35779
35780
35781
35784
35789
35790
35791
35792
35794
35796
35798
35799
35801
35802
35803
35805
35806
35807
35809
35810
35812
35814
35815
35817
35818
35819
35820
35821
35822
35823
35825
35828
35830
35833
35839
35841
35843
35848
35849
35850
35851
35852
35853
35854
35855
35856
35857
35858
35859
35860
35861
35862
35864
35865
35866
35867
35868
35869
35871
35872
35873
35875
35876
35877
35878
35879
35882
35883
35884
35885
35886
35887
35888
35889
35890
35891
35892
35893
35894
35895
35896
35897
35898
35899
35900
35901
35902
35903
35904
35905
35908
35909
35910
35911
35912
35913
35914
35915
35916
35917
35918
35919
35920
35921
35922
35923
35924
35925
35926
35927
35929
35930
35931
35932
35933
35934
35935
35936
35937
35939
35940
35941
35942
35944
35945
35947
35949
35952
35953
35954
35955
35956
35957
35958
35959
35960
35961
35962
35963
35965
35966
35968
35969
35970
35972
35974
35978
35980
35982
35983
35984
35985
35986
35988
35992
35994
35995
35996
35997
35998
36000
36002
36003
36004
36005
36007
36008
36010
36014
36016
36019
36022
36024
36025
36026
36028
36029
36030
36033
36034
36038
36039
36040
36041
36042
36043
36044
36045
36046
36047
36048
36049
36050
36051
36052
36053
36054
36055
36056
36057
36058
36059
36060
36061
36062
36063
36064
36065
36066
36067
36068
36069
36070
36071
36072
36073
36074
36075
36076
36077
36078
36079
36080
36081
36082
36083
36084
36085
36086
36087
36088
36089
36090
36091
36092
36093
36094
36095
36096
36097
36098
36100
36101
36102
36103
36104
36105
36107
36108
36109
36110
36111
36112
36113
36114
36115
36116
36117
36118
36119
36120
36121
36122
36123
36124
36125
36126
36127
36128
36129
36130
36131
36132
36133
36134
36135
36136
36137
36138
36139
36140
36141
36142
36143
36144
36145
36147
36148
36149
36150
36151
36152
36153
36154
36155
36156
36157
36159
36160
36161
36162
36163
36164
36165
36167
36168
36170
36172
36173
36174
36175
36176
36178
36179
36180
36181
36182
36183
36184
36186
36187
36188
36190
36191
36192
36193
36194
36195
36196
36197
36198
36199
36200
36201
36202
36203
36204
36205
36206
36207
36208
36209
36210
36211
36212
36213
36214
36218
36219
36220
36221
36222
36224
36225
36226
36228
36230
36231
36233
36234
36235
36236
36239
36240
36241
36242
36243
36245
36246
36247
36248
36249
36250
36251
36252
36253
36254
36255
36256
36257
36258
36259
36260
36261
36262
36263
36264
36265
36266
36267
36268
36269
36270
36271
36272
36273
36274
36275
36276
36277
36278
36279
36280
36281
36282
36283
36284
36285
36287
36291
36292
36293
36294
36295
36296
36297
36298
36299
36300
36301
36302
36303
36304
36305
36306
36307
36308
36309
36310
36311
36312
36313
36314
36316
36317
36318
36319
36320
36321
36322
36323
36324
36326
36328
36329
36331
36332
36334
36335
36336
36338
36341
36342
36343
36346
36348
36349
36350
36354
36355
36356
36357
36358
36360
36362
36363
36364
36365
36366
36367
36368
36369
36370
36372
36375
36377
36378
36379
36380
36381
36382
36383
36384
36385
36386
36387
36388
36389
36390
36392
36393
36394
36395
36396
36397
36399
36400
36401
36402
36404
36405
36406
36407
36409
36411
36414
36416
36417
36424
36425
36426
36430
36431
36433
36436
36441
36444
36446
36447
36448
36449
36450
36451
36453
36454
36455
36456
36459
36460
36461
36462
36465
36467
36469
36471
36473
36474
36476
36477
36478
36479
36481
36484
36487
36488
36490
36494
36497
36498
36499
36500
36501
36503
36507
36508
36515
36516
36517
36519
36520
36522
36524
36525
36526
36527
36528
36529
36530
36531
36532
36533
36535
36536
36537
36538
36539
36540
36541
36542
36543
36544
36545
36546
36547
36548
36550
36551
36552
36553
36554
36555
36561
36562
36564
36565
36566
36568
36569
36572
36573
36575
36577
36579
36586
36587
36588
36592
36593
36594
36595
36597
36598
36601
36602
36603
36604
36605
36606
36608
36610
36611
36612
36613
36615
36619
36620
36626
36627
36628
36630
36633
36636
36637
36638
36639
36640
36641
36642
36643
36644
36645
36646
36647
36648
36649
36653
36654
36655
36656
36657
36658
36660
36661
36662
36663
36664
36665
36666
36667
36668
36669
36670
36671
36672
36674
36675
36676
36677
36681
36682
36684
36685
36689
36691
36693
36695
36696
36697
36699
36700
36701
36702
36704
36705
36706
36708
36709
36710
36711
36712
36713
36716
36717
36719
36720
36721
36722
36723
36728
36729
36730
36732
36739
36741
36743
36744
36748
36759
36761
36762
36765
36767
36769
36770
36771
36773
36775
36776
36777
36778
36779
36780
36782
36786
36788
36792
36793
36794
36796
36797
36799
36802
36805
36806
36808
36810
36819
36822
36824
36825
36826
36827
36829
36830
36833
36835
36836
36837
36838
36839
36840
36841
36842
36843
36844
36845
36846
36851
36852
36853
36856
36865
36868
36869
36870
36872
36873
36874
36875
36876
36877
36878
36879
36880
36881
36882
36884
36886
36887
36888
36889
36890
36892
36894
36896
36899
36910
36913
36914
36915
36916
36917
36922
36923
36924
36925
36928
36929
36930
36931
36932
36934
36939
36943
36944
36945
36946
36947
36948
36949
36950
36951
36952
36956
36958
36960
36961
36963
36964
36966
36967
36968
36969
36970
36971
36972
36973
36974
36975
36976
36977
36978
36979
36980
36981
36982
36983
36984
36986
36987
36988
36989
36990
36991
36992
36993
36994
36995
36996
36997
36998
37000
37001
37002
37004
37005
37009
37010
37011
37012
37014
37016
37017
37019
37020
37021
37022
37024
37025
37026
37028
37030
37031
37032
37033
37034
37035
37038
37039
37040
37041
37042
37044
37045
37047
37048
37049
37050
37051
37054
37055
37058
37059
37061
37063
37065
37066
37067
37068
37069
37070
37071
37072
37073
37074
37075
37076
37078
37079
37080
37081
37086
37087
37089
37090
37092
37093
37095
37096
37097
37098
37099
37100
37104
37106
37107
37111
37113
37114
37115
37117
37118
37121
37123
37124
37125
37126
37127
37128
37129
37130
37134
37136
37137
37138
37139
37140
37141
37142
37143
37144
37145
37146
37147
37148
37149
37150
37151
37152
37153
37155
37156
37157
37158
37159
37160
37162
37163
37164
37165
37166
37167
37168
37169
37170
37172
37173
37174
37175
37176
37177
37178
37179
37180
37181
37182
37183
37184
37185
37186
37187
37188
37189
37190
37191
37192
37193
37194
37195
37197
37201
37202
37204
37205
37206
37207
37208
37209
37210
37211
37212
37213
37214
37215
37216
37217
37218
37219
37220
37221
37222
37223
37225
37226
37227
37228
37229
37230
37231
37232
37241
37243
37244
37249
37250
37251
37252
37253
37254
37255
37256
37258
37259
37260
37262
37263
37265
37266
37267
37268
37269
37270
37271
37272
37273
37275
37276
37278
37279
37281
37282
37283
37285
37286
37288
37289
37292
37294
37296
37297
37298
37299
37300
37301
37302
37303
37305
37306
37308
37311
37314
37316
37318
37319
37321
37323
37324
37325
37326
37327
37329
37330
37331
37332
37333
37334
37335
37336
37337
37339
37341
37343
37346
37347
37348
37349
37350
37351
37352
37353
37354
37355
37356
37357
37358
37359
37360
37361
37362
37363
37364
37365
37366
37367
37368
37369
37370
37371
37372
37373
37374
37375
37376
37377
37378
37379
37381
37382
37383
37384
37385
37386
37387
37388
37389
37390
37391
37392
37393
37394
37395
37396
37397
37398
37399
37400
37401
37402
37403
37404
37405
37406
37407
37408
37409
37410
37411
37412
37413
37414
37415
37416
37417
37418
37419
37423
37424
37425
37426
37427
37428
37430
37431
37432
37433
37434
37435
37436
37437
37438
37439
37440
37441
37442
37443
37444
37445
37446
37447
37448
37449
37450
37451
37452
37453
37454
37456
37457
37458
37459
37460
37462
37463
37464
37467
37468
37469
37472
37474
37477
37479
37480
37482
37483
37485
37486
37487
37488
37489
37490
37492
37493
37494
37495
37496
37497
37498
37499
37501
37502
37503
37505
37507
37508
37509
37510
37511
37512
37513
37515
37516
37517
37518
37519
37520
37521
37522
37523
37524
37526
37527
37528
37529
37530
37531
37532
37533
37535
37537
37542
37543
37544
37545
37546
37547
37548
37549
37550
37551
37552
37554
37555
37556
37557
37559
37560
37561
37562
37563
37564
37565
37568
37571
37573
37577
37578
37579
37580
37584
37585
37586
37587
37588
37589
37590
37591
37592
37593
37594
37595
37596
37597
37598
37599
37600
37601
37602
37603
37604
37605
37606
37607
37608
37609
37610
37611
37612
37613
37614
37615
37616
37617
37618
37619
37620
37621
37622
37623
37625
37626
37627
37628
37630
37631
37633
37638
37641
37642
37643
37644
37645
37646
37647
37648
37649
37650
37651
37652
37653
37654
37655
37656
37657
37658
37659
37660
37661
37662
37663
37665
37666
37673
37675
37678
37679
37680
37682
37683
37684
37686
37687
37688
37690
37692
37693
37695
37696
37697
37698
37700
37702
37704
37705
37706
37707
37709
37710
37711
37712
37713
37714
37715
37716
37717
37718
37719
37720
37721
37722
37723
37724
37725
37726
37727
37728
37729
37730
37731
37732
37733
37734
37735
37736
37737
37740
37742
37743
37744
37745
37747
37750
37752
37753
37756
37758
37759
37760
37761
37762
37765
37766
37767
37770
37771
37773
37774
37776
37777
37778
37780
37782
37785
37786
37789
37790
37792
37794
37795
37798
37801
37803
37807
37810
37811
37813
37815
37818
37820
37823
37824
37826
37828
37831
37832
37833
37834
37835
37836
37837
37838
37839
37840
37841
37842
37843
37844
37848
37850
37851
37852
37858
37860
37862
37866
37867
37869
37874
37875
37876
37877
37879
37881
37883
37884
37888
37895
37909
37914
37915
37918
37921
37924
37926
37929
37933
37934
37936
37939
37945
37951
37953
37956
37958
37962
37963
37965
37966
37967
37968
37970
37971
37972
37973
37976
37977
37978
37979
37980
37982
37984
37985
37987
37989
37992
37994
37996
37999
38000
38001
38004
38021
38023
38025
38026
38030
38031
38032
38033
38034
38035
38036
38037
38038
38040
38041
38042
38043
38047
38049
38055
38059
38061
38064
38070
38076
38081
38087
38089
38090
38092
38094
38098
38104
38107
38113
38114
38117
38120
38122
38125
38126
38128
38131
38132
38133
38134
38136
38137
38138
38140
38142
38146
38148
38149
38150
38151
38154
38155
38157
38158
38164
38167
38170
38172
38177
38183
38186
38189
38191
38196
38198
38200
38204
38205
38206
38207
38208
38210
38211
38213
38214
38215
38216
38218
38220
38222
38223
38225
38229
38232
38233
38234
38235
38236
38237
38238
38239
38240
38243
38248
38249
38252
38253
38256
38258
38259
38262
38263
38264
38266
38271
38273
38274
38275
38277
38278
38280
38281
38282
38283
38284
38285
38286
38287
38289
38291
38294
38295
38301
38303
38307
38308
38309
38310
38311
38312
38313
38316
38320
38327
38328
38331
38332
38336
38337
38338
38339
38342
38349
38352
38355
38356
38357
38358
38359
38360
38361
38362
38363
38364
38365
38366
38367
38368
38369
38370
38371
38373
38374
38375
38376
38377
38378
38379
38380
38381
38382
38383
38384
38385
38387
38388
38392
38393
38395
38396
38397
38398
38399
38400
38401
38402
38404
38406
38407
38408
38409
38410
38411
38412
38414
38415
38417
38418
38423
38425
38427
38428
38429
38430
38431
38432
38433
38434
38435
38436
38437
38438
38439
38440
38441
38442
38445
38446
38447
38448
38449
38450
38451
38452
38453
38454
38455
38456
38457
38458
38459
38460
38461
38462
38463
38464
38465
38467
38468
38471
38472
38473
38475
38477
38478
38479
38482
38483
38484
38485
38486
38487
38489
38490
38491
38492
38493
38494
38495
38496
38498
38499
38500
38501
38502
38503
38504
38505
38506
38507
38508
38509
38510
38511
38512
38513
38514
38515
38516
38517
38518
38519
38520
38521
38522
38523
38525
38527
38528
38529
38530
38531
38535
38536
38537
38538
38539
38540
38541
38542
38543
38544
38545
38546
38547
38548
38549
38550
38551
38552
38553
38554
38555
38556
38557
38558
38562
38563
38565
38567
38568
38570
38571
38572
38573
38574
38575
38576
38577
38578
38579
38580
38581
38582
38584
38585
38586
38587
38588
38589
38590
38594
38596
38597
38599
38600
38601
38603
38605
38606
38607
38608
38609
38610
38611
38612
38613
38614
38615
38616
38617
38618
38619
38620
38621
38622
38623
38624
38626
38627
38628
38629
38630
38631
38632
38633
38634
38635
38638
38639
38640
38641
38642
38643
38644
38646
38648
38649
38650
38653
38654
38655
38658
38659
38660
38661
38665
38671
38672
38673
38675
38676
38677
38678
38679
38681
38682
38683
38684
38686
38687
38689
38691
38692
38695
38696
38697
38698
38699
38700
38701
38702
38703
38704
38706
38708
38709
38710
38711
38712
38713
38715
38719
38720
38723
38724
38725
38726
38727
38728
38729
38730
38731
38732
38733
38734
38735
38736
38737
38739
38740
38741
38742
38743
38744
38745
38747
38748
38749
38750
38751
38752
38753
38754
38755
38757
38758
38759
38760
38761
38762
38763
38764
38765
38766
38767
38768
38770
38771
38772
38773
38774
38775
38776
38777
38778
38779
38780
38781
38783
38784
38785
38786
38787
38788
38789
38791
38794
38796
38797
38798
38799
38800
38801
38802
38803
38804
38805
38806
38807
38808
38809
38810
38811
38812
38813
38814
38815
38816
38817
38818
38819
38820
38821
38822
38824
38825
38826
38827
38828
38829
38830
38831
38832
38833
38834
38835
38837
38838
38840
38841
38842
38843
38846
38847
38848
38849
38850
38851
38852
38853
38855
38856
38857
38859
38860
38862
38863
38864
38865
38866
38867
38868
38870
38871
38873
38874
38876
38879
38881
38882
38884
38885
38889
38890
38891
38893
38896
38897
38898
38899
38900
38905
38908
38909
38910
38912
38914
38915
38916
38917
38919
38921
38923
38924
38925
38931
38933
38934
38935
38937
38938
38939
38940
38941
38942
38943
38944
38945
38946
38947
38950
38951
38952
38953
38954
38955
38956
38957
38958
38959
38960
38961
38962
38963
38964
38965
38966
38967
38968
38969
38970
38971
38972
38973
38974
38975
38978
38980
38981
38983
38986
38987
38988
38989
38990
38991
38993
38994
38995
38996
38997
38998
38999
39000
39001
39002
39003
39004
39005
39006
39007
39008
39009
39010
39011
39013
39014
39016
39018
39020
39021
39023
39026
39027
39029
39030
39031
39033
39034
39035
39036
39037
39038
39039
39040
39041
39042
39043
39044
39045
39046
39048
39050
39051
39052
39054
39056
39057
39059
39060
39061
39062
39063
39064
39065
39066
39067
39068
39069
39070
39071
39072
39073
39074
39075
39076
39079
39080
39081
39082
39083
39084
39085
39086
39090
39092
39093
39095
39096
39097
39099
39100
39101
39102
39104
39105
39106
39107
39108
39109
39110
39111
39112
39113
39114
39116
39117
39118
39119
39120
39123
39124
39125
39126
39128
39129
39132
39134
39136
39137
39140
39141
39144
39145
39146
39147
39148
39149
39150
39151
39152
39155
39156
39157
39158
39159
39160
39161
39162
39163
39164
39166
39167
39168
39169
39173
39178
39181
39182
39183
39185
39187
39188
39191
39192
39193
39194
39195
39197
39198
39199
39200
39201
39202
39203
39204
39205
39206
39207
39208
39209
39210
39211
39212
39213
39214
39216
39219
39221
39222
39223
39224
39226
39227
39228
39229
39232
39233
39234
39236
39237
39238
39239
39240
39242
39243
39247
39248
39250
39251
39252
39253
39255
39256
39257
39258
39260
39261
39262
39263
39264
39265
39266
39269
39270
39271
39272
39273
39274
39275
39277
39283
39284
39286
39289
39291
39293
39295
39296
39297
39298
39299
39300
39301
39302
39304
39305
39306
39307
39308
39309
39310
39311
39312
39313
39315
39316
39319
39320
39321
39322
39323
39324
39327
39328
39329
39330
39331
39333
39334
39336
39338
39340
39341
39342
39343
39344
39347
39348
39349
39350
39351
39352
39353
39354
39355
39356
39357
39358
39360
39362
39363
39364
39366
39368
39370
39373
39374
39375
39376
39378
39380
39381
39382
39383
39386
39387
39388
39389
39390
39392
39396
39397
39398
39406
39408
39409
39410
39412
39413
39414
39416
39417
39420
39421
39422
39423
39424
39425
39426
39427
39428
39429
39430
39432
39433
39434
39435
39436
39437
39438
39439
39440
39441
39442
39443
39444
39446
39447
39448
39451
39452
39453
39454
39456
39458
39459
39461
39463
39465
39468
39472
39473
39474
39475
39476
39478
39479
39480
39481
39482
39483
39484
39485
39492
39495
39497
39498
39502
39507
39508
39509
39510
39511
39514
39515
39516
39517
39518
39519
39520
39521
39522
39523
39524
39525
39526
39527
39528
39529
39530
39531
39532
39533
39534
39535
39536
39537
39538
39540
39542
39543
39545
39546
39550
39551
39552
39554
39557
39558
39560
39562
39563
39564
39565
39566
39567
39568
39569
39570
39571
39572
39573
39574
39575
39576
39577
39578
39581
39583
39584
39585
39586
39590
39591
39592
39593
39594
39595
39596
39597
39598
39599
39600
39601
39602
39603
39606
39607
39608
39610
39611
39614
39615
39616
39617
39618
39619
39620
39621
39622
39623
39624
39625
39626
39628
39629
39630
39631
39632
39636
39637
39638
39639
39640
39641
39642
39643
39644
39645
39646
39647
39648
39649
39650
39651
39652
39653
39654
39655
39656
39657
39658
39659
39660
39661
39662
39663
39664
39665
39666
39667
39668
39669
39670
39671
39672
39674
39676
39677
39679
39681
39682
39683
39684
39685
39686
39687
39688
39689
39690
39692
39693
39694
39695
39698
39700
39702
39704
39705
39706
39708
39709
39710
39711
39712
39716
39717
39718
39719
39721
39722
39723
39725
39727
39728
39729
39730
39731
39733
39734
39735
39736
39739
39742
39743
39745
39748
39749
39750
39751
39753
39755
39758
39759
39762
39763
39764
39765
39766
39767
39768
39770
39771
39779
39780
39781
39782
39783
39784
39785
39786
39787
39788
39789
39790
39792
39793
39795
39796
39798
39799
39800
39801
39802
39803
39804
39805
39808
39809
39810
39811
39812
39813
39814
39815
39816
39817
39818
39819
39820
39821
39822
39824
39825
39826
39827
39830
39831
39832
39834
39835
39837
39838
39839
39840
39841
39842
39844
39845
39846
39848
39849
39850
39851
39854
39855
39856
39857
39858
39859
39860
39862
39864
39865
39866
39867
39869
39870
39872
39873
39875
39876
39878
39879
39881
39882
39883
39885
39888
39889
39890
39891
39893
39894
39895
39897
39898
39901
39902
39903
39904
39908
39909
39910
39911
39913
39914
39916
39917
39918
39919
39920
39921
39922
39923
39924
39925
39926
39929
39930
39931
39933
39935
39936
39937
39939
39940
39941
39942
39943
39944
39945
39946
39947
39948
39949
39950
39951
39952
39953
39955
39956
39957
39958
39959
39960
39961
39962
39963
39964
39965
39966
39967
39968
39969
39970
39973
39976
39977
39978
39979
39980
39981
39982
39983
39984
39985
39986
39987
39988
39989
39990
39991
39992
39993
39995
39996
39997
40000
40001
40002
40004
40007
40008
40010
40013
40014
40017
40019
40020
40021
40022
40024
40025
40026
40028
40030
40033
40035
40037
40038
40041
40042
40043
40044
40046
40047
40050
40051
40053
40055
40057
40058
40063
40064
40065
40067
40068
40069
40070
40071
40072
40074
40075
40077
40078
40079
40081
40082
40085
40091
40092
40095
40096
40097
40098
40099
40100
40101
40102
40103
40104
40106
40107
40108
40109
40110
40111
40112
40113
40114
40115
40116
40118
40119
40124
40127
40128
40129
40134
40135
40136
40137
40139
40140
40142
40146
40148
40154
40157
40161
40162
40163
40164
40165
40166
40167
40168
40169
40170
40171
40172
40173
40174
40175
40176
40177
40178
40179
40181
40182
40183
40184
40185
40186
40187
40188
40189
40190
40191
40192
40193
40194
40195
40196
40197
40199
40200
40201
40202
40203
40204
40205
40206
40207
40210
40211
40212
40213
40214
40215
40216
40218
40219
40220
40221
40222
40223
40225
40228
40229
40230
40232
40239
40240
40243
40244
40245
40246
40247
40250
40251
40252
40253
40254
40255
40257
40260
40261
40262
40263
40264
40268
40272
40274
40275
40278
40279
40284
40289
40295
40297
40299
40300
40301
40302
40304
40305
40306
40307
40308
40309
40310
40311
40312
40313
40314
40315
40316
40317
40318
40319
40320
40321
40322
40323
40324
40325
40326
40327
40328
40329
40330
40331
40332
40333
40334
40335
40336
40337
40338
40339
40340
40341
40343
40344
40345
40348
40349
40350
40351
40352
40353
40354
40356
40357
40358
40359
40360
40361
40362
40363
40364
40365
40366
40367
40368
40369
40370
40371
40372
40373
40374
40376
40377
40378
40381
40382
40385
40387
40389
40390
40391
40392
40395
40396
40398
40400
40403
40404
40407
40409
40411
40412
40413
40416
40417
40419
40420
40422
40423
40424
40426
40428
40431
40433
40434
40435
40437
40439
40441
40442
40443
40444
40445
40446
40449
40450
40451
40452
40454
40455
40456
40457
40458
40460
40461
40462
40463
40464
40465
40466
40467
40468
40469
40470
40472
40473
40474
40475
40476
40479
40480
40481
40483
40484
40485
40486
40487
40488
40489
40490
40493
40494
40495
40498
40499
40501
40502
40503
40504
40505
40509
40510
40514
40515
40516
40517
40518
40519
40521
40522
40523
40524
40525
40528
40530
40534
40542
40545
40546
40548
40549
40550
40551
40555
40556
40560
40564
40565
40566
40568
40569
40570
40571
40572
40573
40574
40575
40576
40577
40578
40579
40580
40581
40582
40584
40586
40587
40588
40589
40590
40591
40592
40593
40595
40597
40598
40599
40600
40601
40603
40605
40606
40607
40608
40609
40611
40612
40614
40616
40617
40618
40619
40620
40621
40622
40623
40624
40626
40631
40632
40633
40635
40637
40638
40639
40640
40641
40645
40646
40647
40648
40649
40650
40654
40655
40657
40658
40659
40662
40663
40664
40669
40672
40675
40676
40679
40681
40683
40684
40685
40686
40687
40688
40689
40690
40693
40694
40695
40696
40697
40698
40699
40700
40701
40702
40703
40704
40705
40706
40707
40708
40710
40711
40712
40714
40716
40717
40719
40720
40721
40722
40724
40725
40726
40727
40728
40729
40730
40731
40732
40733
40734
40736
40739
40740
40741
40742
40744
40746
40747
40748
40749
40750
40751
40752
40753
40754
40755
40757
40758
40760
40761
40762
40763
40764
40767
40768
40771
40773
40774
40775
40776
40778
40779
40780
40781
40782
40784
40785
40786
40787
40789
40791
40792
40793
40794
40795
40797
40798
40800
40801
40804
40805
40807
40811
40812
40814
40815
40819
40820
40822
40823
40824
40825
40826
40827
40828
40829
40832
40833
40834
40835
40836
40837
40838
40839
40840
40843
40846
40848
40849
40850
40851
40852
40853
40854
40856
40857
40858
40861
40862
40863
40864
40865
40866
40867
40868
40869
40870
40871
40872
40873
40874
40875
40876
40877
40878
40879
40880
40881
40882
40883
40884
40886
40887
40888
40889
40891
40892
40893
40895
40896
40897
40898
40899
40900
40901
40902
40903
40904
40905
40906
40907
40908
40909
40911
40912
40913
40914
40915
40916
40918
40919
40921
40922
40923
40924
40925
40926
40927
40928
40929
40930
40931
40932
40933
40934
40935
40937
40938
40939
40940
40941
40942
40944
40946
40948
40958
40960
40961
40962
40963
40964
40965
40966
40967
40969
40971
40972
40973
40974
40975
40977
40978
40979
40980
40983
40985
40986
40987
40988
40989
40991
40992
40993
40994
40997
40998
41001
41003
41004
41005
41007
41009
41010
41011
41012
41014
41015
41017
41021
41022
41024
41026
41029
41030
41031
41032
41033
41034
41035
41036
41037
41038
41039
41040
41041
41042
41043
41044
41045
41048
41049
41051
41052
41053
41054
41055
41056
41057
41058
41059
41060
41061
41062
41063
41064
41065
41066
41067
41068
41069
41070
41071
41075
41076
41078
41079
41080
41081
41082
41083
41084
41085
41087
41088
41090
41091
41092
41093
41094
41096
41097
41098
41099
41100
41101
41103
41104
41106
41109
41111
41112
41113
41117
41120
41121
41124
41125
41126
41128
41131
41134
41135
41136
41140
41142
41143
41145
41146
41147
41148
41149
41150
41152
41153
41155
41157
41158
41161
41165
41166
41167
41168
41169
41170
41172
41175
41177
41178
41180
41181
41183
41184
41186
41187
41188
41191
41192
41193
41195
41196
41197
41199
41201
41204
41205
41207
41208
41212
41213
41214
41216
41217
41218
41221
41222
41224
41226
41227
41228
41229
41231
41232
41245
41253
41256
41257
41259
41261
41263
41265
41267
41268
41269
41272
41275
41278
41279
41280
41281
41283
41290
41292
41294
41295
41296
41297
41299
41300
41301
41307
41308
41309
41312
41314
41317
41319
41320
41321
41322
41323
41327
41330
41331
41332
41336
41338
41341
41342
41346
41347
41349
41351
41352
41356
41357
41360
41362
41363
41366
41367
41368
41369
41381
41385
41386
41389
41391
41393
41394
41395
41396
41397
41398
41399
41400
41401
41402
41403
41404
41405
41406
41407
41408
41409
41410
41411
41413
41414
41415
41417
41418
41420
41421
41422
41423
41424
41429
41431
41432
41434
41435
41441
41443
41444
41446
41450
41453
41454
41455
41456
41457
41458
41459
41461
41462
41463
41464
41465
41466
41467
41468
41470
41472
41473
41474
41475
41477
41478
41479
41481
41482
41484
41486
41494
41496
41499
41501
41502
41503
41504
41505
41506
41509
41510
41511
41512
41513
41514
41515
41517
41518
41519
41520
41521
41522
41523
41524
41525
41527
41528
41529
41530
41531
41532
41533
41534
41535
41536
41537
41539
41540
41541
41542
41543
41544
41545
41546
41547
41548
41549
41550
41551
41552
41553
41554
41555
41556
41557
41558
41559
41560
41561
41562
41563
41564
41565
41568
41570
41571
41572
41573
41574
41576
41577
41578
41579
41580
41581
41582
41583
41584
41586
41588
41590
41591
41592
41593
41597
41600
41602
41604
41605
41606
41608
41609
41610
41611
41612
41613
41614
41616
41617
41618
41620
41621
41622
41623
41624
41625
41626
41627
41628
41629
41632
41633
41634
41635
41638
41640
41641
41644
41645
41646
41648
41650
41652
41653
41654
41656
41657
41660
41662
41663
41672
41673
41674
41675
41676
41677
41678
41680
41681
41682
41684
41685
41686
41687
41688
41689
41690
41691
41692
41693
41694
41695
41696
41697
41698
41699
41700
41702
41703
41705
41706
41707
41708
41709
41710
41711
41712
41713
41714
41715
41716
41717
41718
41719
41720
41721
41722
41723
41724
41725
41726
41727
41728
41729
41730
41731
41732
41733
41734
41735
41736
41737
41739
41740
41741
41742
41743
41744
41745
41746
41747
41748
41749
41750
41751
41753
41755
41756
41760
41761
41763
41764
41765
41766
41767
41768
41769
41770
41771
41772
41773
41774
41775
41776
41777
41778
41779
41780
41781
41782
41783
41784
41785
41786
41787
41788
41789
41790
41791
41793
41794
41797
41801
41802
41806
41807
41808
41809
41810
41811
41812
41813
41814
41816
41818
41819
41821
41822
41823
41824
41825
41827
41828
41829
41830
41831
41832
41834
41835
41838
41840
41841
41842
41843
41844
41845
41846
41847
41848
41850
41851
41853
41856
41858
41862
41869
41870
41872
41873
41875
41877
41878
41880
41881
41885
41887
41888
41890
41891
41892
41894
41895
41897
41898
41899
41900
41902
41903
41905
41906
41907
41908
41909
41912
41914
41915
41916
41917
41918
41919
41920
41921
41922
41923
41924
41926
41927
41928
41929
41930
41931
41933
41934
41935
41936
41937
41938
41941
41942
41946
41947
41948
41949
41950
41951
41952
41954
41955
41956
41957
41960
41961
41962
41963
41964
41965
41966
41967
41968
41969
41972
41974
41976
41979
41980
41983
41984
41985
41987
41988
41989
41990
41991
41992
41993
41996
41998
41999
42000
42006
42007
42008
42009
42010
42011
42012
42013
42015
42016
42017
42018
42019
42020
42023
42024
42026
42027
42030
42031
42033
42035
42037
42039
42044
42046
42047
42048
42049
42054
42055
42056
42058
42059
42060
42062
42063
42066
42068
42069
42071
42074
42076
42083
42084
42085
42086
42087
42089
42090
42091
42092
42093
42094
42095
42096
42097
42098
42099
42100
42101
42102
42103
42104
42105
42106
42107
42108
42113
42114
42115
42116
42117
42119
42120
42121
42122
42123
42124
42125
42126
42128
42129
42130
42131
42132
42133
42134
42135
42136
42137
42138
42139
42140
42142
42146
42147
42148
42149
42150
42151
42152
42156
42157
42161
42164
42166
42167
42168
42169
42170
42171
42172
42174
42175
42176
42179
42181
42182
42184
42185
42186
42187
42188
42189
42190
42191
42192
42193
42195
42196
42198
42199
42201
42203
42205
42209
42210
42212
42214
42215
42216
42217
42218
42219
42221
42223
42226
42228
42229
42230
42231
42232
42233
42234
42235
42236
42237
42238
42239
42240
42241
42242
42243
42244
42245
42246
42247
42249
42250
42251
42252
42253
42259
42260
42261
42262
42263
42264
42265
42266
42267
42268
42270
42271
42272
42273
42274
42275
42277
42278
42279
42280
42282
42283
42285
42286
42287
42288
42289
42290
42291
42292
42293
42296
42299
42300
42302
42304
42305
42306
42307
42311
42312
42313
42314
42320
42323
42324
42326
42327
42328
42329
42331
42332
42333
42335
42336
42337
42338
42341
42342
42343
42344
42345
42346
42347
42348
42349
42352
42353
42354
42356
42358
42359
42360
42361
42364
42367
42368
42369
42371
42372
42375
42376
42378
42379
42380
42381
42383
42386
42387
42388
42393
42394
42395
42396
42398
42399
42400
42401
42402
42404
42406
42407
42409
42411
42413
42414
42416
42420
42421
42422
42423
42424
42425
42426
42427
42428
42429
42430
42431
42432
42434
42435
42436
42437
42439
42441
42442
42443
42445
42446
42447
42448
42449
42450
42451
42452
42453
42454
42455
42456
42457
42459
42460
42461
42462
42463
42464
42465
42466
42467
42468
42469
42470
42471
42472
42473
42474
42475
42476
42477
42479
42481
42482
42483
42484
42487
42488
42489
42491
42493
42494
42495
42497
42498
42499
42500
42501
42502
42503
42505
42507
42508
42509
42510
42511
42512
42513
42514
42515
42517
42519
42520
42521
42522
42523
42524
42525
42526
42527
42528
42530
42532
42533
42535
42537
42538
42539
42541
42544
42545
42546
42547
42548
42549
42550
42552
42553
42554
42555
42556
42557
42558
42559
42560
42564
42565
42566
42568
42569
42570
42571
42572
42573
42574
42575
42578
42580
42581
42582
42583
42584
42587
42588
42590
42591
42593
42594
42597
42603
42604
42605
42608
42609
42610
42611
42612
42614
42615
42616
42618
42620
42621
42622
42623
42626
42627
42628
42629
42630
42632
42633
42634
42635
42637
42638
42639
42642
42643
42644
42645
42646
42647
42648
42649
42650
42651
42652
42653
42654
42655
42656
42657
42658
42659
42660
42662
42663
42665
42666
42667
42669
42670
42671
42672
42674
42675
42676
42677
42678
42679
42680
42681
42682
42684
42685
42686
42687
42688
42689
42690
42691
42692
42693
42694
42696
42697
42700
42701
42702
42705
42706
42707
42711
42715
42719
42721
42722
42725
42726
42729
42732
42733
42742
42745
42746
42747
42748
42749
42752
42753
42754
42755
42757
42760
42761
42762
42766
42772
42778
42779
42780
42782
42786
42787
42788
42790
42791
42793
42796
42798
42800
42801
42803
42805
42808
42809
42814
42819
42821
42822
42823
42824
42825
42826
42827
42829
42830
42831
42833
42834
42835
42836
42838
42839
42840
42842
42843
42845
42847
42848
42849
42854
42855
42859
42868
42873
42877
42878
42880
42881
42883
42885
42887
42888
42889
42891
42895
42896
42897
42898
42899
42900
42902
42903
42904
42905
42906
42907
42909
42910
42912
42913
42918
42919
42920
42921
42923
42927
42929
42930
42932
42934
42935
42937
42940
42942
42943
42948
42953
42954
42955
42956
42957
42959
42960
42961
42962
42963
42964
42965
42966
42967
42969
42971
42972
42973
42974
42975
42976
42977
42978
42979
42981
42982
42983
42985
42988
42989
42990
42993
42994
42995
42996
42997
42998
42999
43001
43002
43003
43004
43005
43007
43008
43009
43010
43012
43014
43015
43016
43017
43018
43019
43020
43022
43024
43025
43026
43028
43029
43031
43035
43037
43040
43042
43043
43044
43046
43052
43053
43055
43056
43057
43058
43060
43062
43063
43064
43067
43068
43070
43071
43072
43073
43077
43079
43080
43082
43083
43085
43087
43089
43090
43091
43092
43093
43094
43095
43096
43097
43099
43100
43101
43102
43103
43104
43105
43107
43108
43109
43114
43118
43119
43120
43124
43125
43127
43129
43130
43131
43132
43133
43136
43137
43138
43139
43140
43141
43142
43144
43146
43147
43148
43149
43150
43151
43152
43153
43154
43155
43156
43158
43159
43160
43162
43163
43164
43165
43166
43167
43168
43170
43171
43173
43174
43175
43176
43177
43178
43179
43181
43183
43185
43188
43191
43192
43193
43194
43195
43196
43197
43198
43199
43200
43201
43202
43203
43204
43205
43206
43207
43208
43209
43210
43211
43212
43213
43216
43218
43219
43220
43221
43222
43223
43224
43225
43226
43228
43229
43233
43234
43236
43237
43238
43239
43240
43242
43243
43245
43246
43248
43249
43250
43251
43255
43256
43257
43258
43261
43264
43265
43266
43268
43269
43272
43273
43274
43276
43277
43278
43280
43281
43283
43284
43285
43286
43287
43289
43290
43294
43296
43299
43300
43302
43304
43305
43307
43308
43309
43311
43312
43313
43314
43316
43318
43319
43320
43321
43322
43323
43325
43326
43327
43328
43329
43331
43332
43334
43335
43336
43337
43338
43339
43340
43341
43342
43343
43344
43347
43348
43349
43350
43352
43355
43356
43357
43358
43359
43361
43362
43364
43367
43368
43370
43371
43372
43374
43375
43376
43384
43387
43389
43390
43391
43395
43396
43397
43398
43399
43401
43408
43410
43411
43413
43414
43417
43418
43422
43424
43425
43427
43428
43434
43435
43437
43438
43439
43440
43441
43442
43444
43445
43451
43453
43454
43456
43459
43460
43461
43462
43465
43467
43470
43471
43472
43476
43478
43479
43482
43483
43484
43485
43486
43488
43491
43492
43493
43494
43498
43503
43504
43505
43506
43507
43508
43515
43516
43517
43518
43520
43522
43523
43525
43526
43527
43528
43529
43530
43531
43534
43535
43536
43537
43540
43542
43543
43544
43545
43546
43549
43551
43557
43558
43561
43563
43565
43566
43571
43572
43574
43581
43582
43584
43585
43586
43587
43591
43593
43595
43602
43604
43605
43606
43607
43608
43609
43610
43611
43612
43613
43614
43617
43618
43624
43626
43629
43631
43633
43642
43649
43650
43652
43656
43660
43662
43664
43666
43668
43671
43672
43673
43674
43676
43680
43682
43683
43684
43685
43686
43687
43688
43689
43690
43694
43695
43696
43697
43698
43703
43704
43705
43706
43707
43708
43709
43710
43711
43712
43713
43714
43715
43716
43717
43718
43719
43720
43721
43722
43723
43724
43725
43726
43727
43728
43729
43730
43731
43732
43733
43734
43735
43736
43737
43739
43740
43741
43743
43745
43747
43748
43751
43752
43754
43756
43757
43758
43760
43764
43766
43767
43769
43770
43771
43775
43777
43779
43781
43786
43787
43788
43789
43790
43791
43792
43794
43795
43798
43799
43800
43801
43802
43803
43804
43805
43806
43808
43809
43811
43812
43813
43814
43815
43816
43817
43818
43819
43820
43821
43822
43825
43826
43827
43828
43830
43832
43833
43836
43838
43840
43842
43844
43845
43846
43848
43849
43850
43851
43853
43855
43858
43859
43861
43862
43863
43864
43865
43866
43867
43868
43869
43870
43871
43872
43873
43874
43875
43876
43877
43878
43879
43881
43882
43883
43885
43886
43887
43888
43889
43890
43893
43895
43897
43898
43899
43900
43901
43902
43903
43904
43905
43906
43907
43908
43909
43910
43911
43913
43914
43915
43916
43918
43920
43921
43922
43923
43924
43925
43926
43927
43928
43929
43930
43931
43932
43933
43937
43938
43939
43940
43941
43942
43944
43945
43946
43949
43950
43951
43952
43953
43954
43956
43958
43960
43961
43963
43964
43965
43966
43967
43968
43969
43971
43972
43973
43974
43976
43977
43979
43980
43981
43982
43983
43984
43985
43986
43987
43988
43989
43990
43991
43992
43993
43994
43996
43997
43999
44001
44003
44004
44007
44010
44012
44013
44015
44020
44021
44022
44023
44024
44025
44026
44028
44030
44032
44033
44034
44036
44037
44038
44041
44043
44045
44046
44052
44053
44054
44055
44057
44058
44059
44060
44061
44062
44063
44064
44065
44067
44068
44069
44070
44072
44073
44074
44075
44076
44077
44078
44079
44080
44081
44082
44083
44084
44085
44086
44087
44088
44089
44090
44091
44092
44093
44094
44095
44096
44097
44098
44099
44100
44102
44103
44104
44105
44106
44107
44108
44109
44110
44111
44112
44114
44115
44116
44117
44118
44119
44120
44121
44123
44124
44128
44131
44132
44133
44134
44135
44136
44137
44138
44139
44140
44141
44142
44144
44145
44146
44147
44148
44149
44151
44152
44153
44154
44155
44156
44158
44159
44160
44161
44162
44164
44165
44168
44170
44171
44172
44174
44175
44176
44179
44180
44181
44182
44183
44184
44185
44187
44188
44189
44190
44191
44192
44193
44195
44196
44197
44198
44199
44200
44201
44202
44203
44205
44206
44207
44209
44210
44211
44213
44214
44215
44216
44217
44218
44222
44223
44224
44225
44226
44227
44228
44229
44240
44242
44243
44244
44246
44247
44248
44250
44253
44254
44255
44257
44259
44260
44261
44262
44263
44264
44265
44266
44267
44269
44270
44271
44272
44273
44274
44275
44276
44277
44279
44281
44282
44283
44284
44285
44286
44287
44288
44289
44290
44291
44295
44296
44297
44298
44299
44300
44301
44308
44311
44312
44313
44314
44315
44316
44317
44318
44319
44320
44321
44322
44323
44324
44325
44326
44327
44328
44329
44330
44331
44332
44333
44334
44337
44338
44339
44340
44342
44343
44344
44345
44346
44347
44348
44349
44350
44351
44352
44353
44354
44355
44356
44357
44358
44359
44360
44361
44363
44364
44371
44372
44373
44374
44377
44379
44382
44383
44385
44386
44388
44389
44390
44391
44393
44394
44395
44396
44397
44398
44399
44400
44402
44403
44404
44405
44406
44407
44408
44410
44411
44414
44415
44416
44422
44423
44424
44425
44426
44428
44429
44430
44431
44432
44433
44434
44435
44438
44440
44443
44445
44447
44449
44450
44452
44453
44454
44455
44458
44459
44460
44462
44465
44466
44468
44474
44475
44477
44481
44484
44485
44486
44489
44491
44492
44494
44497
44498
44501
44502
44503
44506
44508
44509
44511
44513
44515
44516
44517
44520
44521
44522
44523
44524
44525
44526
44528
44530
44531
44532
44533
44534
44535
44537
44538
44540
44541
44547
44548
44549
44550
44552
44553
44554
44555
44556
44557
44559
44560
44561
44562
44563
44564
44565
44566
44567
44568
44570
44571
44572
44574
44576
44577
44578
44579
44580
44581
44582
44584
44585
44586
44587
44588
44590
44591
44592
44593
44594
44595
44596
44597
44599
44600
44601
44602
44603
44605
44606
44609
44613
44615
44617
44618
44619
44620
44621
44622
44623
44624
44625
44626
44627
44628
44629
44630
44631
44633
44634
44636
44637
44638
44639
44640
44641
44642
44643
44644
44645
44646
44647
44648
44650
44651
44652
44653
44654
44657
44658
44659
44661
44662
44663
44664
44665
44666
44667
44669
44671
44672
44673
44674
44675
44676
44680
44681
44683
44686
44687
44692
44695
44696
44697
44700
44704
44705
44706
44707
44708
44709
44710
44711
44713
44714
44716
44720
44722
44724
44725
44726
44727
44728
44731
44732
44734
44735
44736
44737
44738
44739
44740
44742
44744
44745
44746
44747
44748
44749
44750
44751
44752
44753
44754
44755
44756
44757
44758
44766
44767
44769
44773
44775
44776
44777
44778
44779
44780
44781
44782
44783
44785
44786
44787
44788
44789
44792
44793
44794
44796
44797
44798
44800
44801
44802
44803
44804
44805
44806
44807
44808
44810
44811
44812
44813
44814
44816
44817
44818
44819
44820
44822
44823
44825
44826
44829
44830
44831
44833
44837
44838
44841
44845
44847
44849
44850
44851
44855
44856
44858
44860
44861
44863
44871
44872
44873
44874
44875
44876
44878
44879
44880
44882
44883
44884
44885
44887
44888
44889
44890
44891
44893
44894
44895
44897
44898
44899
44905
44907
44909
44912
44913
44918
44919
44922
44923
44924
44925
44926
44927
44928
44929
44931
44932
44933
44934
44936
44937
44938
44939
44941
44944
44945
44948
44949
44950
44955
44956
44958
44959
44961
44962
44963
44964
44966
44967
44968
44969
44970
44971
44972
44973
44974
44975
44976
44977
44985
44986
44987
44988
44989
44990
44992
44993
44994
44995
44996
44998
45000
45001
45002
45004
45007
45012
45014
45015
45017
45018
45019
45020
45021
45025
45026
45027
45033
45039
45042
45043
45044
45045
45047
45050
45052
45054
45056
45057
45063
45065
45066
45071
45072
45074
45075
45076
45077
45079
45080
45081
45083
45084
45085
45086
45087
45089
45093
45094
45095
45096
45097
45098
45099
45100
45101
45102
45103
45104
45105
45106
45109
45110
45111
45112
45113
45114
45115
45116
45117
45119
45120
45121
45122
45123
45124
45125
45128
45130
45131
45133
45135
45136
45138
45140
45141
45144
45146
45147
45148
45149
45150
45151
45152
45153
45154
45155
45156
45157
45158
45159
45160
45161
45162
45163
45164
45165
45167
45168
45169
45170
45172
45174
45182
45184
45185
45187
45189
45192
45193
45194
45195
45196
45197
45198
45199
45201
45205
45206
45208
45209
45210
45212
45214
45219
45221
45223
45224
45228
45230
45231
45233
45234
45236
45237
45238
45239
45240
45241
45242
45244
45245
45247
45248
45249
45250
45251
45252
45254
45257
45258
45260
45261
45262
45263
45264
45265
45266
45269
45270
45271
45272
45274
45275
45276
45277
45278
45279
45280
45281
45282
45283
45284
45285
45286
45289
45290
45291
45293
45294
45295
45296
45297
45298
45299
45300
45302
45303
45304
45305
45306
45307
45308
45309
45311
45312
45314
45315
45316
45317
45318
45321
45322
45328
45329
45331
45332
45333
45336
45342
45343
45345
45346
45347
45350
45352
45355
45356
45358
45359
45365
45366
45367
45368
45373
45376
45380
45384
45389
45393
45395
45399
45401
45404
45408
45411
45417
45418
45419
45421
45422
45423
45424
45425
95940
95942
95943
95948
95949
95951
95952
95953
95954
95955
95957
95959
95960
95962
95963
95966
95967
95971
95973
95976
95977
95978
95980
95982
95983
95984
95985
95986
95990
95991
95992
95993
95994
95996
95997
95998
95999
96001
96002
96003
96004
96006
96008
96009
96010
96011
96014
96016
96017
96022
96023
96024
96026
96027
96028
96029
96032
96033
96037
96038
96041
96042
96045
96050
96053
96054
96055
96056
96057
96058
96059
96061
96062
96064
96065
96066
96067
96069
96071
96073
96074
96075
96077
96078
96079
96081
96082
96083
96085
96087
96091
96093
96094
96096
96097
96099
96102
96104
96105
96108
96109
96112
96114
96115
96116
96117
96118
96119
96121
96122
96123
96126
96127
96128
96129
96130
96132
96135
96136
96137
96138
96139
96140
96141
96144
96145
96146
96147
96149
96152
96153
96154
96155
96157
96158
96159
96160
96161
96162
96163
96164
96165
96166
96167
96168
96169
96170
96171
96172
96173
96174
96175
96176
96177
96178
96180
96181
96182
96183
96188
96189
96191
96193
96194
96195
96197
96198
96201
96203
96205
96206
96207
96208
96209
96213
96216
96217
96220
96222
96226
96227
96228
96229
96230
96231
96232
96233
96234
96235
96237
96238
96240
96241
96242
96243
96244
96245
96246
96247
96249
96250
96252
96253
96255
96256
96257
96258
96259
96260
96261
96263
96265
96268
96269
96270
96271
96272
96273
96274
96275
96276
96277
96278
96279
96280
96281
96283
96284
96286
96287
96291
96292
96293
96294
96295
96297
96298
96299
96300
96301
96302
96303
96304
96305
96307
96308
96310
96311
96312
96313
96314
96315
96316
96317
96318
96319
96321
96322
96324
96325
96327
96328
96329
96330
96333
96335
96337
96340
96343
96345
96346
96348
96351
96352
96353
96354
96355
96357
96358
96360
96361
96362
96363
96364
96365
96367
96368
96369
96371
96372
96374
96379
96384
96386
96387
96388
96389
96391
96392
96395
96396
96398
96399
96400
96401
96402
96403
96404
96405
96406
96407
96408
96410
96411
96412
96413
96414
96415
96416
96418
96420
96421
96422
96423
96424
96426
96427
96428
96430
96431
96432
96433
96434
96435
96436
96438
96439
96444
96446
96447
96448
96450
96453
96454
96455
96457
96458
96459
96460
96461
96462
96463
96464
96465
96468
96469
96470
96471
96472
96473
96474
96475
96477
96480
96481
96482
96483
96484
96487
96493
96494
96495
96496
96497
96499
96501
96505
96506
96508
96509
96514
96515
96516
96517
96518
96519
96520
96521
96522
96523
96524
96525
96526
96529
96530
96534
96535
96536
96537
96538
96539
96540
96541
96542
96543
96546
96547
96549
96550
96551
96554
96555
96556
96557
96560
96562
96563
96566
96573
96575
96576
96577
96578
96579
96581
96582
96583
96584
96585
96587
96588
96590
96591
96592
96594
96595
96596
96597
96598
96599
96600
96601
96602
96605
96606
96607
96608
96609
96610
96611
96613
96615
96616
96617
96618
96619
96621
96622
96624
96625
96626
96628
96629
96630
96631
96632
96633
96635
96636
96637
96638
96642
96643
96644
96645
96646
96647
96648
96649
96650
96651
96652
96655
96656
96657
96658
96659
96660
96661
96662
96664
96665
96666
96667
96668
96669
96670
96672
96675
96676
96677
96679
96680
96684
96686
96687
96688
96690
96691
96693
96694
96696
96698
96700
96701
96702
96703
96704
96705
96706
96707
96708
96709
96710
96711
96712
96713
96717
96718
96719
96722
96724
96725
96727
96729
96732
96734
96735
96736
96737
96738
96740
96741
96742
96743
96744
96746
96747
96748
96749
96751
96753
96754
96755
96756
96757
96760
96762
96764
96766
96767
96768
96769
96770
96771
96772
96773
96774
96775
96776
96778
96779
96781
96785
96787
96788
96790
96791
96794
96797
96799
96800
96803
96804
96807
96808
96809
96810
96811
96812
96813
96815
96818
96819
96820
96821
96822
96823
96824
96825
96826
96827
96833
96834
96835
96837
96838
96842
96852
96863
96865
96870
96872
96874
96880
96881
96887
96888
96890
96892
96901
96902
96905
96907
96909
96917
96920
96921
96922
96923
96925
96926
96928
96932
96934
96935
96936
96938
96940
96945
96946
96949
96953
96954
96955
96956
96958
96960
96963
96971
96972
96973
96974
96976
96979
96980
96982
96987
96989
96990
96991
96992
96994
96996
96998
96999
97000
97001
97002
97003
97004
97005
97006
97007
97009
97010
97011
97012
97013
97014
97015
97016
97017
97018
97019
97020
97021
97023
97024
97025
97027
97028
97029
97031
97033
97034
97036
97037
97038
97039
97040
97041
97042
97044
97045
97046
97047
97048
97049
97053
97054
97057
97058
97061
97065
97066
97068
97069
97070
97073
97074
97075
97076
97077
97078
97079
97080
97082
97083
97084
97086
97087
97088
97089
97090
97091
97092
97094
97095
97096
97097
97098
97100
97104
97105
97107
97111
97112
97114
97115
97118
97123
97124
97125
97127
97128
97129
97130
97131
97132
97134
97136
97137
97138
97140
97142
97143
97144
97146
97149
97152
97153
97154
97155
97156
97158
97159
97160
97161
97162
97163
97168
97170
97171
97172
97173
97176
97177
97180
97181
97182
97183
97184
97186
97187
97188
97189
97191
97197
97198
97202
97203
97204
97205
97206
97207
97208
97210
97211
97212
97213
97214
97215
97216
97217
97218
97219
97220
97222
97223
97224
97225
97227
97230
97231
97232
97234
97236
97239
97241
97242
97243
97244
97247
97249
97252
97254
97255
97256
97257
97258
97259
97262
97266
97267
97269
97272
97273
97275
97276
97278
97279
97281
97283
97286
97288
97289
97291
97292
97293
97294
97296
97297
97304
97305
97306
97307
97309
97311
97312
97314
97315
97316
97317
97321
97323
97324
97327
97328
97332
97334
97335
97337
97342
97343
97351
97352
97353
97354
97355
97356
97357
97359
97360
97362
97363
97365
97367
97368
97369
97371
97372
97374
97375
97377
97379
97380
97386
97388
97393
97395
97397
97398
97399
97401
97402
97403
97404
97406
97407
97408
97410
97411
97412
97415
97416
97418
97419
97420
97421
97423
97424
97425
97426
97427
97429
97430
97431
97433
97435
97436
97437
97438
97441
97442
97443
97444
97445
97449
97450
97454
97455
97456
97458
97460
97461
97463
97464
97465
97466
97474
97475
97476
97478
97480
97484
97488
97489
97490
97491
97495
97499
97502
97503
97504
97510
97511
97513
97514
97520
97521
97526
97528
97529
97534
97536
97537
97539
97541
97542
97546
97547
97548
97549
97550
97553
97554
97555
97556
97557
97558
97559
97560
97561
97563
97569
97574
97575
97579
97580
97581
97584
97586
97587
97589
97590
97592
97596
97598
97604
97608
97613
97614
97617
97618
97619
97620
97621
97622
97623
97626
97627
97628
97629
97630
97631
97633
97634
97635
97636
97637
97638
97639
97640
97642
97644
97646
97648
97649
97650
97651
97653
97656
97657
97658
97660
97661
97662
97664
97665
97667
97669
97670
97672
97673
97677
97678
97679
97680
97681
97682
97683
97684
97685
97686
97687
97690
97692
97694
97698
97701
97702
97704
97705
97708
97711
97716
97717
97722
97723
97724
97726
97727
97728
97730
97734
97740
97741
97742
97749
97752
97753
97756
97757
97760
97761
97763
97765
97768
97770
97771
97773
97774
97775
97776
97779
97782
97787
97793
97794
97795
97796
97797
97799
97800
97804
97806
97811
97812
97814
97816
97817
97822
97827
97834
97835
97838
97839
97841
97843
97852
97853
97854
97857
97859
97860
97861
97862
97863
97866
97868
97872
97876
97877
97878
97881
97885
97889
97893
97896
97899
97905
97906
97907
97908
97911
97912
97913
97916
97920
97926
97928
97929
97930
97931
97932
97934
97935
97937
97939
97940
97941
97943
97945
97946
97947
97948
97949
97950
97952
97953
97954
97957
97958
97959
97960
97961
97963
97964
97965
97966
97967
97970
97972
97973
97974
97975
97976
97979
97984
97986
97987
97989
97990
97992
97996
97997
97998
97999
98000
98002
98003
98006
98007
98008
98014
98015
98017
98018
98022
98023
98024
98026
98027
98029
98030
98031
98033
98035
98036
98037
98038
98040
98042
98045
98048
98049
98054
98056
98057
98058
98060
98061
98064
98065
98066
98068
98072
98074
98077
98079
98088
98091
98093
98095
98099
98100
98101
98107
98108
98117
98118
98119
98123
98126
98127
98128
98131
98132
98135
98140
98141
98142
98143
98144
98145
98146
98147
98148
98149
98150
98151
98153
98154
98155
98156
98157
98158
98159
98160
98161
98162
98163
98164
98167
98168
98169
98170
98171
98173
98176
98177
98179
98180
98181
98182
98183
98184
98185
98186
98187
98188
98189
98191
98192
98193
98194
98195
98196
98197
98198
98200
98201
98202
98203
98204
98205
98207
98208
98209
98211
98213
98215
98216
98217
98218
98219
98222
98223
98225
98226
98229
98230
98231
98234
98235
98236
98237
98238
98240
98242
98243
98245
98246
98248
98249
98250
98254
98256
98259
98261
98262
98263
98264
98267
98269
98270
98271
98272
98273
98276
98277
98278
98279
98280
98281
98282
98283
98284
98286
98287
98289
98294
98296
98297
98298
98299
98300
98301
98302
98303
98304
98305
98307
98308
98309
98311
98312
98313
98314
98315
98316
98318
98319
98321
98322
98323
98324
98325
98328
98330
98331
98332
98333
98335
98336
98337
98338
98339
98340
98341
98342
98343
98344
98345
98346
98347
98348
98349
98350
98353
98355
98356
98357
98358
98359
98360
98361
98362
98363
98364
98365
98366
98368
98369
98371
98372
98373
98374
98376
98377
98378
98379
98380
98381
98382
98383
98385
98386
98387
98388
98389
98390
98392
98393
98394
98400
98401
98402
98404
98406
98407
98411
98412
98414
98415
98418
98421
98427
98428
98430
98431
98432
98433
98434
98435
98436
98437
98438
98439
98441
98442
98443
98444
98445
98448
98449
98450
98451
98453
98454
98455
98456
98459
98460
98462
98464
98465
98466
98467
98470
98471
98474
98475
98476
98477
98478
98479
98480
98482
98483
98484
98487
98489
98490
98491
98492
98494
98496
98497
98498
98499
98500
98501
98503
98504
98507
98508
98509
98510
98515
98516
98517
98518
98519
98525
98526
98527
98529
98530
98531
98532
98535
98536
98538
98539
98540
98541
98542
98543
98544
98545
98546
98547
98548
98550
98551
98552
98553
98557
98558
98561
98562
98563
98564
98565
98566
98567
98568
98569
98570
98571
98572
98576
98578
98579
98580
98582
98583
98584
98585
98587
98588
98589
98590
98591
98594
98595
98596
98602
98603
98606
98607
98609
98611
98612
98613
98614
98615
98617
98618
98619
98620
98621
98622
98623
98625
98626
98627
98628
98629
98630
98631
98633
98634
98635
98636
98637
98638
98640
98642
98644
98646
98647
98648
98649
98650
98651
98652
98653
98655
98656
98657
98658
98659
98661
98662
98663
98666
98667
98669
98670
98675
98676
98678
98679
98688
98691
98692
98696
98698
98701
98702
98703
98706
98708
98709
98710
98711
98712
98713
98716
98717
98719
98725
98729
98732
98735
98736
98737
98738
98739
98740
98741
98742
98748
98749
98750
98753
98754
98755
98760
98761
98762
98764
98769
98770
98772
98773
98774
98776
98777
98779
98783
98784
98786
98787
98788
98790
98793
98795
98796
98799
98801
98803
98805
98806
98808
98809
98810
98811
98812
98813
98814
98815
98818
98820
98823
98824
98825
98826
98829
98832
98834
98838
98843
98844
98845
98847
98849
98854
98858
98862
98863
98864
98865
98866
98868
98869
98870
98871
98872
98874
98877
98879
98880
98881
98882
98883
98884
98887
98888
98890
98891
98892
98893
98894
98896
98897
98899
98900
98901
98902
98903
98904
98905
98906
98907
98908
98909
98910
98912
98913
98914
98915
98916
98919
98920
98922
98928
98929
98931
98933
98934
98935
98936
98937
98938
98940
98942
98945
98947
98948
98950
98951
98952
98953
98954
98957
98960
98961
98963
98964
98966
98968
98969
98970
98971
98972
98973
98974
98976
98979
98981
98982
98983
98985
98988
98989
98991
98992
98993
98994
98996
98997
98999
99000
99003
99005
99006
99007
99008
99009
99010
99012
99014
99015
99016
99017
99018
99019
99020
99021
99024
99027
99029
99033
99038
99039
99040
99043
99049
99051
99054
99056
99057
99060
99066
99067
99068
99069
99072
99073
99075
99076
99077
99078
99081
99082
99083
99084
99095
99097
99099
99100
99101
99102
99103
99104
99105
99106
99108
99109
99110
99111
99112
99115
99119
99123
99126
99130
99132
99133
99134
99137
99144
99145
99146
99147
99149
99151
99152
99153
99155
99156
99157
99158
99161
99164
99170
99175
99179
99182
99186
99187
99192
99193
99197
99199
99202
99204
99206
99223
99227
99229
99233
99237
99245
99248
99256
99258
99263
99265
99267
99271
99275
99278
99280
99281
99282
99286
99289
99291
99296
99297
99300
99303
99309
99310
99314
99320
99321
99323
99328
99329
99331
99332
99333
99338
99341
99342
99343
99344
99345
99349
99355
99357
99358
99359
99364
99367
99371
99372
99375
99377
99378
99379
99380
99381
99382
99385
99386
99388
99390
99394
99396
99398
99401
99402
99406
99407
99408
99409
99411
99412
99413
99414
99415
99416
99420
99421
99422
99424
99425
99426
99427
99429
99432
99434
99435
99436
99437
99438
99443
99444
99447
99448
99449
99450
99452
99454
99455
99458
99459
99460
99462
99465
99466
99468
99469
99470
99471
99473
99475
99476
99477
99478
99480
99481
99482
99483
99484
99487
99488
99490
99491
99492
99500
99502
99503
99504
99505
99506
99508
99510
99511
99512
99514
99515
99516
99517
99518
99519
99522
99525
99526
99527
99528
99529
99531
99532
99533
99535
99537
99538
99539
99540
99541
99542
99543
99546
99547
99548
99550
99552
99554
99555
99556
99557
99558
99559
99560
99561
99562
99563
99564
99565
99566
99567
99568
99572
99573
99574
99575
99576
99578
99580
99581
99585
99586
99587
99589
99590
99591
99593
99595
99597
99598
99599
99601
99603
99604
99605
99606
99608
99609
99610
99611
99612
99613
99614
99615
99617
99618
99619
99620
99621
99622
99623
99624
99626
99628
99629
99630
99631
99633
99634
99636
99637
99638
99639
99641
99643
99644
99646
99647
99649
99650
99651
99652
99653
99655
99657
99658
99660
99661
99664
99665
99667
99672
99674
99675
99676
99678
99679
99680
99681
99683
99684
99686
99688
99689
99691
99692
99693
99694
99695
99696
99697
99702
99704
99705
99707
99708
99713
99714
99716
99718
99719
99720
99721
99722
99725
99729
99732
99736
99738
99739
99740
99741
99745
99746
99747
99748
99749
99750
99751
99753
99756
99759
99760
99761
99766
99773
99777
99778
99779
99784
99790
99791
99793
99794
99797
99798
99799
99800
99803
99805
99809
99810
99811
99812
99813
99815
99817
99818
99821
99823
99825
99826
99828
99829
99832
99833
99834
99835
99837
99839
99840
99842
99843
99846
99848
99849
99850
99855
99857
99858
99859
99860
99861
99862
99863
99864
99865
99866
99867
99868
99872
99875
99876
99877
99878
99881
99882
99883
99884
99885
99886
99887
99888
99889
99891
99892
99893
99894
99895
99897
99900
99902
99903
99904
99905
99906
99907
99912
99916
99917
99918
99920
99921
99933
99935
99937
99944
99945
99946
99947
99948
99949
99953
99957
99960
99962
99965
99967
99968
99970
99971
99973
99975
99977
99980
99982
99983
99984
99986
99987
99988
99990
99992
99995
99997
100004
100005
100012
100013
100015
100016
100018
100019
100020
100023
100025
100026
100027
100028
100029
100032
100033
100034
100036
100039
100042
100045
100048
100049
100050
100051
100052
100053
100054
100055
100056
100059
100067
100068
100069
100070
100073
100075
100076
100077
100078
100079
100080
100081
100082
100083
100084
100085
100086
100088
100089
100090
100091
100092
100094
100095
100096
100098
100101
100106
100107
100108
100111
100112
100114
100116
100117
100118
100120
100121
100122
100124
100125
100127
100128
100129
100132
100133
100134
100136
100139
100140
100141
100142
100143
100144
100148
100150
100153
100154
100155
100157
100160
100161
100164
100165
100166
100174
100176
100178
100182
100185
100187
100188
100190
100193
100194
100197
100200
100204
100205
100209
100212
100221
100222
100223
100225
100235
100237
100245
100248
100254
100255
100257
100259
100260
100261
100262
100264
100266
100267
100268
100269
100275
100280
100282
100286
100287
100289
100291
100292
100293
100294
100295
100296
100298
100299
100300
100301
100302
100304
100305
100307
100309
100310
100311
100312
100313
100314
100315
100316
100317
100319
100322
100323
100324
100325
100327
100328
100329
100330
100331
100332
100333
100334
100339
100342
100343
100345
100356
100357
100358
100359
100360
100361
100362
100364
100365
100367
100368
100369
100370
100373
100375
100376
100377
100379
100380
100381
100382
100383
100384
100385
100386
100390
100396
100397
100398
100399
100400
100401
100402
100403
100404
100405
100406
100407
100408
100409
100412
100413
100414
100415
100416
100417
100418
100419
100420
100421
100422
100423
100424
100425
100426
100427
100428
100429
100430
100431
100432
100433
100434
100438
100439
100440
100441
100442
100443
100445
100447
100448
100449
100450
100451
100452
100453
100454
100455
100456
100458
100459
100460
100461
100462
100466
100467
100468
100469
100470
100471
100472
100473
100474
100475
100476
100477
100479
100480
100482
100483
100484
100486
100488
100491
100493
100496
100497
100498
100501
100503
100512
100514
100515
100516
100517
100518
100521
100522
100523
100524
100527
100529
100532
100533
100534
100535
100536
100537
100544
100545
100548
100550
100553
100554
100558
100561
100563
100564
100566
100572
100573
100576
100577
100578
100579
100581
100584
100585
100586
100588
100593
100594
100596
100598
100602
100604
100605
100606
100607
100608
100609
100610
100614
100615
100616
100617
100618
100619
100620
100621
100622
100623
100624
100625
100626
100628
100630
100631
100632
100633
100634
100639
100640
100641
100642
100643
100645
100646
100647
100650
100651
100652
100653
100657
100658
100660
100661
100662
100664
100665
100666
100667
100671
100677
100678
100679
100680
100685
100688
100693
100696
100698
100701
100704
100705
100707
100708
100711
100713
100714
100716
100719
100721
100722
100723
100724
100726
100728
100730
100731
100732
100733
100735
100738
100740
100741
100744
100745
100747
100749
100750
100752
100753
100754
100755
100756
100757
100758
100761
100765
100767
100771
100773
100777
100779
100783
100784
100786
100787
100788
100790
100791
100792
100793
100794
100795
100796
100797
100798
100799
100800
100802
100803
100807
100808
100809
100810
100811
100813
100814
100817
100818
100819
100820
100822
100823
100825
100826
100828
100829
100830
100831
100832
100833
100834
100835
100836
100837
100839
100840
100841
100845
100846
100847
100848
100850
100852
100853
100854
100855
100856
100857
100862
100865
100867
100868
100871
100872
100873
100874
100875
100876
100877
100878
100879
100880
100882
100883
100884
100886
100887
100888
100889
100891
100892
100893
100894
100895
100896
100897
100900
100902
100903
100904
100905
100906
100908
100909
100910
100911
100912
100913
100914
100915
100916
100920
100921
100922
100923
100926
100927
100928
100929
100930
100931
100932
100933
100934
100935
100936
100938
100940
100941
100942
100943
100945
100947
100949
100950
100951
100952
100954
100955
100956
100957
100958
100959
100960
100961
100962
100963
100964
100965
100967
100971
100972
100973
100974
100979
100980
100981
100982
100985
100986
100987
100988
100989
100991
100997
100999
101000
101001
101002
101004
101006
101007
101009
101010
101011
101012
101013
101014
101015
101016
101018
101019
101020
101021
101022
101023
101024
101025
101026
101027
101028
101029
101032
101033
101034
101036
101044
101046
101049
101050
101052
101053
101054
101056
101060
101063
101064
101065
101069
101070
101071
101072
101073
101074
101076
101077
101078
101080
101081
101083
101084
101085
101088
101089
101090
101091
101092
101093
101095
101096
101097
101098
101099
101100
101101
101102
101103
101104
101105
101108
101109
101111
101114
101115
101116
101118
101119
101122
101123
101124
101125
101126
101127
101128
101129
101130
101131
101132
101134
101137
101138
101140
101141
101143
101144
101145
101146
101147
101148
101149
101150
101151
101152
101153
101154
101156
101157
101158
101159
101160
101161
101163
101164
101167
101169
101170
101171
101172
101173
101176
101177
101178
101179
101181
101182
101183
101185
101191
101192
101193
101196
101197
101198
101199
101200
101201
101202
101203
101204
101205
101206
101207
101208
101209
101210
101211
101213
101216
101217
101219
101220
101221
101222
101223
101225
101226
101228
101229
101230
101231
101232
101233
101235
101236
101237
101238
101239
101242
101243
101247
101248
101254
101256
101257
101258
101259
101263
101266
101267
101268
101271
101272
101274
101277
101278
101281
101282
101284
101285
101286
101287
101288
101289
101292
101293
101295
101296
101298
101300
101302
101303
101304
101305
101306
101307
101309
101310
101311
101312
101313
101314
101316
101318
101320
101321
101322
101324
101327
101328
101332
101335
101336
101337
101338
101340
101343
101346
101348
101350
101351
101352
101355
101361
101375
101383
101384
101387
101390
101394
101401
101404
101405
101414
101419
101420
101422
101423
101425
101428
101429
101430
101431
101432
101433
101438
101441
101444
101448
101450
101454
101456
101458
101459
101461
101468
101469
101470
101472
101477
101482
101483
101485
101486
101487
101488
101489
101492
101493
101496
101497
101502
101503
101504
101505
101506
101507
101508
101510
101511
101512
101513
101514
101519
101520
101525
101526
101527
101529
101531
101532
101533
101537
101541
101546
101548
101552
101556
101559
101560
101562
101564
101565
101567
101568
101569
101571
101574
101576
101578
101580
101584
101586
101590
101597
101598
101599
101600
101601
101604
101605
101608
101616
101617
101621
101625
101627
101630
101631
101633
101636
101637
101639
101641
101642
101644
101645
101646
101647
101648
101649
101650
101653
101656
101664
101665
101667
101668
101669
101672
101680
101681
101684
101685
101689
101691
101692
101693
101694
101695
101696
101697
101698
101700
101701
101703
101706
101707
101712
101718
101720
101722
101723
101724
101725
101726
101729
101732
101733
101734
101739
101740
101745
101746
101747
101748
101749
101750
101753
101754
101755
101756
101757
101758
101759
101760
101761
101762
101764
101765
101766
101770
101772
101774
101775
101777
101778
101779
101780
101781
101783
101784
101786
101788
101790
101796
101797
101798
101799
101803
101804
101805
101808
101809
101811
101812
101814
101821
101827
101828
101829
101830
101831
101832
101833
101834
101835
101836
101837
101838
101839
101840
101841
101843
101848
101850
101851
101853
101854
101856
101859
101860
101861
101862
101863
101864
101867
101868
101869
101870
101871
101872
101873
101874
101875
101877
101878
101884
101886
101894
101899
101901
101902
101903
101904
101905
101906
101907
101916
101917
101918
101919
101920
101921
101922
101923
101925
101929
101930
101932
101933
101934
101935
101937
101938
101939
101940
101943
101945
101946
101947
101948
101949
101950
101951
101953
101955
101956
101957
101958
101959
101960
101964
101965
101966
101967
101968
101970
101972
101973
101975
101976
101980
101982
101983
101984
101986
101987
101989
101990
101991
101992
101993
101994
101997
101999
102001
102003
102005
102006
102007
102008
102009
102010
102012
102013
102014
102015
102018
102019
102026
102027
102028
102029
102030
102031
102034
102035
102038
102040
102042
102043
102045
102046
102047
102048
102050
102051
102052
102054
102058
102062
102063
102067
102068
102070
102077
102080
102086
102091
102093
102095
102096
102101
102107
102110
102115
102117
102118
102120
102121
102123
102124
102126
102127
102128
102129
102131
102132
102135
102138
102142
102146
102147
102149
102152
102153
102155
102156
102157
102158
102160
102162
102163
102165
102169
102171
102176
102178
102180
102183
102185
102190
102192
102194
102198
102199
102200
102201
102203
102204
102205
102206
102207
102209
102210
102214
102215
102219
102220
102221
102224
102229
102230
102231
102232
102233
102234
102235
102236
102240
102241
102242
102251
102252
102253
102254
102255
102256
102257
102258
102263
102265
102266
102267
102270
102271
102272
102273
102274
102279
102280
102283
102284
102289
102291
102292
102293
102294
102296
102297
102298
102299
102300
102301
102303
102305
102306
102307
102309
102310
102311
102312
102314
102319
102320
102321
102322
102323
102324
102326
102328
102329
102330
102331
102332
102335
102336
102337
102338
102339
102343
102344
102345
102347
102348
102349
102351
102353
102354
102355
102357
102358
102360
102361
102362
102363
102364
102366
102368
102369
102370
102371
102372
102373
102374
102375
102376
102378
102379
102380
102381
102382
102383
102384
102385
102386
102388
102389
102393
102395
102398
102399
102401
102403
102406
102407
102408
102409
102410
102411
102414
102415
102416
102417
102418
102419
102420
102421
102422
102424
102425
102426
102427
102428
102429
102430
102431
102432
102433
102434
102435
102437
102438
102439
102441
102442
102443
102445
102446
102448
102449
102450
102451
102452
102453
102454
102455
102456
102457
102458
102460
102461
102464
102466
102467
102468
102469
102470
102471
102472
102475
102479
102480
102484
102485
102489
102490
102497
102498
102501
102506
102507
102508
102509
102511
102513
102514
102516
102518
102519
102521
102522
102523
102525
102526
102529
102531
102532
102534
102535
102536
102538
102540
102543
102544
102545
102546
102547
102552
102554
102556
102557
102563
102564
102566
102567
102570
102571
102573
102574
102575
102577
102578
102579
102580
102581
102582
102583
102584
102585
102586
102587
102588
102589
102590
102592
102593
102594
102595
102597
102601
102604
102605
102606
102609
102613
102616
102617
102620
102621
102623
102624
102625
102626
102627
102628
102629
102630
102631
102632
102633
102634
102635
102638
102639
102640
102641
102642
102643
102645
102647
102649
102651
102652
102655
102656
102657
102658
102659
102660
102661
102662
102663
102664
102665
102667
102671
102672
102673
102677
102679
102681
102682
102684
102685
102686
102687
102688
102690
102692
102693
102694
102695
102697
102698
102699
102700
102701
102702
102703
102705
102706
102708
102709
102710
102711
102715
102716
102717
102718
102720
102721
102724
102725
102726
102727
102728
102729
102730
102731
102732
102734
102735
102736
102737
102738
102739
102740
102741
102742
102743
102744
102745
102746
102747
102748
102750
102751
102754
102755
102756
102758
102759
102760
102762
102763
102767
102768
102769
102770
102772
102774
102775
102776
102777
102778
102779
102781
102782
102784
102785
102789
102790
102793
102794
102795
102796
102797
102798
102800
102801
102803
102804
102808
102809
102810
102812
102813
102815
102817
102820
102823
102825
102826
102827
102829
102832
102833
102834
102836
102837
102839
102840
102844
102845
102846
102848
102850
102851
102852
102853
102854
102855
102857
102858
102859
102860
102861
102863
102864
102865
102866
102868
102871
102873
102875
102877
102879
102881
102883
102885
102888
102890
102891
102892
102893
102894
102895
102896
102897
102899
102902
102906
102907
102908
102909
102910
102911
102912
102913
102914
102915
102916
102917
102918
102924
102926
102930
102931
102932
102934
102935
102936
102937
102938
102939
102940
102941
102944
102945
102946
102947
102949
102950
102952
102954
102955
102958
102959
102960
102963
102964
102966
102969
102970
102973
102975
102976
102978
102980
102982
102985
102986
102989
102992
102993
102994
102997
102999
103000
103006
103007
103008
103009
103010
103011
103013
103016
103021
103022
103023
103025
103026
103027
103028
103030
103034
103035
103036
103037
103038
103041
103042
103043
103044
103045
103049
103051
103052
103054
103055
103058
103059
103062
103063
103064
103065
103066
103067
103071
103072
103073
103075
103076
103077
103078
103079
103080
103081
103082
103083
103084
103087
103089
103091
103092
103095
103096
103097
103098
103099
103101
103102
103103
103104
103105
103109
103110
103112
103113
103116
103117
103118
103120
103121
103124
103129
103130
103131
103133
103138
103139
103140
103141
103142
103143
103144
103145
103146
103147
103148
103149
103150
103151
103152
103153
103154
103158
103162
103163
103164
103172
103173
103174
103181
103182
103183
103184
103185
103187
103188
103190
103191
103192
103193
103194
103195
103196
103197
103200
103204
103205
103207
103208
103211
103217
103219
103226
103228
103229
103231
103233
103234
103235
103236
103237
103238
103239
103240
103241
103242
103246
103247
103251
103253
103256
103258
103262
103263
103264
103269
103270
103271
103273
103275
103278
103280
103281
103282
103283
103284
103287
103291
103292
103295
103296
103297
103298
103301
103302
103309
103311
103314
103315
103316
103317
103319
103321
103322
103323
103325
103326
103327
103328
103329
103330
103331
103332
103336
103337
103338
103340
103341
103342
103343
103344
103346
103347
103348
103349
103350
103351
103352
103353
103354
103355
103356
103359
103360
103361
103362
103364
103365
103366
103367
103369
103370
103371
103372
103373
103374
103376
103377
103378
103379
103380
103382
103384
103385
103388
103390
103391
103393
103394
103395
103396
103397
103398
103400
103402
103403
103404
103406
103407
103408
103410
103411
103412
103413
103414
103415
103416
103419
103422
103423
103424
103425
103426
103428
103430
103431
103432
103433
103435
103437
103438
103440
103441
103442
103444
103445
103448
103449
103451
103452
103454
103455
103456
103463
103465
103466
103467
103468
103470
103472
103475
103476
103477
103478
103479
103480
103481
103482
103483
103484
103486
103487
103488
103493
103495
103497
103499
103500
103501
103502
103503
103504
103509
103510
103511
103513
103515
103516
103517
103518
103519
103522
103523
103524
103525
103530
103533
103534
103535
103536
103538
103539
103540
103541
103542
103543
103544
103545
103546
103547
103548
103549
103550
103555
103556
103558
103560
103561
103562
103563
103567
103571
103572
103573
103574
103576
103577
103578
103579
103580
103581
103582
103584
103589
103591
103593
103594
103595
103596
103598
103600
103602
103603
103605
103606
103607
103609
103610
103612
103613
103614
103616
103618
103619
103621
103622
103623
103626
103628
103633
103634
103635
103636
103637
103638
103639
103640
103641
103642
103647
103649
103652
103653
103654
103655
103656
103658
103659
103660
103662
103663
103665
103666
103667
103671
103673
103674
103675
103676
103677
103678
103679
103680
103681
103682
103683
103684
103685
103686
103687
103689
103690
103692
103693
103694
103695
103696
103697
103698
103699
103700
103703
103707
103708
103709
103710
103711
103712
103713
103714
103720
103729
103730
103732
103733
103734
103736
103737
103738
103739
103740
103743
103744
103746
103747
103749
103751
103752
103753
103754
103756
103757
103758
103759
103760
103763
103764
103765
103767
103768
103769
103770
103772
103775
103776
103778
103779
103780
103783
103788
103789
103790
103791
103792
103794
103795
103796
103797
103798
103800
103802
103803
103804
103805
103806
103808
103811
103812
103813
103816
103818
103820
103822
103823
103826
103827
103828
103829
103830
103831
103832
103833
103835
103836
103841
103842
103844
103845
103847
103848
103849
103850
103852
103853
103854
103855
103857
103858
103859
103861
103864
103865
103866
103868
103869
103870
103871
103872
103873
103874
103875
103877
103879
103880
103882
103883
103885
103886
103888
103896
103897
103898
103900
103903
103905
103906
103907
103908
103909
103910
103911
103912
103914
103916
103917
103918
103919
103920
103921
103923
103926
103929
103930
103932
103935
103937
103938
103939
103942
103945
103951
103953
