19781
19782
19783
19785
19787
19789
19790
19793
19795
19796
19798
19799
19800
19802
19803
19804
19805
19807
19808
19809
19810
19811
19814
19816
19817
19818
19819
19820
19821
19822
19823
19825
19826
19827
19828
19829
19830
19831
19832
19835
19836
19837
19839
19840
19842
19843
19844
19845
19846
19849
19850
19852
19853
19854
19855
19856
19858
19859
19860
19861
19864
19865
19866
19867
19868
19869
19871
19872
19873
19874
19875
19876
19877
19878
19880
19881
19882
19883
19884
19885
19887
19888
19889
19890
19891
19892
19893
19894
19895
19896
19897
19898
19899
19900
19901
19902
19903
19905
19906
19907
19908
19909
19910
19911
19912
19913
19914
19915
19916
19917
19918
19919
19920
19923
19924
19925
19926
19927
19928
19930
19931
19932
19933
19938
19939
19940
19941
19942
19943
19944
19945
19946
19947
19948
19949
19950
19951
19952
19953
19954
19955
19956
19957
19958
19959
19960
19961
19962
19963
19964
19965
19966
19967
19968
19969
19971
19972
19973
19974
19976
19978
19980
19981
19982
19983
19984
19985
19986
19988
19989
19990
19991
19992
19993
19994
19996
19997
19999
20000
20001
20002
20006
20007
20008
20009
20010
20012
20013
20014
20015
20017
20018
20019
20021
20022
20023
20024
20025
20026
20028
20029
20030
20031
20032
20033
20034
20035
20036
20037
20038
20044
20045
20046
20047
20048
20049
20050
20051
20052
20053
20054
20055
20056
20058
20060
20061
20062
20063
20064
20065
20066
20067
20068
20069
20070
20072
20073
20074
20075
20076
20077
20078
20079
20080
20081
20082
20083
20084
20085
20086
20087
20088
20089
20090
20091
20092
20093
20094
20095
20096
20097
20098
20099
20100
20101
20102
20103
20104
20105
20106
20107
20108
20109
20110
20111
20112
20113
20114
20115
20116
20117
20118
20119
20120
20121
20122
20123
20124
20125
20126
20127
20128
20129
20130
20131
20133
20135
20136
20137
20138
20140
20142
20143
20144
20145
20146
20147
20148
20149
20152
20153
20156
20157
20158
20160
20161
20162
20163
20165
20166
20168
20171
20172
20173
20175
20176
20178
20180
20182
20183
20184
20185
20186
20187
20188
20190
20191
20192
20193
20194
20195
20196
20197
20198
20199
20200
20201
20202
20203
20204
20205
20206
20207
20209
20211
20212
20213
20214
20215
20216
20217
20218
20221
20222
20223
20224
20225
20226
20227
20228
20229
20230
20231
20232
20233
20234
20235
20236
20238
20239
20240
20242
20244
20245
20246
20247
20248
20250
20253
20254
20255
20256
20257
20259
20260
20261
20263
20264
20265
20267
20268
20269
20270
20271
20272
20273
20274
20275
20276
20277
20278
20281
20282
20283
20285
20286
20287
20288
20290
20291
20292
20293
20296
20297
20298
20299
20302
20303
20304
20305
20306
20307
20308
20309
20310
20311
20313
20314
20315
20316
20317
20318
20319
20320
20323
20324
20325
20327
20328
20329
20330
20331
20332
20333
20334
20335
20336
20337
20338
20340
20341
20342
20343
20344
20345
20347
20348
20349
20350
20351
20352
20354
20355
20359
20360
20363
20366
20368
20369
20371
20372
20374
20375
20378
20379
20382
20383
20385
20387
20389
20391
20392
20393
20397
20398
20400
20401
20403
20405
20406
20408
20409
20410
20412
20414
20416
20417
20418
20419
20420
20421
20422
20423
20425
20427
20428
20431
20432
20433
20434
20435
20436
20437
20439
20440
20441
20442
20443
20444
20445
20446
20447
20448
20449
20450
20451
20452
20453
20454
20455
20456
20457
20458
20459
20460
20461
20462
20463
20464
20465
20466
20467
20468
20470
20471
20472
20474
20476
20477
20478
20479
20482
20483
20485
20486
20487
20488
20491
20492
20493
20494
20495
20496
20498
20500
20501
20502
20503
20504
20505
20506
20507
20508
20509
20510
20511
20512
20513
20514
20515
20516
20517
20524
20525
20526
20527
20529
20531
20532
20533
20534
20535
20536
20537
20538
20539
20541
20542
20543
20545
20546
20548
20551
20552
20554
20555
20556
20557
20559
20560
20561
20562
20563
20564
20566
20567
20568
20570
20571
20572
20574
20575
20576
20577
20578
20579
20581
20583
20585
20587
20589
20590
20591
20592
20594
20595
20598
20599
20603
20604
20606
20607
20608
20609
20611
20612
20613
20615
20617
20620
20622
20623
20626
20628
20633
20634
20635
20640
20641
20643
20644
20645
20646
20648
20649
20650
20651
20652
20653
20657
20658
20659
20660
20661
20662
20663
20665
20666
20667
20668
20669
20671
20672
20673
20674
20675
20676
20677
20678
20679
20680
20681
20682
20683
20684
20686
20687
20688
20689
20690
20691
20692
20693
20694
20695
20696
20697
20698
20700
20701
20702
20703
20704
20705
20706
20707
20709
20712
20713
20715
20716
20718
20719
20720
20721
20722
20723
20724
20725
20726
20728
20729
20730
20731
20732
20733
20734
20735
20736
20737
20738
20739
20740
20741
20742
20743
20744
20745
20746
20747
20748
20749
20750
20751
20752
20753
20754
20755
20757
20758
20759
20760
20762
20763
20764
20765
20766
20767
20768
20769
20770
20771
20773
20774
20775
20776
20777
20781
20784
20785
20791
20795
20807
20808
20809
20811
20812
20814
20815
20818
20819
20820
20821
20822
20823
20824
20825
20826
20827
20828
20829
20830
20832
20833
20834
20835
20836
20837
20839
20840
20841
20842
20843
20844
20845
20846
20847
20848
20849
20850
20851
20852
20853
20855
20857
20858
20859
20860
20861
20862
20863
20864
20865
20866
20867
20868
20872
20873
20874
20875
20878
20880
20883
20884
20885
20889
20890
20891
20892
20893
20894
20898
20900
20902
20904
20905
20906
20907
20909
20910
20911
20913
20914
20915
20916
20918
20919
20920
20921
20922
20923
20925
20926
20928
20929
20930
20932
20933
20934
20935
20938
20939
20940
20942
20946
20948
20949
20950
20951
20953
20954
20956
20957
20958
20960
20962
20963
20964
20965
20968
20970
20971
20974
20975
20976
20977
20978
20982
20983
20988
20989
20992
20997
20998
20999
21001
21004
21006
21007
21009
21010
21011
21015
21016
21017
21020
21021
21022
21023
21024
21025
21026
21027
21029
21030
21031
21032
21034
21035
21036
21037
21038
21039
21042
21043
21044
21045
21046
21047
21048
21049
21050
21054
21059
21060
21065
21069
21073
21074
21076
21077
21078
21079
21081
21083
21085
21086
21088
21089
21090
21092
21093
21095
21096
21100
21102
21103
21107
21108
21110
21111
21112
21114
21115
21116
21118
21119
21120
21121
21122
21123
21125
21127
21129
21130
21134
21135
21136
21138
21139
21140
21141
21145
21146
21152
21153
21156
21164
21165
21166
21169
21171
21173
21174
21175
21177
21178
21181
21182
21183
21184
21186
21189
21190
21191
21192
21194
21196
21197
21198
21199
21200
21201
21202
21203
21204
21206
21207
21208
21209
21210
21211
21212
21214
21216
21219
21220
21221
21223
21224
21225
21226
21227
21228
21229
21230
21231
21232
21233
21234
21235
21237
21238
21239
21240
21241
21243
21244
21246
21248
21249
21250
21251
21254
21255
21256
21257
21258
21259
21261
21262
21263
21264
21265
21266
21267
21269
21271
21272
21273
21277
21278
21279
21280
21282
21283
21286
21288
21292
21293
21294
21295
21297
21298
21300
21302
21306
21328
21329
21331
21332
21333
21334
21335
21336
21337
21338
21339
21341
21343
21345
21347
21349
21351
21354
21355
21356
21357
21358
21359
21360
21361
21362
21363
21364
21366
21367
21368
21369
21370
21371
21372
21373
21374
21376
21378
21379
21380
21381
21383
21384
21386
21387
21388
21389
21390
21396
21397
21402
21403
21404
21409
21410
21412
21413
21415
21416
21419
21421
21422
21424
21427
21429
21431
21432
21433
21442
21444
21445
21446
21447
21449
21451
21457
21458
21459
21460
21465
21470
21472
21477
21479
21481
21482
21484
21487
21499
21505
21506
21507
21510
21511
21513
21515
21517
21519
21521
21527
21528
21529
21530
21532
21533
21534
21535
21536
21537
21539
21540
21544
21546
21549
21553
21557
21560
21561
21562
21563
21564
21565
21566
21567
21569
21571
21572
21573
21574
21575
21576
21577
21578
21579
21582
21583
21586
21587
21590
21591
21592
21594
21596
21597
21599
21600
21601
21602
21604
21605
21606
21609
21612
21615
21617
21618
21619
21620
21621
21626
21627
21628
21629
21630
21631
21632
21633
21634
21635
21636
21638
21639
21640
21642
21643
21644
21646
21647
21648
21649
21650
21651
21652
21656
21657
21659
21661
21663
21675
21677
21678
21679
21681
21684
21685
21687
21688
21689
21690
21691
21693
21694
21695
21696
21698
21699
21701
21702
21704
21705
21710
21712
21714
21715
21716
21717
21718
21720
21721
21722
21723
21725
21726
21727
21728
21729
21730
21732
21733
21735
21736
21737
21739
21740
21741
21742
21743
21744
21745
21747
21748
21749
21750
21751
21755
21756
21757
21758
21759
21760
21763
21764
21765
21766
21768
21770
21772
21773
21775
21776
21777
21779
21780
21781
21782
21783
21784
21785
21786
21787
21788
21789
21791
21792
21793
21794
21796
21797
21798
21799
21800
21801
21802
21803
21805
21806
21807
21808
21809
21810
21812
21813
21814
21815
21817
21818
21819
21822
21824
21825
21828
21829
21830
21831
21832
21834
21839
21840
21841
21842
21843
21844
21845
21846
21847
21849
21850
21851
21853
21854
21855
21856
21857
21858
21859
21860
21861
21862
21863
21864
21865
21866
21867
21868
21870
21871
21872
21873
21874
21875
21876
21877
21878
21879
21880
21881
21882
21884
21886
21887
21889
21890
21891
21896
21897
21898
21899
21901
21903
21908
21909
21910
21913
21914
21915
21917
21921
21924
21925
21926
21928
21929
21931
21933
21934
21937
21938
21939
21942
21944
21947
21948
21949
21950
21956
21957
21958
21962
21964
21971
21972
21973
21974
21975
21976
21977
21978
21979
21980
21981
21985
21988
21989
21991
21992
21993
21994
21995
21996
22003
22004
22006
22007
22013
22014
22017
22018
22024
22028
22029
22030
22032
22034
22035
22039
22040
22043
22046
22050
22052
22054
22055
22057
22058
22060
22061
22062
22063
22064
22065
22066
22067
22068
22069
22070
22071
22072
22073
22074
22075
22076
22077
22078
22079
22080
22081
22082
22083
22085
22086
22087
22088
22089
22090
22091
22092
22093
22094
22095
22097
22098
22099
22100
22101
22102
22103
22105
22106
22107
22108
22109
22110
22111
22112
22114
22116
22117
22119
22120
22121
22122
22123
22125
22126
22127
22128
22129
22130
22131
22132
22133
22134
22135
22136
22137
22138
22139
22140
22141
22143
22144
22145
22148
22150
22151
22152
22153
22155
22158
22160
22161
22162
22163
22167
22168
22170
22171
22172
22173
22174
22180
22181
22182
22183
22184
22185
22186
22187
22188
22189
22190
22191
22192
22193
22194
22195
22200
22201
22202
22204
22206
22208
22211
22212
22214
22215
22217
22218
22219
22220
22221
22222
22226
22229
22230
22233
22235
22236
22240
22241
22242
22243
22244
22245
22246
22247
22248
22249
22250
22251
22252
22253
22254
22255
22257
22258
22259
22260
22261
22263
22264
22265
22266
22267
22271
22272
22277
22280
22281
22293
22295
22297
22298
22300
22303
22305
22308
22309
22310
22311
22312
22313
22314
22316
22320
22321
22324
22327
22329
22330
22331
22332
22333
22334
22335
22336
22337
22338
22339
22340
22341
22342
22343
22344
22345
22346
22347
22348
22349
22350
22352
22353
22354
22356
22357
22358
22359
22360
22361
22362
22364
22365
22366
22369
22370
22372
22373
22374
22375
22377
22380
22381
22382
22383
22384
22385
22386
22387
22389
22392
22393
22395
22396
22397
22398
22399
22400
22401
22402
22403
22404
22405
22408
22410
22414
22415
22416
22420
22423
22424
22425
22426
22427
22428
22429
22430
22431
22433
22434
22435
22436
22437
22438
22439
22440
22441
22444
22446
22447
22448
22449
22450
22451
22452
22453
22454
22455
22456
22457
22458
22459
22461
22464
22466
22467
22469
22470
22471
22472
22473
22474
22479
22480
22482
22483
22487
22489
22491
22492
22493
22496
22497
22498
22499
22500
22503
22504
22505
22506
22507
22508
22509
22510
22511
22512
22513
22516
22517
22518
22519
22520
22521
22523
22524
22526
22529
22531
22532
22534
22536
22538
22539
22549
22550
22551
22552
22553
22554
22555
22556
22558
22559
22560
22561
22562
22563
22564
22565
22566
22567
22568
22569
22570
22571
22572
22573
22574
22575
22576
22577
22578
22579
22580
22581
22583
22584
22585
22586
22587
22588
22589
22590
22591
22592
22593
22594
22595
22596
22597
22598
22600
22601
22602
22603
22604
22608
22609
22610
22611
22612
22613
22614
22615
22616
22617
22619
22620
22621
22622
22623
22624
22625
22626
22627
22628
22630
22631
22633
22634
22635
22636
22637
22638
22639
22640
22641
22642
22643
22644
22645
22646
22647
22648
22649
22650
22651
22653
22654
22655
22656
22657
22658
22659
22660
22662
22664
22668
22669
22672
22673
22674
22678
22679
22680
22681
22682
22683
22684
22689
22690
22691
22694
22695
22696
22697
22703
22708
22709
22710
22714
22715
22718
22719
22720
22721
22722
22723
22724
22725
22726
22727
22728
22730
22731
22732
22733
22734
22737
22738
22739
22742
22743
22744
22745
22746
22747
22748
22750
22751
22752
22753
22754
22755
22756
22757
22758
22759
22760
22762
22763
22764
22765
22766
22767
22768
22769
22770
22771
22772
22773
22774
22775
22776
22777
22778
22779
22780
22783
22785
22787
22791
22793
22795
22796
22797
22800
22801
22803
22804
22806
22811
22812
22814
22817
22820
22823
22824
22825
22826
22827
22828
22830
22831
22832
22833
22835
22836
22838
22839
22840
22844
22845
22846
22848
22849
22850
22852
22853
22857
22859
22860
22861
22862
22863
22873
22880
22882
22883
22884
22885
22886
22889
22893
22895
22896
22897
22899
22903
22905
22907
22908
22911
22913
22914
22915
22917
22918
22919
22929
22935
22940
22944
22945
22946
22947
22948
22949
22951
22952
22957
22958
22963
22964
22966
22971
22972
22973
22977
22981
22985
22989
22991
22993
22995
22998
22999
23000
23003
23004
23008
23010
23013
23014
23021
23022
23029
23032
23033
23034
23038
23039
23041
23043
23044
23046
23049
23053
23056
23058
23065
23066
23070
23071
23072
23074
23076
23077
23078
23080
23082
23089
23095
23096
23099
23100
23104
23106
23107
23108
23109
23110
23111
23112
23114
23115
23117
23119
23120
23121
23122
23123
23124
23125
23127
23130
23131
23134
23136
23142
23143
23144
23145
23148
23149
23150
23160
23161
23162
23170
23172
23173
23174
23177
23178
23179
23180
23186
23190
23191
23192
23194
23195
23201
23202
23203
23204
23205
23207
23209
23218
23219
23220
23224
23225
23229
23230
23231
23232
23234
23235
23236
23237
23238
23239
23240
23242
23243
23244
23245
23247
23251
23254
23256
23257
23258
23259
23262
23263
23265
23266
23267
23270
23271
23272
23273
23275
23276
23277
23278
23280
23281
23282
23283
23284
23285
23286
23288
23289
23290
23291
23292
23295
23296
23298
23299
23300
23302
23305
23306
23307
23308
23309
23311
23313
23314
23315
23316
23317
23318
23319
23320
23321
23322
23323
23324
23326
23327
23328
23331
23332
23333
23334
23335
23337
23339
23340
23341
23342
23343
23348
23349
23351
23357
23359
23371
23374
23377
23379
23381
23382
23383
23385
23387
23388
23390
23392
23395
23396
23397
23398
23399
23401
23404
23405
23406
23408
23409
23411
23412
23414
23416
23417
23420
23428
23429
23431
23432
23433
23434
23435
23437
23438
23439
23440
23441
23442
23443
23444
23446
23447
23448
23452
23455
23456
23457
23459
23460
23461
23463
23464
23465
23466
23469
23471
23472
23473
23475
23477
23478
23480
23482
23483
23486
23487
23488
23490
23491
23492
23493
23494
23495
23498
23499
23500
23501
23502
23504
23505
23506
23507
23508
23509
23510
23512
23513
23514
23516
23517
23518
23519
23520
23521
23523
23528
23531
23533
23535
23536
23538
23542
23543
23546
23547
23549
23552
23555
23558
23559
23561
23562
23563
23570
23577
23578
23579
23580
23581
23582
23583
23584
23586
23587
23588
23589
23590
23595
23597
23598
23599
23600
23601
23602
23603
23604
23605
23606
23607
23608
23610
23611
23612
23613
23614
23615
23616
23617
23618
23619
23620
23622
23623
23624
23626
23629
23631
23632
23640
23641
23643
23644
23645
23646
23648
23649
23650
23651
23653
23654
23655
23656
23660
23663
23664
23665
23667
23668
23669
23670
23673
23674
23675
23677
23679
23681
23682
23684
23688
23690
23692
23693
23695
23700
23701
23703
23708
23709
23711
23719
23725
23736
23745
23750
23751
23754
23758
23764
23765
23770
23776
23783
23784
23785
23786
23787
23788
23789
23790
23791
23792
23793
23794
23795
23796
23797
23799
23800
23801
23802
23803
23805
23807
23808
23809
23811
23812
23815
23816
23818
23819
23820
23821
23822
23824
23825
23827
23829
23830
23831
23832
23833
23834
23835
23836
23839
23840
23841
23842
23845
23846
23847
23848
23849
23850
23851
23853
23854
23855
23856
23857
23858
23859
23860
23861
23862
23863
23866
23868
23869
23871
23873
23874
23875
23876
23879
23880
23881
23882
23884
23888
23889
23890
23891
23892
23893
23894
23895
23896
23897
23898
23899
23900
23901
23902
23904
23905
23906
23907
23908
23910
23911
23912
23913
23914
23915
23916
23917
23918
23919
23920
23921
23922
23923
23924
23925
23926
23930
23931
23932
23933
23934
23936
23938
23939
23940
23941
23942
23943
23944
23945
23946
23947
23948
23949
23950
23951
23952
23953
23954
23955
23956
23958
23959
23960
23961
23962
23963
23964
23966
23967
23968
23969
23970
23971
23972
23973
23974
23975
23976
23977
23978
23979
23980
23981
23982
23983
23985
23986
23987
23991
23992
23993
23994
23995
23996
23997
23998
23999
24000
24001
24002
24003
24004
24005
24006
24007
24011
24012
24013
24014
24015
24017
24018
24019
24020
24021
24022
24023
24024
24025
24026
24027
24028
24029
24030
24031
24032
24033
24034
24035
24036
24037
24038
24039
24040
24041
24044
24045
24046
24049
24050
24051
24052
24053
24054
24055
24056
24057
24058
24059
24060
24061
24062
24063
24064
24065
24066
24067
24068
24069
24070
24071
24072
24073
24074
24075
24076
24077
24078
24079
24080
24081
24082
24083
24084
24085
24086
24087
24088
24089
24092
24093
24094
24095
24097
24098
24101
24102
24104
24105
24106
24107
24108
24109
24110
24111
24112
24113
24114
24115
24116
24117
24118
24119
24122
24124
24126
24127
24128
24129
24130
24131
24132
24133
24134
24135
24136
24138
24140
24141
24142
24143
24144
24145
24147
24150
24151
24152
24153
24154
24155
24156
24157
24158
24159
24161
24162
24163
24164
24167
24171
24172
24173
24174
24175
24181
24184
24185
24188
24190
24192
24193
24195
24196
24201
24202
24203
24204
24209
24210
24211
24212
24213
24214
24215
24216
24217
24218
24219
24220
24221
24222
24223
24224
24225
24226
24227
24228
24229
24230
24231
24232
24233
24234
24235
24236
24237
24239
24240
24241
24242
24243
24244
24245
24246
24247
24248
24249
24250
24251
24252
24253
24254
24255
24257
24258
24259
24260
24261
24262
24263
24264
24265
24266
24268
24269
24270
24271
24272
24273
24274
24275
24276
24277
24278
24279
24280
24281
24282
24283
24284
24285
24286
24287
24288
24289
24290
24291
24292
24293
24294
24295
24296
24297
24298
24299
24300
24301
24302
24303
24304
24305
24306
24307
24308
24309
24311
24312
24313
24314
24315
24316
24317
24318
24319
24320
24322
24323
24324
24325
24326
24327
24328
24330
24331
24332
24333
24334
24335
24336
24337
24339
24340
24342
24343
24344
24345
24346
24347
24348
24349
24351
24352
24353
24354
24355
24356
24357
24358
24359
24361
24364
24365
24366
24368
24369
24370
24372
24375
24376
24377
24378
24381
24382
24384
24387
24388
24390
24391
24393
24395
24397
24398
24399
24400
24401
24402
24403
24404
24405
24406
24407
24409
24412
24413
24414
24415
24416
24417
24418
24419
24420
24422
24423
24424
24426
24427
24428
24430
24431
24432
24433
24435
24436
24437
24438
24439
24440
24441
24442
24443
24444
24446
24447
24448
24449
24450
24451
24452
24453
24454
24455
24456
24457
24458
24459
24460
24461
24462
24463
24466
24468
24469
24470
24471
24473
24479
24480
24481
24482
24483
24484
24485
24486
24487
24488
24489
24491
24492
24494
24495
24496
24498
24501
24502
24503
24504
24505
24506
24507
24512
24515
24516
24518
24520
24521
24522
24524
24525
24526
24527
24528
24529
24530
24533
24534
24535
24536
24538
24539
24541
24542
24544
24545
24546
24548
24549
24550
24551
24552
24553
24554
24557
24558
24560
24561
24563
24564
24568
24570
24571
24573
24574
24575
24576
24577
24578
24580
24581
24582
24583
24584
24585
24586
24587
24588
24589
24590
24591
24592
24593
24595
24597
24601
24604
24605
24607
24610
24611
24613
24614
24616
24617
24618
24619
24620
24622
24623
24624
24625
24626
24627
24628
24629
24631
24632
24633
24634
24635
24636
24637
24638
24640
24642
24644
24646
24647
24648
24649
24651
24652
24654
24655
24656
24657
24659
24662
24663
24665
24666
24669
24674
24675
24676
24677
24678
24679
24680
24681
24683
24684
24685
24687
24688
24690
24691
24693
24694
24695
24697
24698
24700
24701
24702
24703
24704
24705
24706
24711
24713
24720
24723
24726
24729
24730
24731
24732
24733
24734
24736
24738
24739
24741
24743
24746
24748
24749
24750
24752
24753
24755
24757
24758
24760
24761
24762
24763
24764
24765
24766
24767
24768
24769
24771
24772
24773
24774
24775
24776
24777
24778
24779
24780
24781
24784
24786
24787
24788
24789
24790
24791
24792
24793
24794
24795
24796
24798
24802
24803
24804
24805
24807
24808
24810
24812
24813
24814
24815
24816
24821
24822
24823
24824
24825
24826
24827
24828
24830
24831
24832
24833
24834
24835
24836
24838
24839
24840
24841
24842
24844
24846
24847
24848
24849
24850
24851
24853
24854
24856
24857
24858
24859
24860
24862
24863
24864
24865
24866
24867
24868
24869
24870
24872
24873
24874
24875
24877
24878
24880
24881
24882
24883
24885
24886
24890
24891
24892
24893
24894
24895
24896
24897
24898
24899
24902
24903
24904
24905
24907
24908
24909
24913
24915
24918
24921
24922
24923
24924
24925
24926
24927
24928
24929
24930
24931
24932
24933
24934
24935
24936
24938
24941
24942
24943
24946
24948
24950
24951
24952
24953
24961
24966
24971
24972
24975
24976
24979
24980
24981
24982
24983
24984
24985
24986
24987
24988
24989
24990
24992
24993
24994
24995
24996
24998
24999
25000
25001
25002
25003
25004
25005
25006
25007
25008
25009
25010
25011
25012
25013
25014
25015
25016
25017
25018
25019
25020
25021
25022
25023
25025
25026
25027
25028
25030
25031
25032
25033
25035
25036
25037
25038
25040
25041
25042
25043
25045
25046
25047
25048
25049
25050
25051
25052
25053
25054
25056
25057
25058
25059
25060
25061
25062
25063
25064
25065
25066
25067
25068
25069
25070
25071
25072
25073
25074
25076
25077
25078
25079
25080
25081
25082
25083
25084
25085
25086
25091
25092
25093
25094
25095
25096
25097
25098
25099
25100
25101
25102
25103
25105
25106
25107
25108
25111
25112
25113
25115
25116
25117
25118
25119
25122
25123
25130
25138
25141
25142
25143
25145
25146
25147
25149
25151
25152
25153
25155
25156
25157
25158
25159
25160
25162
25163
25165
25166
25167
25168
25169
25170
25171
25172
25173
25175
25177
25178
25180
25181
25182
25184
25185
25190
25191
25192
25193
25194
25195
25196
25197
25198
25199
25200
25201
25202
25203
25204
25205
25206
25207
25208
25209
25210
25211
25214
25215
25217
25219
25220
25222
25225
25228
25229
25230
25232
25233
25234
25235
25236
25237
25238
25239
25240
25243
25244
25246
25247
25248
25249
25253
25255
25256
25262
25263
25266
25268
25270
25271
25272
25274
25275
25276
25279
25280
25281
25283
25286
25287
25288
25290
25291
25292
25293
25294
25297
25301
25304
25305
25311
25313
25315
25316
25317
25318
25320
25321
25322
25325
25326
25332
25337
25338
25339
25343
25344
25345
25346
25347
25348
25349
25350
25351
25352
25353
25354
25355
25356
25357
25359
25360
25361
25362
25365
25369
25371
25373
25374
25376
25377
25380
25383
25384
25387
25388
25390
25392
25393
25394
25395
25398
25405
25409
25414
25423
25427
25429
25435
25436
25438
25440
25444
25445
25446
25448
25452
25453
25454
25455
25456
25458
25459
25462
25463
25465
25466
25468
25469
25470
25472
25474
25475
25477
25478
25479
25481
25483
25484
25485
25486
25487
25488
25489
25490
25491
25492
25493
25495
25496
25497
25498
25499
25500
25502
25503
25504
25505
25506
25507
25508
25514
25516
25523
25526
25530
25531
25532
25533
25536
25537
25538
25539
25540
25541
25542
25543
25544
25545
25546
25547
25548
25549
25551
25552
25553
25554
25562
25564
25566
25567
25570
25571
25580
25583
25585
25588
25590
25591
25592
25593
25595
25596
25598
25599
25600
25601
25602
25605
25606
25607
25608
25609
25615
25616
25617
25619
25620
25626
25630
25631
25632
25633
25634
25636
25639
25640
25641
25642
25645
25646
25647
25650
25652
25655
25659
25660
25662
25666
25669
25671
25672
25673
25675
25676
25677
25678
25684
25686
25689
25691
25692
25693
25694
25695
25698
25700
25701
25703
25704
25705
25706
25707
25708
25712
25713
25714
25715
25717
25718
25719
25721
25722
25723
25724
25727
25728
25729
25732
25733
25734
25735
25737
25740
25741
25742
25743
25745
25746
25748
25749
25750
25754
25755
25756
25757
25761
25762
25763
25764
25767
25768
25769
25770
25772
25773
25774
25777
25778
25779
25781
25782
25784
25785
25787
25788
25793
25794
25795
25796
25797
25798
25799
25801
25802
25803
25804
25805
25806
25807
25808
25809
25810
25811
25812
25813
25814
25815
25817
25819
25820
25821
25822
25823
25824
25825
25826
25827
25828
25829
25830
25831
25833
25834
25837
25838
25839
25841
25842
25846
25849
25851
25852
25853
25854
25855
25856
25859
25861
25862
25863
25864
25865
25866
25867
25868
25871
25872
25873
25874
25875
25876
25877
25879
25880
25881
25882
25883
25884
25885
25886
25890
25891
25892
25894
25895
25896
25898
25899
25900
25901
25903
25905
25906
25908
25909
25910
25911
25912
25913
25916
25917
25918
25919
25920
25921
25922
25924
25925
25926
25927
25928
25929
25930
25933
25934
25935
25936
25937
25938
25939
25941
25942
25943
25944
25945
25946
25947
25948
25950
25951
25952
25955
25957
25958
25959
25960
25961
25962
25965
25966
25967
25969
25973
25976
25977
25978
25979
25981
25982
25984
25989
25990
25991
25992
25993
25994
25995
25999
26000
26003
26006
26007
26009
26012
26019
26022
26026
26027
26028
26033
26034
26035
26036
26037
26038
26040
26044
26045
26046
26047
26048
26049
26052
26053
26054
26056
26061
26063
26067
26068
26071
26076
26077
26079
26080
26083
26084
26085
26086
26088
26091
26096
26099
26101
26103
26104
26105
26107
26108
26112
26113
26115
26116
26117
26118
26120
26121
26122
26124
26125
26127
26130
26131
26132
26133
26135
26138
26139
26140
26143
26145
26147
26148
26149
26150
26152
26156
26157
26159
26162
26164
26165
26166
26167
26169
26170
26172
26178
26181
26182
26183
26184
26186
26192
26194
26197
26198
26199
26200
26207
26209
26211
26212
26213
26214
26215
26226
26231
26232
26236
26237
26238
26239
26240
26241
26242
26247
26250
26251
26252
26253
26254
26255
26256
26257
26258
26259
26261
26262
26263
26264
26265
26266
26267
26268
26269
26272
26273
26277
26278
26280
26281
26282
26284
26285
26286
26287
26289
26290
26291
26294
26295
26296
26297
26299
26301
26303
26304
26305
26306
26307
26308
26309
26310
26311
26312
26313
26314
26316
26319
26321
26323
26324
26325
26326
26327
26329
26332
26333
26334
26339
26341
26343
26346
26347
26348
26349
26350
26351
26352
26354
26355
26358
26359
26361
26363
26367
26368
26369
26370
26371
26372
26375
26376
26377
26378
26379
26380
26382
26384
26387
26390
26397
26398
26402
26415
26416
26417
26420
26421
26422
26423
26429
26430
26432
26438
26443
26444
26448
26449
26450
26453
26454
26456
26458
26461
26462
26463
26465
26467
26470
26471
26473
26474
26478
26479
26481
26489
26490
26492
26493
26494
26495
26496
26497
26498
26499
26501
26502
26503
26504
26508
26516
26517
26518
26519
26522
26529
26531
26532
26534
26535
26537
26538
26539
26540
26541
26543
26544
26545
26546
26547
26550
26551
26552
26553
26554
26555
26557
26558
26564
26568
26569
26572
26582
26584
26587
26588
26589
26591
26593
26594
26598
26600
26601
26602
26603
26605
26606
26607
26608
26609
26610
26611
26613
26614
26615
26617
26619
26622
26623
26628
26630
26632
26635
26636
26638
26641
26642
26643
26646
26650
26651
26652
26655
26656
26657
26658
26659
26662
26663
26666
26667
26669
26670
26676
26680
26681
26683
26685
26689
26691
26692
26694
26695
26696
26699
26701
26702
26703
26707
26708
26709
26710
26711
26712
26714
26715
26716
26717
26720
26721
26723
26726
26730
26733
26734
26735
26736
26739
26743
26744
26745
26746
26749
26750
26752
26753
26754
26757
26758
26762
26763
26764
26765
26772
26776
26777
26778
26779
26780
26781
26782
26783
26784
26786
26788
26789
26790
26791
26792
26793
26794
26795
26796
26797
26798
26799
26800
26801
26804
26805
26806
26808
26816
26818
26821
26822
26823
26824
26826
26827
26828
26829
26830
26831
26832
26833
26834
26835
26836
26837
26838
26839
26840
26842
26843
26844
26845
26846
26849
26851
26853
26854
26855
26857
26858
26859
26860
26862
26863
26864
26865
26871
26874
26876
26877
26878
26879
26881
26884
26885
26888
26890
26892
26893
26894
26895
26897
26899
26901
26903
26904
26908
26910
26911
26915
26916
26917
26918
26921
26924
26925
26926
26927
26928
26929
26930
26931
26932
26934
26936
26937
26938
26939
26941
26942
26943
26944
26945
26946
26947
26948
26950
26951
26952
26953
26954
26956
26958
26960
26962
26964
26965
26966
26967
26968
26970
26971
26973
26974
26975
26976
26977
26978
26979
26981
26982
26983
26984
26985
26986
26988
26991
26992
26994
26995
26996
26997
26998
26999
27001
27002
27003
27006
27007
27009
27011
27012
27013
27014
27015
27017
27018
27021
27022
27023
27025
27030
27032
27037
27038
27043
27044
27046
27051
27055
27057
27058
27059
27060
27061
27063
27064
27065
27066
27067
27069
27070
27076
27077
27078
27079
27080
27082
27085
27086
27087
27088
27089
27090
27092
27093
27094
27095
27097
27100
27101
27102
27103
27104
27105
27106
27108
27109
27110
27111
27112
27113
27114
27115
27116
27117
27118
27120
27123
27125
27126
27127
27128
27129
27130
27131
27133
27134
27135
27136
27139
27140
27141
27142
27143
27144
27146
27147
27149
27151
27152
27153
27154
27155
27156
27157
27158
27160
27162
27163
27165
27166
27167
27168
27169
27170
27171
27173
27174
27175
27176
27177
27178
27179
27181
27183
27184
27185
27186
27187
27188
27189
27192
27193
27197
27199
27202
27203
27205
27206
27207
27208
27210
27211
27213
27214
27215
27216
27217
27220
27221
27222
27223
27224
27225
27226
27227
27230
27231
27232
27233
27234
27239
27240
27241
27242
27243
27244
27245
27247
27248
27249
27250
27251
27253
27254
27255
27256
27257
27258
27259
27260
27262
27263
27264
27265
27266
27268
27269
27270
27271
27272
27273
27274
27275
27276
27277
27278
27279
27280
27281
27282
27284
27285
27286
27287
27288
27289
27291
27292
27293
27294
27295
27296
27297
27298
27299
27301
27302
27303
27304
27306
27307
27308
27309
27310
27312
27313
27314
27315
27316
27317
27318
27319
27320
27321
27323
27324
27325
27326
27327
27328
27329
27330
27332
27333
27334
27335
27337
27338
27340
27341
27342
27343
27345
27347
27348
27349
27351
27353
27355
27357
27358
27360
27362
27363
27364
27365
27366
27367
27368
27369
27370
27371
27372
27373
27374
27375
27382
27383
27386
27387
27388
27389
27390
27391
27392
27393
27394
27395
27396
27397
27398
27399
27400
27401
27402
27403
27404
27405
27406
27407
27414
27415
27416
27417
27418
27419
27420
27421
27422
27425
27427
27428
27429
27431
27432
27433
27434
27436
27440
27441
27444
27445
27446
27447
27449
27450
27453
27456
27459
27460
27461
27462
27464
27465
27467
27470
27471
27472
27474
27475
27476
27478
27479
27480
27481
27482
27483
27485
27487
27488
27489
27490
27491
27492
27494
27495
27498
27499
27505
27507
27508
27510
27511
27512
27514
27515
27517
27518
27522
27524
27527
27528
27530
27531
27532
27533
27534
27536
27538
27540
27543
27546
27547
27548
27551
27552
27553
27556
27557
27558
27559
27560
27561
27566
27567
27569
27570
27571
27572
27573
27574
27575
27576
27578
27579
27580
27581
27582
27583
27584
27585
27586
27587
27588
27589
27590
27591
27592
27593
27594
27595
27596
27597
27598
27599
27600
27601
27602
27603
27604
27606
27607
27610
27611
27613
27614
27616
27619
27620
27621
27622
27623
27624
27625
27626
27627
27628
27629
27631
27632
27633
27634
27635
27637
27638
27640
27641
27642
27643
27645
27646
27648
27649
27650
27651
27653
27654
27655
27656
27657
27658
27659
27662
27663
27664
27665
27668
27670
27671
27672
27673
27675
27676
27677
27678
27679
27680
27681
27682
27684
27685
27686
27687
27688
27689
27690
27692
27693
27695
27698
27699
27700
27702
27703
27704
27705
27706
27707
27708
27709
27711
27712
27713
27714
27715
27716
27717
27721
27723
27724
27725
27726
27727
27729
27730
27731
27733
27734
27735
27739
27741
27742
27744
27748
27749
27751
27752
27754
27755
27756
27757
27759
27760
27761
27762
27763
27764
27765
27766
27767
27768
27769
27770
27773
27774
27775
27776
27780
27782
27788
27796
27797
27798
27799
27800
27801
27803
27804
27805
27806
27807
27808
27809
27810
27811
27812
27813
27815
27816
27817
27818
27819
27820
27821
27822
27823
27824
27825
27826
27827
27828
27829
27830
27831
27832
27833
27834
27835
27836
27837
27838
27839
27840
27842
27843
27844
27845
27846
27847
27848
27849
27850
27851
27852
27853
27854
27855
27856
27857
27858
27859
27860
27861
27862
27863
27864
27865
27866
27867
27868
27869
27870
27871
27872
27873
27874
27875
27876
27877
27878
27879
27880
27881
27882
27883
27884
27885
27886
27887
27889
27890
27891
27892
27893
27894
27895
27896
27897
27898
27899
27900
27901
27902
27903
27905
27906
27907
27910
27911
27912
27913
27914
27915
27916
27918
27919
27920
27922
27923
27925
27926
27927
27928
27929
27930
27932
27933
27936
27940
27941
27944
27946
27948
27949
27952
27953
27956
27958
27960
27961
27962
27963
27964
27967
27968
27969
27970
27971
27972
27974
27975
27977
27978
27979
27981
27982
27984
27985
27986
27987
27988
27989
27993
27996
27997
27998
27999
28001
28002
28004
28005
28006
28007
28008
28009
28010
28011
28012
28013
28014
28015
28016
28017
28018
28019
28020
28021
28022
28023
28024
28025
28026
28029
28030
28032
28033
28035
28036
28038
28039
28043
28044
28047
28048
28049
28050
28051
28052
28053
28054
28055
28056
28057
28059
28060
28061
28062
28064
28065
28066
28067
28068
28070
28072
28074
28075
28076
28078
28079
28080
28081
28083
28084
28085
28086
28087
28089
28090
28091
28093
28094
28098
28099
28101
28102
28103
28105
28107
28108
28110
28111
28114
28116
28117
28120
28121
28125
28130
28132
28135
28136
28137
28138
28144
28145
28148
28152
28154
28155
28157
28160
28162
28167
28168
28173
28174
28176
28178
28179
28181
28184
28186
28187
28193
28194
28197
28198
28199
28200
28201
28202
28203
28204
28206
28207
28208
28209
28211
28213
28218
28222
28225
28232
28235
28237
28238
28240
28243
28246
28247
28248
28250
28252
28254
28258
28259
28260
28262
28263
28264
28265
28267
28268
28271
28272
28273
28274
28275
28276
28277
28278
28285
28292
28294
28297
28300
28303
28304
28305
28306
28307
28309
28310
28311
28314
28316
28318
28324
28327
28331
28335
28337
28339
28340
28342
28345
28346
28347
28350
28351
28352
28353
28354
28356
28357
28360
28363
28365
28366
28367
28369
28370
28372
28373
28375
28376
28377
28379
28380
28382
28383
28384
28386
28387
28388
28390
28391
28392
28393
28394
28396
28399
28400
28401
28402
28404
28405
28406
28407
28408
28410
28411
28417
28420
28422
28423
28425
28426
28427
28429
28432
28435
28438
28440
28441
28442
28443
28444
28446
28447
28452
28454
28458
28462
28465
28468
28471
28473
28474
28475
28476
28477
28478
28479
28480
28481
28482
28483
28485
28489
28490
28491
28493
28496
28500
28502
28503
28504
28508
28509
28510
28513
28517
28518
28521
28523
28527
28529
28531
28537
28553
28554
28573
28575
28583
28586
28589
28592
28594
28597
28604
28605
28610
28623
28624
28625
28626
28627
28629
28631
28632
28633
28634
28636
28637
28638
28639
28640
28641
28642
28643
28644
28646
28647
28648
28649
28650
28651
28652
28653
28654
28655
28656
28657
28658
28659
28660
28661
28662
28663
28664
28667
28669
28670
28671
28673
28674
28675
28676
28677
28678
28679
28680
28682
28683
28684
28685
28686
28687
28688
28689
28691
28693
28694
28695
28698
28699
28700
28701
28705
28706
28708
28710
28711
28712
28713
28714
28715
28716
28717
28718
28719
28720
28721
28724
28725
28726
28727
28728
28732
28733
28735
28736
28737
28738
28739
28740
28741
28742
28743
28745
28750
28751
28752
28753
28754
28756
28758
28759
28760
28761
28762
28763
28764
28765
28766
28767
28768
28769
28771
28772
28773
28774
28776
28778
28779
28781
28782
28783
28784
28786
28787
28788
28789
28790
28791
28793
28795
28797
28798
28799
28801
28802
28803
28804
28805
28807
28808
28809
28810
28812
28813
28814
28815
28817
28818
28819
28820
28821
28822
28823
28824
28825
28826
28827
28828
28829
28830
28831
28832
28833
28834
28835
28836
28837
28838
28839
28840
28841
28842
28843
28844
28846
28847
28848
28849
28850
28851
28852
28853
28854
28855
28857
28858
28859
28860
28861
28862
28863
28864
28867
28868
28870
28871
28872
28873
28875
28876
28877
28878
28880
28881
28882
28883
28884
28885
28886
28888
28889
28890
28891
28892
28893
28894
28895
28896
28897
28898
28899
28900
28901
28902
28903
28904
28905
28906
28907
28909
28910
28911
28912
28913
28914
28915
28916
28917
28918
28919
28920
28921
28922
28923
28924
28925
28926
28927
28929
28930
28931
28932
28933
28934
28935
28936
28937
28938
28939
28940
28941
28942
28944
28945
28946
28947
28948
28949
28950
28951
28952
28953
28954
28955
28956
28957
28958
28959
28960
28961
28962
28963
28964
28966
28967
28968
28969
28970
28971
28972
28973
28974
28975
28976
28977
28978
28979
28981
28982
28983
28984
28985
28986
28987
28988
28989
28990
28991
28995
28996
28997
28998
28999
29000
29001
29004
29005
29007
29008
29009
29010
29011
29012
29013
29014
29015
29016
29017
29018
29019
29020
29021
29022
29023
29024
29025
29026
29027
29028
29029
29030
29031
29033
29034
29035
29036
29037
29039
29040
29041
29042
29043
29044
29045
29046
29047
29048
29049
29050
29051
29052
29053
29054
29055
29056
29057
29058
29059
29060
29061
29062
29064
29065
29066
29067
29069
29071
29072
29073
29074
29077
29078
29079
29082
29084
29086
29088
29089
29090
29091
29092
29093
29094
29095
29100
29102
29104
29109
29111
29112
29113
29114
29115
29116
29117
29118
29119
29121
29122
29123
29124
29125
29126
29127
29128
29129
29130
29131
29132
29133
29134
29135
29136
29137
29138
29139
29140
29141
29142
29143
29144
29145
29146
29147
29148
29149
29150
29151
29152
29153
29154
29155
29156
29158
29159
29160
29161
29162
29163
29164
29166
29167
29168
29169
29170
29171
29172
29173
29174
29175
29176
29177
29178
29179
29180
29181
29182
29183
29184
29185
29186
29187
29188
29189
29190
29191
29192
29193
29194
29195
29196
29197
29198
29199
29200
29201
29202
29203
29204
29205
29206
29207
29208
29209
29210
29211
29213
29214
29215
29216
29217
29218
29220
29221
29222
29223
29224
29226
29227
29228
29230
29231
29232
29233
29234
29235
29236
29237
29238
29239
29240
29241
29242
29243
29244
29245
29246
29247
29248
29249
29250
29252
29253
29254
29255
29256
29257
29258
29260
29261
29262
29263
29264
29265
29266
29267
29268
29269
29270
29277
29278
29279
29280
29281
29282
29283
29284
29285
29288
29289
29290
29292
29293
29294
29297
29300
29301
29302
29303
29305
29306
29308
29310
29312
29313
29314
29315
29316
29320
29321
29323
29325
29326
29327
29328
29329
29330
29331
29332
29333
29334
29335
29336
29338
29339
29340
29342
29343
29344
29346
29347
29348
29349
29350
29352
29353
29354
29355
29356
29357
29358
29359
29361
29362
29363
29364
29365
29366
29367
29368
29369
29370
29371
29372
29373
29374
29375
29376
29377
29378
29379
29380
29381
29382
29383
29384
29385
29386
29388
29389
29390
29392
29393
29394
29395
29396
29397
29398
29400
29401
29402
29404
29405
29406
29407
29409
29410
29411
29412
29413
29414
29415
29416
29417
29418
29419
29420
29422
29425
29426
29428
29429
29430
29431
29432
29433
29434
29435
29436
29437
29439
29440
29441
29444
29445
29447
29448
29452
29454
29455
29456
29457
29458
29459
29460
29461
29462
29463
29464
29465
29466
29467
29468
29469
29470
29471
29472
29473
29474
29475
29476
29477
29478
29479
29480
29481
29483
29484
29485
29486
29487
29488
29489
29490
29491
29492
29493
29494
29497
29500
29501
29502
29503
29505
29506
29507
29509
29510
29511
29513
29514
29517
29518
29521
29525
29526
29527
29528
29529
29530
29531
29532
29533
29534
29535
29536
29540
29541
29543
29544
29545
29546
29548
29549
29550
29552
29553
29554
29557
29558
29560
29563
29564
29566
29567
29568
29569
29570
29571
29573
29574
29576
29577
29578
29582
29583
29584
29585
29590
29592
29594
29598
29599
29602
29603
29604
29605
29607
29610
29611
29612
29613
29614
29615
29616
29617
29618
29619
29620
29621
29623
29624
29625
29626
29628
29629
29631
29632
29633
29634
29635
29636
29637
29638
29639
29641
29642
29644
29645
29648
29650
29651
29652
29653
29655
29656
29657
29659
29660
29661
29662
29663
29664
29665
29666
29667
29670
29671
29672
29674
29676
29677
29678
29680
29685
29688
29690
29691
29692
29694
29695
29696
29698
29699
29700
29701
29702
29703
29704
29707
29708
29709
29711
29713
29714
29718
29719
29720
29721
29723
29724
29725
29726
29727
29728
29729
29730
29731
29733
29734
29736
29737
29738
29739
29740
29741
29742
29743
29744
29745
29747
29748
29749
29750
29751
29752
29753
29754
29755
29756
29757
29759
29760
29761
29762
29763
29764
29765
29766
29767
29768
29770
29771
29772
29773
29774
29775
29776
29778
29780
29781
29782
29783
29784
29786
29787
29788
29789
29791
29794
29797
29799
29800
29802
29803
29804
29807
29810
29811
29816
29818
29819
29820
29821
29825
29827
29829
29830
29834
29835
29836
29838
29839
29840
29842
29843
29844
29845
29846
29850
29851
29853
29854
29855
29857
29858
29861
29863
29864
29866
29867
29868
29869
29870
29871
29872
29874
29876
29877
29878
29879
29880
29881
29882
29883
29885
29888
29889
29890
29891
29892
29893
29894
29895
29896
29897
29898
29899
29901
29905
29906
29916
29917
29919
29921
29924
29925
29930
29935
29938
29939
29944
29945
29946
29947
29948
29952
29956
29960
29961
29963
29964
29966
29967
29968
29969
29970
29971
29973
29974
29975
29976
29977
29978
29979
29980
29981
29982
29983
29984
29985
29986
29987
29988
29989
29993
29994
29996
29997
29998
29999
30000
30002
30003
30004
30006
30007
30008
30009
30010
30011
30012
30013
30014
30015
30016
30017
30018
30020
30021
30023
30024
30025
30026
30027
30029
30031
30032
30033
30035
30036
30037
30038
30039
30040
30042
30044
30045
30046
30048
30050
30051
30052
30053
30054
30056
30057
30059
30060
30062
30063
30064
30065
30066
30068
30069
30070
30071
30072
30073
30075
30076
30077
30078
30080
30081
30082
30083
30084
30085
30086
30087
30089
30090
30091
30093
30096
30097
30098
30100
30101
30102
30103
30104
30106
30107
30108
30109
30110
30112
30113
30114
30115
30118
30119
30120
30121
30122
30123
30124
30125
30128
30131
30134
30135
30136
30137
30140
30141
30142
30143
30146
30147
30148
30149
30150
30153
30154
30155
30156
30157
30159
30160
30161
30163
30164
30165
30167
30171
30172
30173
30176
30178
30180
30182
30184
30188
30189
30193
30199
30201
30204
30205
30206
30207
30208
30209
30210
30211
30212
30213
30214
30215
30216
30217
30218
30219
30220
30221
30222
30223
30224
30225
30226
30227
30228
30229
30230
30231
30232
30234
30235
30236
30237
30238
30239
30240
30242
30243
30244
30245
30247
30248
30249
30250
30251
30252
30253
30254
30255
30256
30257
30258
30259
30261
30262
30263
30264
30266
30267
30268
30270
30271
30272
30273
30274
30275
30276
30277
30278
30279
30280
30281
30283
30284
30285
30286
30287
30288
30289
30290
30291
30292
30293
30294
30295
30296
30297
30298
30299
30300
30301
30302
30303
30304
30305
30307
30308
30310
30311
30312
30315
30316
30317
30318
30319
30320
30321
30322
30324
30325
30326
30327
30329
30330
30331
30336
30338
30339
30340
30341
30342
30343
30347
30348
30350
30352
30354
30357
30358
30359
30360
30361
30362
30363
30367
30368
30369
30376
30377
30378
30379
30380
30382
30383
30385
30386
30388
30389
30390
30391
30394
30395
30396
30397
30398
30400
30401
30402
30403
30405
30406
30407
30408
30410
30411
30412
30413
30414
30415
30416
30417
30418
30419
30420
30421
30422
30423
30424
30425
30426
30431
30432
30433
30434
30435
30436
30437
30438
30439
30440
30441
30442
30443
30444
30445
30446
30447
30448
30449
30450
30451
30452
30453
30455
30456
30458
30459
30460
30462
30466
30469
30470
30471
30472
30473
30474
30477
30478
30481
30482
30484
30485
30489
30491
30493
30494
30495
30496
30497
30498
30499
30500
30501
30503
30505
30506
30509
30512
30514
30516
30518
30521
30523
30524
30526
30527
30528
30529
30533
30534
30535
30536
30537
30539
30540
30545
30547
30549
30550
30552
30555
30556
30557
30559
30561
30575
30576
30580
30581
30582
30584
30585
30587
30590
30593
30600
30601
30603
30607
30608
30611
30613
30614
30615
30616
30617
30618
30620
30621
30622
30623
30624
30629
30630
30638
30643
30651
30654
30655
30657
30658
30662
30663
30664
30665
30666
30669
30671
30674
30678
30680
30681
30682
30687
30690
30691
30693
30694
30695
30696
30697
30698
30699
30702
30703
30705
30717
30719
30720
30721
30725
30733
30734
30735
30737
30738
30739
30741
30742
30743
30746
30748
30757
30759
30767
30772
30774
30778
30779
30781
30783
30786
30791
30792
30793
30794
30796
30798
30799
30801
30802
30803
30804
30805
30806
30808
30809
30810
30811
30812
30813
30814
30816
30817
30818
30819
30821
30822
30823
30824
30826
30827
30828
30829
30831
30832
30833
30834
30835
30836
30837
30839
30840
30843
30844
30845
30846
30847
30848
30849
30850
30851
30852
30853
30854
30857
30859
30861
30865
30869
30870
30872
30874
30879
30880
30881
30883
30888
30889
30890
30891
30893
30895
30898
30901
30905
30908
30909
30912
30913
30915
30916
30918
30920
30921
30923
30927
30928
30930
30941
30942
30946
30951
30952
30957
30958
30959
30960
30961
30963
30964
30965
30966
30967
30977
30978
30979
30983
30984
30985
30987
30988
30989
30990
30992
30993
30994
30996
30998
30999
31000
31001
31002
31003
31004
31005
31006
31008
31010
31011
31012
31015
31017
31018
31019
31020
31021
31022
31023
31030
31031
31033
31035
31040
31044
31046
31048
31050
31053
31057
31059
31061
31062
31065
31067
31073
31075
31076
31077
31079
31080
31081
31082
31083
31084
31085
31086
31087
31088
31090
31091
31093
31094
31095
31097
31100
31101
31105
31106
31107
31110
31111
31112
31113
31115
31116
31117
31118
31119
31121
31124
31126
31127
31128
31129
31130
31131
31132
31133
31134
31136
31137
31138
31139
31140
31141
31143
31144
31145
31146
31149
31151
31152
31153
31155
31160
31164
31166
31168
31177
31180
31182
31183
31184
31185
31186
31190
31197
31199
31202
31203
31205
31206
31207
31208
31209
31210
31211
31212
31213
31214
31215
31217
31218
31222
31223
31224
31225
31226
31228
31231
31236
31244
31249
31251
31263
31264
31265
31266
31270
31271
31272
31273
31275
31278
31280
31281
31282
31290
31293
31296
31298
31300
31302
31303
31304
31306
31307
31309
31310
31311
31318
31320
31322
31324
31325
31326
31328
31331
89664
89665
89666
89667
89677
89681
89683
89684
89685
89686
89687
89688
89690
89691
89695
89696
89697
89699
89700
89701
89702
89705
89706
89707
89709
89710
89712
89713
89714
89715
89716
89717
89718
89719
89721
89722
89724
89725
89726
89727
89728
89729
89730
89733
89737
89745
89746
89750
89752
89754
89758
89759
89760
89761
89762
89763
89764
89765
89766
89767
89769
89773
89774
89775
89776
89777
89778
89780
89781
89782
89783
89784
89785
89786
89787
89788
89789
89790
89792
89795
89797
89798
89799
89800
89801
89809
89813
89821
89822
89824
89825
89826
89827
89829
89830
89831
89832
89833
89834
89835
89836
89837
89838
89839
89840
89841
89844
89845
89846
89847
89849
89851
89852
89854
89855
89856
89857
89858
89859
89860
89863
89864
89865
89866
89867
89868
89869
89870
89871
89872
89873
89875
89876
89877
89878
89880
89881
89882
89883
89884
89885
89886
89887
89888
89890
89892
89893
89894
89895
89896
89897
89902
89904
89907
89908
89912
89913
89914
89915
89916
89917
89923
89924
89925
89930
89931
89932
89940
89941
89943
89944
89945
89947
89948
89949
89953
89955
89956
89957
89958
89959
89960
89961
89966
89970
89972
89973
89976
89977
89978
89979
89980
89981
89982
89983
89984
89985
89986
89987
89988
89990
89994
89996
89997
89998
89999
90000
90004
90007
90008
90009
90011
90012
90014
90015
90016
90017
90018
90019
90020
90021
90023
90028
90029
90031
90032
90033
90034
90035
90038
90039
90040
90047
90048
90049
90050
90051
90052
90054
90055
90056
90057
90058
90063
90064
90065
90066
90067
90068
90069
90070
90072
90073
90074
90079
90080
90082
90083
90087
90088
90089
90090
90091
90092
90093
90094
90095
90096
90097
90101
90102
90104
90106
90108
90109
90110
90111
90112
90113
90115
90116
90118
90121
90122
90124
90126
90128
90129
90131
90133
90135
90138
90140
90142
90143
90144
90146
90148
90149
90150
90151
90152
90154
90155
90159
90160
90161
90162
90163
90165
90166
90168
90171
90174
90175
90177
90178
90179
90180
90183
90186
90189
90192
90195
90202
90203
90206
90207
90208
90210
90212
90213
90214
90216
90219
90220
90221
90229
90232
90234
90235
90236
90237
90239
90240
90241
90242
90243
90244
90245
90246
90249
90251
90253
90258
90260
90261
90262
90263
90264
90266
90267
90268
90272
90274
90275
90279
90280
90282
90283
90285
90286
90287
90288
90290
90291
90294
90295
90296
90298
90301
90303
90304
90305
90306
90307
90308
90309
90310
90311
90312
90313
90317
90318
90319
90320
90321
90323
90324
90325
90326
90327
90328
90329
90330
90331
90332
90333
90335
90336
90337
90338
90339
90340
90341
90344
90345
90346
90347
90348
90350
90351
90352
90353
90354
90355
90356
90358
90359
90360
90361
90362
90366
90367
90368
90370
90371
90372
90373
90374
90375
90376
90377
90378
90379
90380
90383
90384
90386
90388
90389
90390
90391
90392
90393
90396
90398
90400
90401
90402
90403
90404
90405
90406
90407
90408
90409
90410
90411
90413
90414
90415
90416
90417
90418
90419
90420
90421
90422
90423
90424
90425
90426
90427
90429
90430
90431
90432
90433
90434
90435
90436
90437
90438
90441
90442
90443
90449
90450
90452
90453
90454
90461
90462
90463
90464
90467
90468
90471
90472
90473
90474
90476
90479
90481
90482
90485
90486
90487
90488
90489
90492
90493
90495
90496
90497
90499
90500
90501
90502
90505
90509
90510
90512
90515
90519
90520
90521
90525
90526
90527
90529
90532
90533
90536
90537
90538
90539
90540
90543
90544
90545
90547
90548
90552
90554
90556
90560
90561
90564
90571
90577
90578
90591
90593
90594
90597
90602
90604
90605
90606
90607
90609
90611
90613
90614
90615
90616
90617
90618
90621
90624
90626
90627
90629
90633
90635
90638
90640
90641
90642
90643
90646
90647
90649
90652
90653
90656
90657
90661
90666
90668
90669
90670
90672
90676
90679
90680
90681
90684
90686
90691
90695
90696
90697
90698
90699
90701
90702
90703
90704
90705
90706
90707
90712
90715
90718
90722
90724
90726
90727
90728
90729
90730
90731
90732
90733
90734
90735
90737
90738
90739
90740
90741
90742
90743
90744
90745
90746
90747
90748
90749
90750
90751
90752
90753
90754
90755
90757
90758
90759
90760
90761
90762
90763
90764
90765
90766
90767
90768
90769
90770
90771
90773
90775
90776
90777
90778
90779
90780
90781
90782
90783
90784
90785
90786
90787
90789
90790
90791
90794
90795
90796
90797
90798
90799
90801
90803
90805
90807
90808
90809
90810
90811
90812
90814
90815
90816
90819
90821
90822
90823
90824
90825
90826
90828
90830
90831
90833
90834
90836
90838
90839
90840
90842
90843
90844
90845
90846
90847
90850
90851
90852
90854
90855
90856
90857
90858
90859
90860
90861
90862
90865
90867
90872
90873
90876
90878
90879
90880
90881
90882
90883
90884
90885
90886
90887
90889
90890
90892
90893
90896
90899
90900
90901
90902
90906
90907
90908
90909
90910
90911
90912
90913
90914
90915
90916
90917
90918
90919
90920
90923
90924
90925
90926
90930
90931
90932
90933
90937
90939
90943
90945
90948
90949
90950
90951
90952
90953
90954
90955
90956
90957
90958
90959
90960
90961
90962
90964
90968
90970
90972
90973
90974
90975
90977
90978
90981
90983
90984
90985
90989
90990
90991
90995
91002
91004
91006
91007
91009
91010
91011
91012
91016
91017
91018
91020
91023
91024
91025
91026
91027
91028
91029
91030
91031
91032
91034
91035
91037
91038
91039
91040
91041
91042
91043
91044
91045
91046
91047
91048
91049
91054
91055
91056
91057
91058
91059
91060
91061
91062
91063
91067
91068
91069
91070
91071
91072
91073
91074
91075
91076
91080
91081
91082
91083
91084
91085
91086
91087
91088
91089
91090
91091
91092
91093
91094
91095
91096
91097
91098
91099
91100
91101
91103
91105
91107
91109
91110
91114
91117
91118
91119
91121
91124
91132
91133
91134
91135
91136
91137
91138
91140
91141
91142
91145
91148
91149
91151
91152
91153
91154
91155
91156
91157
91160
91161
91162
91163
91165
91169
91170
91171
91173
91175
91176
91177
91179
91180
91181
91182
91187
91188
91190
91192
91194
91196
91197
91200
91201
91202
91203
91205
91206
91208
91209
91213
91215
91218
91222
91224
91225
91227
91230
91232
91233
91234
91235
91236
91237
91239
91244
91246
91250
91251
91253
91254
91255
91257
91259
91261
91262
91263
91265
91266
91271
91272
91273
91274
91275
91276
91278
91281
91282
91283
91284
91285
91288
91289
91293
91295
91298
91299
91300
91301
91302
91303
91305
91314
91316
91319
91322
91324
91326
91329
91330
91332
91334
91335
91336
91337
91338
91339
91340
91342
91347
91348
91349
91350
91351
91353
91354
91356
91358
91360
91361
91362
91363
91364
91365
91366
91368
91369
91370
91372
91373
91374
91375
91376
91377
91378
91381
91383
91384
91387
91389
91390
91391
91392
91393
91394
91396
91398
91399
91400
91402
91404
91405
91406
91407
91408
91409
91410
91411
91412
91413
91414
91417
91418
91419
91420
91421
91422
91423
91424
91425
91426
91429
91430
91431
91433
91435
91436
91437
91438
91443
91448
91449
91454
91457
91458
91463
91467
91469
91479
91483
91485
91487
91489
91492
91493
91499
91500
91509
91512
91514
91515
91517
91520
91524
91532
91537
91538
91539
91540
91542
91543
91545
91548
91549
91551
91552
91554
91555
91557
91558
91563
91564
91566
91567
91569
91571
91572
91576
91581
91582
91586
91587
91594
91595
91596
91597
91598
91599
91600
91602
91604
91605
91606
91607
91608
91609
91611
91614
91616
91618
91619
91620
91622
91623
91624
91627
91628
91629
91630
91632
91633
91634
91635
91637
91639
91644
91645
91646
91647
91648
91649
91650
91652
91654
91655
91659
91660
91664
91667
91673
91674
91675
91676
91679
91680
91682
91687
91689
91690
91691
91692
91693
91694
91697
91698
91699
91700
91701
91702
91703
91704
91706
91708
91709
91710
91712
91713
91714
91715
91716
91717
91720
91722
91723
91724
91725
91726
91727
91728
91729
91730
91731
91732
91733
91736
91738
91739
91747
91749
91750
91751
91752
91753
91755
91756
91757
91758
91759
91760
91761
91763
91764
91765
91766
91767
91768
91769
91770
91771
91772
91773
91776
91777
91778
91779
91780
91781
91782
91783
91784
91785
91786
91788
91789
91790
91791
91792
91793
91795
91796
91797
91798
91799
91800
91801
91802
91803
91810
91811
91812
91813
91814
91815
91816
91817
91818
91821
91828
91830
91832
91833
91838
91840
91842
91845
91846
91847
91849
91853
91854
91855
91857
91858
91860
91861
91862
91863
91864
91865
91867
91868
91869
91871
91873
91874
91876
91879
91880
91881
91883
91884
91885
91886
91888
91890
91894
91895
91896
91898
91899
91901
91904
91905
91907
91909
91910
91912
91913
91914
91916
91920
91924
91926
91928
91929
91930
91931
91933
91935
91936
91937
91938
91939
91941
91942
91943
91944
91945
91946
91947
91949
91950
91951
91952
91953
91954
91955
91956
91957
91962
91963
91964
91965
91966
91969
91970
91971
91972
91973
91976
91978
91979
91980
91981
91982
91985
91993
91994
91995
91999
92001
92003
92004
92006
92007
92009
92010
92011
92012
92013
92015
92017
92018
92020
92025
92027
92028
92030
92033
92034
92035
92036
92037
92038
92039
92040
92043
92044
92045
92047
92048
92049
92050
92051
92053
92054
92055
92056
92057
92058
92059
92060
92062
92067
92072
92078
92079
92081
92083
92086
92087
92091
92094
92095
92097
92102
92103
92104
92106
92108
92110
92111
92112
92114
92115
92118
92119
92120
92122
92123
92124
92127
92128
92131
92137
92138
92139
92141
92144
92145
92148
92149
92151
92155
92156
92157
92158
92162
92165
92166
92169
92170
92173
92174
92175
92177
92178
92179
92181
92182
92183
92184
92185
92187
92188
92189
92190
92191
92192
92195
92199
92201
92202
92203
92204
92205
92206
92207
92209
92210
92214
92216
92218
92219
92220
92221
92223
92225
92226
92227
92230
92232
92233
92234
92236
92237
92240
92241
92242
92243
92244
92245
92246
92248
92250
92251
92253
92254
92256
92257
92258
92259
92260
92262
92263
92264
92265
92266
92267
92268
92269
92271
92272
92273
92274
92275
92276
92277
92280
92282
92284
92287
92290
92292
92293
92295
92296
92297
92300
92301
92302
92303
92306
92307
92308
92309
92310
92312
92313
92316
92317
92318
92319
92321
92323
92324
92325
92327
92328
92329
92330
92331
92332
92336
92342
92343
92344
92346
92347
92348
92349
92351
92352
92353
92356
92357
92358
92359
92364
92367
92368
92369
92370
92371
92372
92375
92376
92377
92378
92382
92387
92388
92390
92392
92405
92407
92409
92410
92411
92413
92414
92417
92418
92420
92421
92429
92432
92434
92437
92438
92439
92441
92442
92446
92447
92448
92450
92452
92454
92468
92469
92470
92472
92482
92487
92488
92490
92495
92501
92502
92503
92504
92505
92506
92508
92510
92513
92514
92515
92517
92519
92520
92522
92524
92527
92528
92530
92531
92532
92533
92534
92536
92537
92539
92540
92542
92543
92546
92549
92550
92552
92554
92555
92556
92558
92560
92561
92562
92563
92564
92565
92566
92567
92569
92570
92571
92572
92573
92574
92575
92578
92581
92582
92586
92587
92588
92589
92590
92592
92594
92595
92596
92597
92598
92600
92602
92607
92611
92613
92615
92617
92618
92621
92622
92623
92624
92625
92626
92627
92629
92631
92633
92634
92635
92636
92637
92638
92639
92640
92641
92642
92645
92646
92650
92652
92653
92654
92655
92656
92657
92658
92659
92661
92666
92667
92668
92669
92671
92672
92679
92680
92682
92683
92684
92685
92686
92687
92688
92689
92690
92692
92693
92699
92700
92701
92703
92706
92709
92711
92714
92715
92716
92717
92719
92723
92725
92728
92731
92733
92734
92738
92739
92740
92741
92743
92744
92749
92751
92752
92754
92756
92757
92761
92768
92771
92773
92774
92775
92776
92778
92781
92783
92784
92785
92786
92790
92792
92794
92795
92797
92798
92801
92805
92806
92810
92812
92813
92814
92815
92816
92818
92819
92820
92821
92822
92823
92824
92826
92827
92828
92829
92830
92831
92833
92834
92836
92837
92839
92840
92843
92844
92846
92847
92848
92849
92853
92854
92855
92857
92858
92859
92860
92861
92863
92864
92865
92866
92867
92868
92869
92870
92871
92872
92873
92875
92879
92880
92881
92882
92883
92884
92885
92887
92888
92891
92892
92893
92895
92896
92898
92899
92901
92902
92903
92905
92907
92908
92909
92910
92911
92913
92914
92917
92918
92919
92920
92921
92922
92923
92925
92926
92927
92930
92931
92932
92933
92934
92935
92936
92937
92938
92939
92942
92944
92945
92948
92949
92950
92951
92952
92953
92954
92957
92958
92959
92960
92961
92962
92963
92965
92966
92967
92968
92969
92970
92971
92972
92975
92976
92977
92978
92980
92981
92982
92983
92984
92985
92986
92988
92990
92991
92993
92994
92995
92996
92997
92998
92999
93001
93004
93006
93008
93010
93011
93012
93013
93014
93016
93017
93018
93019
93020
93021
93022
93024
93025
93026
93029
93030
93031
93032
93033
93034
93035
93036
93037
93038
93039
93040
93041
93042
93043
93045
93046
93047
93048
93049
93050
93051
93052
93053
93054
93056
93057
93058
93059
93060
93061
93062
93063
93064
93065
93066
93067
93068
93069
93077
93081
93083
93084
93085
93086
93089
93090
93092
93093
93094
93095
93096
93097
93098
93099
93100
93101
93102
93105
93106
93107
93109
93112
93114
93115
93116
93117
93118
93119
93120
93121
93122
93123
93124
93126
93127
93128
93129
93131
93133
93134
93135
93138
93139
93140
93141
93142
93143
93145
93146
93147
93148
93149
93150
93155
93156
93157
93158
93159
93160
93161
93162
93163
93164
93165
93166
93167
93168
93169
93170
93171
93172
93174
93176
93179
93181
93182
93186
93187
93188
93189
93190
93191
93192
93193
93194
93198
93199
93202
93203
93204
93205
93207
93208
93209
93212
93214
93215
93216
93217
93222
93223
93225
93226
93227
93229
93230
93231
93232
93233
93234
93239
93240
93243
93244
93245
93247
93248
93250
93251
93252
93256
93257
93258
93259
93262
93265
93266
93269
93270
93271
93272
93274
93277
93279
93280
93281
93282
93283
93287
93291
93293
93294
93296
93299
93300
93301
93303
93305
93306
93310
93311
93313
93314
93315
93316
93317
93322
93323
93324
93325
93326
93328
93329
93334
93335
93337
93338
93339
93340
93341
93342
93346
93347
93348
93349
93350
93351
93352
93354
93355
93356
93357
93358
93359
93361
93362
93364
93365
93368
93370
93371
93372
93374
93375
93376
93377
93378
93379
93380
93382
93383
93384
93385
93387
93388
93391
93392
93394
93398
93399
93400
93401
93402
93403
93404
93407
93408
93409
93410
93411
93412
93414
93416
93418
93419
93420
93421
93423
93424
93425
93426
93427
93428
93430
93431
93432
93433
93434
93435
93437
93439
93440
93441
93442
93443
93444
93446
93447
93448
93449
93451
93452
93453
93455
93456
93457
93458
93459
93462
93463
93464
93465
93466
93468
93469
93470
93471
93472
93473
93474
93475
93477
93478
93479
93480
93481
93482
93483
93485
93486
93489
93491
93493
93494
93496
93497
93500
93502
93503
93505
93506
93507
93509
93511
93515
93517
93518
93520
93521
93522
93523
93529
93535
93539
93540
93545
93546
93550
93552
93556
93557
93558
93559
93561
93563
93566
93573
93574
93575
93577
93578
93579
93580
93581
93582
93583
93584
93585
93586
93587
93588
93589
93590
93591
93593
93594
93595
93596
93600
93601
93603
93604
93605
93609
93611
93612
93613
93614
93615
93616
93617
93618
93619
93620
93621
93622
93623
93624
93625
93626
93628
93631
93635
93636
93637
93638
93639
93645
93646
93647
93648
93649
93650
93651
93652
93653
93654
93655
93656
93657
93658
93659
93660
93661
93662
93663
93664
93665
93666
93667
93668
93669
93670
93671
93672
93675
93677
93679
93682
93684
93685
93686
93689
93690
93691
93692
93693
93695
93696
93697
93698
93699
93700
93703
93704
93705
93706
93708
93709
93710
93711
93713
93714
93717
93718
93719
93720
93721
93723
93724
93729
93731
93737
93739
93741
93742
93743
93744
93745
93747
93748
93750
93751
93752
93755
93757
93758
93759
93760
93761
93762
93764
93767
93773
93777
93779
93780
93782
93783
93794
93796
93797
93798
93800
93803
93804
93806
93810
93811
93812
93814
93817
93818
93820
93821
93822
93823
93824
93826
93828
93829
93830
93832
93835
93836
93837
93838
93840
93841
93844
93845
93846
93848
93849
93850
93851
93853
93854
93856
93858
93859
93860
93863
93866
93867
93870
93875
93876
93877
93881
93887
93888
93889
93899
93901
93904
93905
93907
93908
93910
93912
93914
93917
93919
93920
93925
93926
93927
93928
93929
93930
93931
93932
93936
93937
93941
93943
93945
93949
93953
93955
93958
93959
93960
93961
93962
93963
93964
93966
93967
93968
93969
93970
93972
93973
93976
93977
93979
93982
93984
93985
93986
93987
93989
93990
93991
93996
93998
94000
94001
94003
94014
94018
94020
94023
94025
94032
94035
94039
94040
94041
94043
94044
94045
94049
94051
94055
94057
94059
94060
94061
94062
94063
94065
94068
94072
94073
94080
94082
94085
94086
94087
94088
94089
94091
94092
94093
94094
94095
94096
94097
94099
94100
94101
94103
94104
94105
94106
94107
94108
94109
94110
94111
94112
94113
94114
94115
94117
94118
94119
94120
94121
94122
94123
94124
94126
94127
94129
94130
94131
94132
94133
94134
94135
94136
94139
94140
94142
94143
94145
94146
94147
94148
94149
94150
94152
94154
94155
94158
94160
94163
94165
94166
94167
94168
94169
94170
94174
94178
94179
94180
94181
94182
94183
94184
94186
94188
94189
94190
94191
94192
94193
94194
94196
94197
94198
94200
94201
94203
94204
94205
94206
94210
94215
94216
94219
94224
94225
94227
94234
94239
94241
94242
94243
94244
94245
94249
94250
94252
94253
94254
94257
94259
94260
94261
94262
94265
94266
94268
94269
94270
94271
94272
94273
94275
94279
94280
94281
94282
94283
94284
94285
94287
94290
94292
94293
94294
94295
94296
94301
94302
94304
94305
94307
94308
94309
94310
94311
94312
94315
94316
94317
94321
94323
94324
94325
94326
94327
94328
94329
94330
94331
94332
94337
94338
94339
94343
94344
94345
94346
94348
94349
94350
94351
94352
94353
94354
94355
94356
94357
94358
94359
94360
94364
94365
94366
94369
94370
94371
94372
94373
94374
94375
94376
94378
94379
94380
94381
94382
94384
94385
94386
94387
94388
94389
94390
94393
94394
94396
94397
94401
94402
94403
94404
94405
94406
94407
94409
94411
94412
94413
94415
94416
94418
94419
94421
94423
94426
94427
94428
94430
94431
94432
94433
94434
94435
94436
94437
94438
94439
94440
94441
94444
94446
94447
94448
94449
94450
94451
94455
94456
94457
94458
94459
94460
94461
94462
94463
94464
94465
94466
94468
94470
94471
94472
94473
94474
94475
94476
94477
94478
94479
94480
94481
94482
94484
94486
94487
94488
94490
94493
94494
94496
94497
94498
94499
94500
94502
94503
94504
94505
94506
94507
94509
94510
94512
94515
94516
94518
94520
94521
94522
94528
94529
94530
94531
94532
94533
94534
94535
94536
94537
94538
94544
94545
94546
94549
94550
94551
94552
94553
94555
94557
94558
94559
94560
94561
94562
94565
94568
94570
94571
94572
94573
94574
94576
94578
94580
94581
94582
94583
94585
94586
94588
94589
94590
94591
94594
94595
94596
94598
94599
94601
94602
94603
94604
94605
94608
94610
94611
94612
94613
94614
94615
94618
94619
94623
94625
94631
94632
94633
94634
94635
94636
94637
94638
94639
94640
94641
94644
94646
94647
94651
94653
94654
94658
94661
94663
94664
94666
94667
94670
94671
94674
94675
94676
94677
94678
94679
94680
94681
94682
94683
94684
94685
94686
94688
94689
94690
94691
94695
94696
94701
94702
94704
94707
94711
94712
94713
94718
94730
94731
94734
94735
94736
94737
94738
94739
94740
94741
94742
94743
94744
94745
94747
94750
94751
94752
94753
94755
94756
94757
94758
94761
94762
94763
94764
94765
94766
94768
94769
94771
94772
94774
94775
94778
94785
94788
94789
94790
94792
94793
94795
94796
94799
94800
94806
94807
94809
94813
94815
94816
94820
94821
94822
94823
94825
94826
94828
94829
94832
94833
94835
94839
94840
94841
94842
94845
94846
94847
94848
94849
94850
94851
94852
94854
94856
94857
94864
94865
94866
94868
94869
94870
94871
94872
94873
94876
94877
94878
94879
94880
94881
94883
94884
94885
94888
94889
94890
94892
94895
94896
94897
94898
94899
94900
94902
94906
94908
94910
94914
94916
94917
94918
94919
94920
94921
94922
94923
94925
94926
94927
94928
94929
94930
94932
94933
94934
94935
94937
94938
94939
94940
94944
94945
94946
94947
94948
94949
94951
94953
94954
94956
94959
94961
94965
94969
94971
94972
94977
94978
94982
94984
94987
94993
94997
94998
94999
95000
95001
95003
95005
95006
95007
95008
95009
95013
95014
95016
95017
95021
95022
95023
95024
95026
95027
95028
95029
95030
95031
95032
95033
95034
95035
95036
95037
95038
95039
95041
95043
95044
95045
95046
95047
95048
95056
95057
95058
95060
95061
95062
95063
95066
95067
95068
95069
95070
95071
95073
95078
95079
95081
95084
95085
95088
95090
95091
95093
95094
95096
95097
95100
95101
95102
95104
95105
95107
95108
95109
95110
95111
95112
95113
95115
95117
95118
95121
95123
95124
95126
95130
95132
95136
95137
95139
95140
95141
95142
95143
95144
95145
95147
95148
95149
95150
95151
95152
95153
95154
95155
95157
95160
95162
95164
95166
95167
95168
95169
95170
95171
95173
95174
95175
95176
95177
95178
95180
95181
95182
95183
95184
95185
95186
95188
95190
95192
95193
95194
95195
95196
95197
95199
95202
95206
95209
95210
95211
95212
95213
95214
95215
95216
95217
95218
95219
95220
95221
95223
95224
95227
95228
95230
95231
95232
95235
95236
95242
95248
95249
95250
95251
95252
95253
95257
95264
95267
95268
95269
95270
95272
95275
95276
95282
95283
95284
95289
95290
95291
95292
95293
95294
95296
95298
95299
95301
95305
95306
95308
95309
95311
95312
95313
95314
95316
95320
95321
95322
95324
95326
95327
95330
95331
95332
95333
95334
95335
95336
95337
95338
95340
95341
95342
95343
95346
95353
95356
95357
95363
95364
95366
95367
95368
95369
95370
95371
95373
95375
95376
95377
95378
95380
95383
95395
95396
95397
95398
95399
95400
95401
95403
95405
95406
95408
95409
95410
95411
95412
95413
95414
95415
95416
95417
95418
95420
95421
95423
95424
95425
95426
95427
95429
95430
95432
95434
95436
95438
95439
95440
95441
95442
95444
95445
95446
95447
95448
95450
95451
95452
95453
95454
95456
95457
95458
95459
95460
95461
95462
95465
95467
95468
95469
95471
95472
95473
95474
95475
95478
95479
95480
95481
95483
95484
95485
95487
95488
95490
95491
95495
95498
95499
95500
95501
95502
95503
95504
95505
95507
95508
95509
95510
95511
95512
95513
95514
95515
95516
95517
95518
95519
95520
95521
95522
95523
95524
95526
95527
95528
95529
95530
95533
95534
95536
95537
95538
95540
95541
95542
95543
95544
95546
95549
95550
95551
95552
95553
95555
95557
95558
95559
95562
95564
95568
95570
95571
95572
95573
95574
95576
95577
95579
95583
95584
95585
95587
95588
95589
95590
95593
95599
95601
95606
95610
95612
95614
95616
95617
95618
95619
95620
95621
95622
95623
95624
95625
95626
95630
95631
95633
95634
95635
95638
95639
95640
95643
95644
95645
95650
95651
95652
95653
95656
95658
95659
95660
95661
95667
95669
95670
95672
95674
95676
95678
95680
95681
95687
95691
95692
95693
95694
95695
95696
95697
95698
95699
95700
95701
95702
95706
95707
95708
95709
95710
95711
95712
95714
95718
95719
95720
95721
95723
95724
95725
95726
95727
95728
95729
95730
95733
95734
95735
95736
95737
95738
95740
95744
95745
95746
95747
95748
95751
95752
95753
95754
95755
95756
95757
95758
95760
95761
95762
95763
95764
95765
95766
95768
95770
95771
95772
95773
95774
95775
95776
95777
95778
95779
95780
95783
95784
95786
95787
95789
95791
95792
95794
95795
95796
95797
95798
95800
95805
95809
95810
95811
95812
95813
95818
95819
95820
95821
95822
95823
95824
95825
95827
95829
95830
95831
95832
95833
95834
95835
95838
95842
95843
95844
95847
95848
95849
95850
95851
95852
95854
95856
95859
95860
95861
95862
95863
95864
95866
95867
95868
95869
95875
95876
95877
95878
95879
95880
95881
95885
95888
95890
95892
95899
95900
95902
95909
95910
95912
95914
95917
95918
95921
95924
95926
95928
95932
95933
