55314
55315
55316
55317
55318
55319
55320
55321
55322
55323
55324
55325
55326
55327
55328
55329
55330
55331
55955
55956
55957
55958
55959
55960
55961
55962
55963
55964
55980
55981
56572
56573
56718
56719
56720
56721
56722
56723
56724
56725
56726
57561
57562
57563
57564
57565
57566
57567
57568
57569
57570
57571
57572
57573
57574
57575
57576
57577
57578
57579
57580
57581
57582
57583
57584
57585
57586
57587
57588
57589
57590
57591
57592
57593
57594
57595
57596
57597
57598
57599
57600
57601
57602
57603
57604
57605
57606
57607
57608
57609
57610
57611
57612
57613
57614
57615
57616
57617
57618
57619
57620
57621
57622
57623
57624
57625
57626
57627
57628
57629
57630
57631
57632
57633
57634
57635
57636
57637
57638
57828
57829
57830
57831
57832
57833
57834
57835
57836
57837
57838
57839
57840
57841
57842
57843
57844
57845
57846
57847
57848
57849
57850
57851
57852
57853
57854
57855
57856
57857
57858
57859
57860
57861
57862
57863
57864
57865
57866
57867
57868
57869
57870
57871
57872
57873
57874
57875
57876
57877
57878
57879
57880
59006
59140
59141
59142
59143
59144
59145
59146
59147
59148
59149
59150
59151
59389
59390
59391
59392
59393
60162
60163
60164
60165
60166
60167
60168
60169
60170
60171
60370
60560
61433
61434
61435
61436
61437
61438
61439
61440
61441
61442
61443
61444
61445
61446
61447
61448
61449
61450
61451
61452
61453
61454
61455
61456
61457
61458
61459
61460
62152
62153
62154
62947
62948
62949
62950
62951
62952
62953
62954
63287
63288
63289
63290
63307
63308
63309
63310
63311
63312
63313
63314
63335
63336
63337
63338
63687
63688
63689
64594
64595
64596
64597
64598
64599
64600
64601
65808
65809
66117
66118
66119
66120
66121
66122
66319
66320
66321
66322
66822
66823
66824
66825
66826
66827
66828
67734
67735
67736
67973
67974
67975
67976
67977
67995
67996
67997
67998
67999
68031
68379
68380
68381
69373
69374
69375
69376
69377
70484
71076
71077
71078
71079
71080
71081
71239
71240
71683
72701
72702
72703
72704
72705
72706
72707
72708
72709
72710
72711
72712
72713
72714
72715
73079
73080
73081
73082
73083
73820
74134
74135
74136
74137
74138
74139
74140
75894
75895
75896
75897
75898
75899
75900
75901
75902
75903
75904
75905
75906
75907
75908
75909
75910
75911
75912
75913
75914
75915
75916
75917
75918
75919
75920
75921
75922
75923
75924
75925
75926
75927
75928
75929
75930
75931
75932
76828
76829
77769
77770
77771
77772
77773
77774
77775
77776
77777
77778
77779
77780
77781
78339
78340
78341
78342
78343
78344
78345
78346
78347
78360
78929
78930
78931
78932
78933
79084
79085
79472
80011
80012
80013
80014
80015
80016
80017
80018
80019
80020
80021
80022
80023
80024
80025
80026
80027
80028
80029
80030
80031
80032
80033
80034
80035
80036
80037
80038
80039
80040
80041
80042
80043
80044
80045
80046
80047
80048
80049
80050
80051
80052
80053
80054
80055
80056
80057
80058
80059
80060
80061
80062
80063
80064
80065
80066
80067
80068
80069
80398
80399
80400
80401
80402
80403
80404
80405
80406
80407
80408
80409
80410
80411
80412
80413
80414
80415
80416
80417
80418
80419
80420
80421
80422
80423
80424
80425
80426
80427
80428
80429
80430
80431
80432
80433
80434
80435
80436
80437
80438
80439
80440
