54936
54937
54938
54955
54956
55064
55145
55154
55190
55191
55194
55215
55310
55345
55365
55366
55367
55386
55462
55517
55519
55520
55521
55522
55523
55524
55525
55526
55527
55528
55529
55530
55531
55532
55533
55534
55535
55536
55537
55538
55539
55540
55541
55542
55543
55544
55545
55546
55547
55548
55549
55550
55551
55552
55553
55554
55555
55556
55557
55617
55618
55619
55620
55621
55622
55623
55624
55625
55626
55627
55628
55629
55630
55631
55632
55633
55634
55635
55636
55637
55638
55639
55640
55641
55642
55644
55645
55646
55647
55648
55649
55650
55651
55652
55653
55654
55655
55656
55657
55658
55751
55752
55753
55756
55757
55758
55759
55760
55761
55763
55764
55765
55766
55767
55768
55769
55770
55771
55772
55773
55774
55775
55776
55777
55778
55811
55812
55813
55835
55836
55837
55843
55844
55845
55846
55847
55848
55849
55851
55852
55853
55859
55867
55868
55869
55870
55871
55879
55880
55882
55883
55891
55892
55893
55894
55904
55905
55906
55907
55908
55909
55910
55911
55912
55913
55914
55915
55916
55924
55925
55926
55927
55929
55930
55931
55942
56016
56017
56208
56209
56384
56385
56386
56402
56403
56404
56405
56406
56407
56410
56411
56412
56413
56414
56415
56416
56417
56418
56419
56420
56421
56422
56423
56424
56425
56426
56427
56428
56429
56430
56431
56432
56433
56434
56435
56436
56437
56438
56439
56440
56450
56537
56650
56770
56771
56772
56773
56774
56775
56776
56777
56778
56779
56780
56781
56782
56783
56784
56785
56786
56787
56788
56789
56790
56791
56792
56793
56794
56795
56796
56797
56798
56799
56800
56801
56802
56803
56804
56805
56806
56807
56808
56809
56810
56811
56812
56813
56814
56815
56816
56817
56819
56942
56975
56990
57007
57054
57055
57056
57057
57058
57059
57060
57061
57062
57063
57064
57065
57066
57083
57106
57148
57149
57150
57151
57152
57153
57154
57155
57168
57169
57170
57171
57172
57179
57180
57181
57182
57183
57185
57186
57404
57405
57520
57559
57560
57619
57620
57694
57833
57952
58085
58152
58185
58186
58187
58188
58189
58190
58191
58192
58193
58194
58195
58196
58197
58198
58199
58200
58691
58736
58737
58760
58761
58762
58774
58775
58829
58840
58883
58927
58928
58975
58976
58986
59005
59042
59068
59069
59087
59139
59212
59219
59416
59417
59418
59419
59420
59421
59422
59423
59424
59425
59426
59427
59428
59431
59432
59433
59434
59435
59436
59437
59438
59439
59440
59441
59443
59444
59445
59446
59447
59454
59455
59456
59457
59458
59459
59460
59461
59462
59463
59464
59465
59466
59467
59468
59469
59741
59828
59832
59840
59841
59842
59843
59844
59845
59885
59902
59903
59904
59923
59964
60075
60210
60301
60373
60374
60375
60376
60377
60378
60379
60380
60381
60382
60383
60384
60386
60387
60388
60389
60390
60391
60392
60393
60394
60395
60396
60397
60398
60399
60400
60402
60403
60404
60405
60406
60407
60408
60409
60410
60411
60412
60413
60414
60415
60416
60417
60418
60419
60420
60421
60422
60423
60424
60425
60426
60427
60428
60429
60430
60431
60432
60433
60434
60435
60436
60437
60438
60439
60440
60441
60442
60443
60444
60445
60536
60558
60652
60704
60719
60778
60795
60853
60896
60898
60976
60977
60978
61016
61047
61079
61142
61175
61183
61207
61208
61275
61435
61627
61693
61717
61718
61719
61720
61721
61722
61723
61724
61725
61726
61727
61728
61729
61730
61731
61732
61733
61734
61735
61736
61737
61738
61739
61740
61741
61742
61743
61744
61745
61746
61747
61748
61749
61750
61751
61752
61753
61754
61755
61756
61757
61758
61759
61760
61761
61762
61763
61764
61765
61766
61767
61768
61769
61770
61771
61772
61773
61774
61775
61776
61777
61778
61779
61780
61781
61782
61783
61784
61785
61786
61787
61788
61789
61790
61791
61792
61793
61794
61795
61796
61797
61798
61799
61800
61801
61802
61910
62010
62011
62111
62131
62151
62376
62377
62402
62444
62461
62488
62567
62586
62841
62842
62843
62844
62845
62846
62847
62848
62850
62851
62852
62853
62854
62855
62856
62858
62859
62861
62862
62863
62864
63061
63194
63218
63219
63220
63221
63233
63234
63235
63292
63293
63294
63301
63317
63374
63625
63626
63627
63628
63629
63630
63631
63632
63633
63634
63642
63643
63644
63645
63646
63647
63648
63657
64389
64390
64391
64392
64393
64395
64396
64397
64398
64399
64400
64407
64408
64409
64410
64411
64412
64413
64414
64415
64416
64417
64418
64419
64420
64421
64422
64428
64429
64430
64431
64609
64610
64612
64620
64700
64881
64882
64883
64884
64904
64905
64906
64912
64913
64914
64915
64916
64917
64918
64919
64922
64936
65155
65672
65674
65675
65676
65677
65678
65679
65680
65681
65697
65698
65699
65700
65701
65702
65704
65716
65717
65762
65811
65812
66477
66478
66479
66480
66481
66482
66483
66492
66493
66494
66495
66496
66497
66501
66502
67274
67275
67285
67581
67582
67583
67584
67585
67586
67587
67588
67589
67590
67591
67592
67593
67594
67595
67596
67600
67601
67602
67603
67612
67613
67614
67615
67616
67617
67618
67620
67621
67622
67623
67624
67625
67626
67627
67628
67629
67630
67631
67632
67737
67911
67926
67927
67928
67971
67979
67986
67987
68055
68064
68292
68293
68294
68295
68296
68297
68298
68299
68301
68302
68303
68304
68305
68306
68311
68312
68313
68316
68317
68318
68319
68320
68321
68322
68323
68893
69010
69053
69077
69078
69079
69080
69081
69082
69083
69084
69085
69086
69087
69088
69089
69090
69091
69092
69093
69094
69095
69096
69097
69098
69099
69100
69101
69102
69103
69104
69105
69106
69109
69110
69111
69112
69113
69114
69115
69116
69117
69118
69119
69124
69125
69225
69387
69388
69389
69390
69391
69399
69405
69406
69742
69743
69744
69745
69746
69747
69748
69749
69750
69751
69752
69753
69754
69758
69759
69760
69761
69762
69764
69765
69766
69767
69768
69770
69771
69772
69773
69774
69775
69776
69791
69819
70273
70331
70332
70333
70334
70335
70336
70337
70338
70339
70340
70341
70342
70343
70368
70371
70380
70381
70382
70383
70441
70483
70640
70644
70652
70692
70726
70991
71013
71151
71152
71172
71399
71400
71401
71402
71403
71404
71405
71406
71409
71410
71412
71413
71421
71422
71423
71424
71425
71426
71427
71428
71435
71436
72426
73056
73107
73108
73109
73110
73126
73127
73128
73129
73130
73131
73146
73147
73148
73149
73150
73535
73634
73635
73636
73738
74168
74175
74176
74407
74408
74409
74410
74411
74412
74413
74414
74415
74416
74417
74418
74419
74420
74421
74422
74423
74424
74425
74426
74427
74428
74429
75058
75335
75533
76290
76291
76292
76293
76294
76295
76296
76297
76298
76299
76300
76301
76302
76303
76304
76305
76306
76307
76308
76309
76310
76311
76312
76313
76314
76315
76316
76317
76318
76319
76320
76321
76322
76323
76324
76325
76326
76328
76329
76330
76331
76458
76527
76732
76827
77150
77151
77405
77464
77561
77715
77917
77918
77919
77920
77921
77922
77923
77924
77925
77926
77927
77928
77929
78032
78033
78034
78036
78089
78090
78091
78092
78093
78096
78100
78210
78211
78212
78213
78214
78215
78216
78217
78218
78227
78228
78238
78254
78255
78256
78257
78258
78259
78777
78778
78783
78784
78785
78786
78787
78788
78789
78790
78791
78792
78793
78794
78795
78796
78797
78798
78799
78801
78802
78803
78804
78805
78806
78808
78809
79117
79118
79119
79122
79123
79124
79125
79130
79131
79132
79179
79383
79384
79475
79477
79478
79493
79494
79880
79918
80174
80556
80796
80801
80802
80803
80970
81595
