54981
54982
54983
54984
54985
54986
54987
54988
54992
54993
54994
54995
54996
54997
54998
55002
55003
55004
55005
55560
55569
55570
55739
55740
55741
55742
55754
55755
55762
55854
55855
55856
55857
55881
55903
55965
56181
56656
56848
57286
57287
57288
57289
57290
57291
57301
57639
57640
57641
57642
57737
57738
57739
57740
57741
57745
57753
57757
57758
58183
58184
58202
58203
58204
58205
58206
58207
58208
58209
58210
58211
58212
58213
58214
58215
58216
58217
58218
58219
58220
58221
58222
58223
58224
58355
58377
59213
59214
59215
59216
59217
59218
59220
59222
59223
59224
59225
59226
59696
59697
59698
59699
59700
59701
59721
59722
59723
59761
59762
59763
59764
59768
59773
59806
59807
59808
59809
60042
60449
60450
60451
60478
60493
61080
61081
61082
61083
61084
61085
61094
61095
61107
61108
61109
61110
61128
61129
61130
61470
61984
62092
62093
62095
62096
62857
64868
64870
64871
64872
64873
64874
64875
64876
64877
64878
64879
64880
64885
64886
64887
64888
64889
64890
64891
64895
64896
64897
64898
64899
64900
64901
64902
64903
64907
64908
64909
64910
64911
64920
64923
64926
64927
64928
64929
65157
65158
65159
65160
65161
65858
65859
65860
65861
65862
65863
65864
65866
65867
65868
65869
65870
65871
65872
65873
65874
65896
65897
65898
65899
65900
65901
65902
65903
65904
65905
65906
65907
68334
69755
69756
69757
69763
69778
69780
69781
69782
69783
69784
69785
69786
69787
69788
69789
69792
69793
69794
69795
69796
69797
69798
69799
69800
69801
69996
69997
69998
69999
70000
70001
70606
70607
70609
70610
70616
70617
70618
70619
70620
70625
70626
70627
70628
70629
70630
70631
70632
70737
70738
70739
70740
70741
70742
70743
70744
70745
70746
70747
70748
72807
72808
72809
72810
72811
72812
72813
72814
72815
72816
72817
72818
72819
72820
72821
72822
72823
72824
72825
72826
72827
72828
72829
72830
72831
72832
72833
72834
72835
72836
72837
72839
72840
72841
72842
72843
72844
72845
72846
72847
72848
72849
72850
73422
73423
73424
73425
73426
73427
73428
73429
73430
73432
73433
73434
73435
73436
73437
73439
73440
73454
73455
73456
73474
73495
73496
73520
73521
73522
73523
73524
73525
73526
73527
73528
73529
73530
73531
73532
73533
73536
73537
73538
73539
73540
73541
73542
73543
73544
73545
73546
73564
73565
73566
73567
73568
73584
73585
73586
73587
73588
73589
73590
73837
74441
74442
74443
74444
74445
74446
74447
74448
74449
74450
74451
74452
74453
74458
74459
74460
74461
75323
75324
75325
75326
75327
75328
75329
75336
75337
75338
75339
75340
75341
75342
75343
75344
75345
75346
75347
75348
75349
75350
75351
75353
75354
75355
75356
75357
75387
75399
75400
75401
75402
75413
75414
75415
75416
75417
75554
75936
75937
75938
75939
75940
75941
75942
75953
76157
76721
76722
76723
76724
76725
76726
76727
76728
76729
76730
76731
76733
76734
76735
76736
76737
77341
77342
77343
77344
77345
77346
77349
77350
77351
77352
77353
77354
77355
77356
77357
77358
77359
77360
77361
77362
77363
77364
77365
77366
77367
77368
77369
77373
77374
77382
77383
77384
77385
77386
77387
77388
77389
77390
77391
77392
77393
77394
77395
77396
77397
77398
77399
77400
77401
77402
77403
77404
77940
77950
77957
77968
77969
77970
77971
77972
77973
77974
77981
77982
77983
77984
77985
77989
77990
77991
77992
77993
77994
77995
78094
78095
78097
78108
78109
78110
78111
78113
78114
78115
78116
78117
78219
78220
78221
78222
78223
78224
78225
78226
78229
78230
78231
78232
78233
78234
78235
78236
78240
78241
78242
78243
78244
78271
78272
78273
78274
78275
78286
78287
78288
78289
78290
78291
78292
78293
78294
78295
78348
78588
78595
78607
78616
78705
78816
79116
79748
79749
79750
79751
79752
79753
79754
79755
79757
79758
79759
79760
79761
79764
79765
79766
79767
79768
80070
80071
80072
80073
80074
80075
80076
80077
80078
80079
80080
80081
80082
80083
80084
80085
80086
80087
80088
80089
80090
80091
80241
80242
80243
80244
80245
80252
80253
80254
80255
80256
80257
80258
80259
80261
80270
80271
80272
80273
80277
80281
80282
80283
80284
80285
80286
80287
80288
80290
80291
80292
80293
80294
80295
80296
80297
80298
80299
80300
80301
80302
80303
80304
80305
80306
80307
80797
80798
80799
80800
80804
80805
80806
80807
80808
80809
80810
80811
80812
80813
80814
80815
80816
80817
80818
80819
80820
80821
80822
80823
80824
80825
80826
80827
80828
80829
80830
80831
80832
80833
80834
80835
80836
80837
80838
80839
80840
80841
80842
80843
80844
80845
80846
80847
80848
80849
80850
80851
80852
80853
80854
80855
80856
80857
80858
80859
80860
80973
81047
81048
81049
81057
81058
81059
81061
81084
81085
81086
81087
81088
81095
81338
