54888
54892
54893
54894
54895
54896
54897
54899
54900
54919
54920
54921
54925
54926
54927
54928
54929
54930
54931
54932
54933
54934
54935
54939
54940
54941
54951
54952
54953
54954
54960
54961
54962
54963
54980
55073
55097
55099
55105
55106
55107
55108
55109
55110
55112
55121
55122
55123
55124
55130
55131
55132
55133
55134
55135
55136
55137
55138
55139
55140
55141
55142
55143
55144
55146
55147
55148
55149
55150
55151
55152
55159
55160
55161
55162
55163
55291
55800
55801
55934
56120
56307
56313
56314
56315
56316
56317
56318
56319
56324
56325
56326
56327
56328
56329
56330
56332
56333
56340
56341
56342
56343
56353
56357
56358
56359
56371
56372
56373
56408
56605
56606
56607
56608
56613
56614
56615
56618
56622
56623
56624
56625
56626
56627
56628
56629
56630
56631
56632
56633
56634
56637
56638
56835
56836
56837
56839
56851
56852
56853
56854
56855
56856
56857
56858
56859
56860
56861
56862
56863
56864
56865
56866
56871
56872
57081
57082
57093
57094
57097
57098
57099
57100
57101
57196
57199
57200
57201
57202
57203
57713
57747
57759
57760
57761
57762
57763
57764
57765
57774
58099
58100
58101
58102
58103
58104
58105
58106
58113
58114
58115
58116
58117
58118
58119
58121
58122
58123
58124
58125
58128
58129
58130
58131
58132
58133
58134
58135
58141
58142
58143
58144
58145
58146
58147
58148
58149
58150
58151
58153
58154
58155
58156
58157
58158
58159
58160
58161
58162
58163
58168
58169
58170
58171
58172
58243
59070
59278
59279
59353
59647
59876
59877
59878
59879
59880
59881
59882
59883
59884
59886
59887
59888
59889
59890
59891
59892
59893
59894
59895
59896
59897
59898
59899
59900
59901
59905
59906
59907
59908
59909
59911
59912
59913
59914
59915
59916
59917
59918
59919
59920
59921
59922
60086
60172
60173
60175
60176
60177
60178
60179
60199
60200
60201
60202
60203
60204
60205
60206
60207
60208
60209
60212
60213
60214
60215
60221
60222
60223
60224
60225
60226
60227
60260
60271
60276
60277
60278
60279
60280
60281
60282
60283
60284
60285
60286
60287
60288
60293
60294
60295
60296
60297
60298
60299
60300
60302
60303
60304
60305
60311
60312
60313
60314
60315
60316
60323
60324
60325
60961
60962
60963
61225
61226
61227
61228
61229
61230
61231
61232
61233
61234
61235
61236
61237
61400
61497
61498
61499
61500
61501
61502
61503
61504
61505
61506
61507
61508
61509
61510
61671
61672
61673
62061
62083
62084
62085
62086
62087
62088
62089
62090
62091
62378
62470
62860
63381
63382
63383
63384
63385
63386
63387
63388
63389
63392
63393
63394
63398
63399
63400
63401
63402
63403
63404
63405
63429
63433
63434
63435
63436
63437
63438
63439
63440
63441
63442
63452
63453
63454
63455
63456
63457
63458
63489
63490
63491
63492
63493
63494
63495
63496
63497
63498
63499
63509
63510
63511
63512
63513
63514
63516
63678
63725
63747
63989
64232
64744
64748
64765
64850
64869
64921
64925
64965
64966
64980
64985
65047
65048
65049
65050
65051
65052
65053
65054
65055
65057
65058
65059
65060
65061
65062
65063
65064
65065
65066
65067
65068
65069
65070
65071
65072
65073
65074
65075
65076
65077
65078
65079
65080
65081
65083
65084
65085
65086
65087
65088
65089
65090
65091
65092
65093
65094
65096
65097
65098
65099
65100
65101
65102
65103
65144
65182
65540
65541
65542
65543
65544
65545
65546
65547
65548
65549
65550
65567
65568
65569
65571
65572
65573
65574
65575
65576
65577
65578
65579
65580
65581
65582
65583
65584
65607
65608
65609
65610
65611
65612
65613
65614
65615
65616
65617
65618
65619
65620
65621
65622
65623
65624
65625
65626
65627
65628
65629
65630
65631
65632
65634
65635
65636
65637
65638
65639
65640
65810
65813
65814
65815
65816
65817
65818
65856
65857
65894
66128
66535
66536
66537
66538
66539
66540
66541
66542
66560
66561
66562
66563
66565
66566
66567
66568
66569
66570
66571
66572
66573
66574
66576
66577
66578
66602
66603
66604
66605
66606
66607
66608
66609
66610
66612
66613
66614
66615
66616
66617
66618
66619
66620
66621
66622
66623
66624
66625
66626
66627
66628
66629
66630
66631
66632
66637
66638
66639
66640
66641
66642
66643
66644
66660
66661
66679
66680
66681
66682
66683
66692
66693
66694
66695
66711
66722
66723
66724
66725
66726
66727
66728
66729
66730
66731
66746
66747
66748
66749
66750
66751
66752
66753
66754
66755
66762
66763
66764
66765
66766
66777
66866
67127
67972
68106
68107
68108
68119
68120
68121
68139
68140
68141
68142
68143
68144
68145
68146
68147
68148
68149
68150
68171
68172
68173
68174
68175
68176
68177
68178
68213
68890
68892
69769
69779
69873
69874
69875
69876
69902
69903
69904
69905
69906
69907
69908
69909
69910
69911
69912
69913
69914
69915
69916
69917
69918
69919
69920
69921
69922
69923
69924
69925
69926
69927
69928
69929
69930
69931
69932
70208
70209
70234
70235
70236
70237
70238
70242
70243
70244
70245
70261
70262
70263
70264
70265
70266
70267
70268
70269
70270
70271
70272
70283
70284
70285
70286
70287
70288
70289
70290
70291
70292
70293
70294
70311
70485
70486
70487
70488
70490
70491
70599
71306
71307
71487
71488
71489
71490
71497
71498
71499
71513
71514
71515
71516
71517
71518
71519
71520
71521
71522
71523
71524
71531
71532
71533
71534
71535
71536
71537
71538
71539
71564
71574
71575
71582
71583
71584
71585
71586
71587
71588
71589
71590
71591
71597
71598
71599
71600
71601
73665
73699
73700
73701
73702
73703
73704
73705
73706
73707
73708
73709
73710
73711
73712
73713
73714
73715
73716
73717
73718
73719
73720
73723
73724
73725
73726
73727
73728
73729
73730
73731
73732
73733
73734
73735
73736
73737
73739
73740
73741
73742
73743
73744
73745
73746
73747
73748
73749
73750
73751
73752
73753
74141
74142
74143
74144
74145
74146
74147
74148
74149
74150
74151
74152
74153
74154
74155
74156
74157
74164
74165
74166
74167
74169
74170
74171
74172
74173
74174
74177
74178
74179
74180
74187
74188
74189
74190
74191
74192
74194
74195
74196
74197
74198
74199
74200
74201
74202
74271
74272
74273
74274
74277
74282
74283
74284
74285
74302
74303
74304
74305
74306
74307
74316
74317
74328
74329
74330
74331
74332
74340
74341
74342
74808
75521
75522
75523
75524
75525
75526
75527
75528
75529
75530
75531
75532
75534
75535
75536
75537
75538
75990
75991
75992
75993
75994
75995
75996
75997
75998
75999
76000
76001
76002
76003
76004
76005
76006
76007
76008
76009
76010
76011
76012
76013
76014
76015
76016
76371
76715
76716
76717
76718
76719
76720
77058
77059
77288
77289
77295
77296
77297
77298
77299
77300
77310
77311
77312
77313
77314
77329
77330
77331
77372
77438
77522
77523
77551
77574
77575
77576
77577
77578
77579
77598
77599
77600
77601
77602
77603
77604
77620
77621
77622
77623
77624
77625
77636
77637
77638
77639
77714
77874
77875
78665
78671
78672
78673
78674
78675
78690
78691
78692
78693
78694
78701
78702
78703
78704
78800
78956
78967
78968
78969
78970
78971
78972
78973
78974
78979
78980
78981
78982
78983
78985
78988
78989
79154
79161
79162
79163
79164
79165
79166
79167
79173
79174
79175
79176
79177
79178
79199
79200
79400
79405
79411
79412
79413
79414
79421
79422
79515
79520
79521
79522
79525
80001
80260
80264
80265
80266
80275
80276
80735
80736
80737
80738
80739
80741
80742
80743
80744
80745
80746
80747
80748
80760
80761
80762
80763
80764
80765
80766
80779
80780
80781
80782
81027
