60040
60041
60061
60068
60069
60070
60507
60508
60560
60681
61376
61382
61631
61632
61633
61634
61945
61972
61973
61974
61975
61976
61977
61978
61979
61980
61981
61982
61983
62464
62465
62466
62467
62468
62469
62470
62471
62472
62588
65184
65185
65186
65187
65188
65189
65190
65191
65192
65193
65194
65195
65196
65197
65198
65199
65200
65201
65202
65203
65204
65205
65206
65207
65208
65209
65210
65211
65212
65213
65214
65215
65216
65217
65218
65219
65220
65221
65222
65223
65250
65251
65252
65253
65254
65255
65256
65257
65258
65259
65260
65261
65262
65264
65265
65266
65267
65268
65269
65270
65271
65272
65273
65274
65275
65276
65277
65278
65279
65280
65281
65282
65283
65284
65285
65286
65287
65289
65290
65291
65292
65293
65294
65295
65296
65297
65298
65299
65300
65301
65302
65303
65304
65305
65306
65307
65308
65309
65310
65311
65312
65313
65314
65315
65316
65317
65318
65319
65320
65322
65323
65324
65325
65326
65327
65328
65329
65335
65336
65337
65338
65339
65340
65341
65342
65343
65344
65345
65346
65347
65353
65354
65355
65356
65357
65358
65359
65364
65365
65375
65376
65377
65378
65379
65510
65997
65999
66323
66672
66673
66674
66675
66676
66677
66678
66696
66697
66698
66699
66700
66701
66702
66703
66704
66705
66706
66707
66708
66709
66710
66719
66720
66721
66732
66733
66734
66735
66736
66737
66738
66739
66740
66741
66742
66743
66744
66745
66756
66757
66758
66759
66760
66776
66778
66829
66830
66831
66832
66833
66834
66835
66836
66837
66838
66839
66840
66842
66849
66867
66869
66870
66871
66872
66873
66874
66875
66876
66877
66878
66879
66880
66881
66882
66883
66884
66885
66894
66895
66896
66897
66898
66899
66908
66909
66910
66911
66912
66913
66914
66923
66924
66925
66926
66927
66928
66929
66934
66961
66965
66966
66967
66968
66969
66970
66971
66972
66973
66974
66975
66976
66977
66978
66979
66980
66981
66982
66983
66984
66985
66986
66987
66988
66989
66990
66991
66992
66993
66994
66995
66996
66997
66998
66999
67000
67001
67002
67003
67004
67005
67006
67007
67008
67009
67010
67011
67012
67013
67014
67015
67016
67017
67018
67019
67020
67021
67022
67023
67024
67025
67026
67027
67028
67029
67030
67031
67032
69566
69992
71241
71242
73970
73985
73986
73987
73988
73991
73992
73993
73994
73995
73996
74004
74005
74006
74007
74008
74014
74015
74016
74017
74018
74020
74026
74027
74028
74029
74030
74031
74032
74033
74034
74038
74039
74044
74045
74100
74101
74391
74405
74509
74510
74511
74512
74513
74514
74515
74516
74517
74518
74519
74520
74521
74522
74523
74524
74525
74526
74527
74528
74529
74530
74531
74532
74533
74534
74535
74536
74537
74538
74604
74605
74616
75554
75555
75556
75707
75708
75709
75710
75711
75712
75713
75714
75715
75733
75734
75735
75736
75737
75738
75739
75740
75741
75742
75743
75760
75761
75762
75763
75764
75765
75766
75767
75768
75769
75770
75771
75795
75796
75797
75818
75819
75852
75853
75854
75855
75856
75857
75858
75859
75860
75861
75862
75863
75864
75865
75866
75867
75868
75869
75870
75871
75872
75873
75874
75875
75876
75877
75878
75879
75880
75881
75882
75883
75884
75885
75886
75887
75888
75889
75933
75934
76510
76511
76512
76513
76514
76515
76516
76517
76518
76519
76520
76521
76522
76523
76524
76525
76526
76527
76528
76556
76557
76558
76559
76560
76561
76562
76563
76564
76565
76566
76567
76568
76569
76570
76571
76572
76573
76574
76575
76576
76577
76578
76579
76580
76581
76582
76583
76584
76585
76586
76587
76588
76589
76590
76591
76592
76593
76594
76595
76596
76597
76598
76599
76600
76601
76602
76603
76604
76605
76606
76607
76608
76679
76680
76681
77019
77020
77021
77022
77023
77024
77025
77026
77027
77028
77029
77030
77031
77032
77033
77034
77035
77036
77037
77038
77039
77040
77041
77042
77043
77044
77045
77046
77047
77048
77049
77050
77051
77052
77053
77054
77055
77056
77057
77058
77059
77060
77061
77062
77063
77064
77065
77066
77067
77068
77069
77070
77071
77072
77272
79120
79121
79126
79127
79128
79129
79133
79134
79135
79136
79137
79138
79139
79140
79542
79543
79544
79545
79546
79547
79548
79549
79550
79551
79552
79553
79554
79555
79556
79557
80211
80212
80213
80214
80215
80216
80217
80218
80219
80220
80221
80222
80223
80224
80225
80226
80227
80228
80229
80230
80231
80232
80233
80234
80235
80236
80237
80238
80239
80240
80445
80446
80447
80448
80449
80450
80451
80452
80453
80454
80455
80456
80457
80458
80459
80460
80461
80462
80463
80464
80465
80466
80467
80468
80469
80470
80471
80579
81117
81118
81119
81120
81121
81122
81123
81124
81125
81126
81127
81128
81129
81130
81131
81132
81133
81134
81135
81136
81137
81138
81139
81140
81141
81142
81143
81144
81145
81146
81147
81377
81378
81379
81380
81381
81382
81383
81384
81385
81386
81387
81388
81389
81390
81391
81392
81393
81394
81395
81396
81397
81398
81399
81400
81401
81402
81403
81404
81405
81406
81407
81409
81410
81411
81412
81419
81420
81421
81422
81423
81433
81434
81490
