55338
55339
55340
55341
55342
55343
55344
55348
55349
55350
55351
55352
55353
55354
55355
55356
55357
55358
55359
55360
55361
55362
55363
55364
55368
55369
55370
55371
55372
55373
55374
55375
55376
55377
55378
55379
55380
55381
55382
55383
55384
55385
55561
55613
55642
55860
55861
55862
55863
55864
55865
55866
55872
55873
55874
55875
55876
55877
55878
55884
55885
55886
55887
55888
55889
55890
55895
55896
55897
55898
55899
55900
55901
55902
55917
55918
55919
55920
55921
55922
55923
56065
56599
56657
56658
56659
56660
56661
56666
56667
56668
56669
56670
56671
56672
56680
56686
56687
56688
56689
56690
56691
56692
56693
56694
56695
56696
56702
56703
56704
56705
56706
56707
56708
56709
57647
57649
57650
57651
57652
57653
57654
57655
57656
57657
57658
57659
57660
57661
57662
57663
57664
57665
57666
57667
57668
57669
57670
57671
57672
57673
57674
57675
57676
57677
57678
57679
57680
58253
58254
58255
58256
58257
58258
58259
58260
58261
58262
58263
58264
58265
58266
58267
58268
58269
58270
58279
58280
58281
58282
58283
58284
58285
58286
58291
58292
58293
58294
58295
58296
58297
58298
59171
59172
59173
59174
59175
59176
59177
59178
59179
59180
59181
59182
59305
59306
59307
59308
59309
59310
59311
59312
59313
59314
59315
59316
59317
59318
59319
59320
59321
59322
59323
59324
59325
59326
59327
59328
59329
59331
59332
59333
59334
59335
59336
59337
59338
59339
59340
59341
59342
59343
59344
59345
59346
59347
59348
59349
59350
59351
59702
59703
59704
59705
59706
59707
59708
59709
59710
59711
59712
59713
59714
59715
59716
59717
59718
59719
59720
59724
59725
59726
59727
59728
59729
59730
59731
59732
59733
59734
59735
59736
59737
59738
59739
59740
59742
59743
59744
59745
59746
59747
59748
59749
59750
59751
59752
59799
60565
60566
60921
60922
60923
60924
60925
60926
60927
60928
60929
60931
60932
60933
60934
60935
60936
60937
60938
60939
60940
60941
60942
60943
61086
61087
61088
61089
61090
61091
61092
61093
61096
61097
61098
61099
61100
61101
61102
61103
61104
61105
61106
61111
61112
61113
61114
61115
61116
61117
61118
61119
61120
61121
61122
61123
61124
61125
61126
61127
61131
61132
61133
61134
61135
61136
61137
61138
61139
61140
61141
61142
61461
61462
61463
61464
61465
61466
61467
61468
61469
61471
61472
61473
61474
61475
61476
61477
61478
61479
61480
61481
61482
61483
61484
61485
61486
61487
61488
61489
61490
61491
61492
61493
61494
61495
61496
62094
62731
62733
62734
62735
62736
62737
62738
62739
62745
62746
62753
62754
62755
62756
62757
62758
62759
62760
62761
62762
62763
62764
62765
62766
62767
62768
62769
62770
62857
62973
63036
63037
63038
63039
63051
63052
63053
63054
63055
63075
63076
63077
63078
63079
63080
63081
63082
63083
63084
63125
63126
63127
63128
63129
63130
63131
63132
63143
63144
63145
63146
63147
63148
63149
63150
63151
63164
63165
63166
63167
63168
63169
63170
63171
63172
63173
63174
63175
63176
63177
63178
63180
63181
63182
63183
63184
63185
63186
63213
63291
63336
63527
64388
64404
64406
64543
64544
64556
64749
65095
65162
65163
65164
65165
65166
65168
65169
65170
65171
65172
65173
65174
65175
65176
65177
65178
65179
65180
65673
65683
65684
65685
65686
65695
65696
65703
65705
65706
65707
65708
65709
65710
65715
65727
65728
65729
65730
65731
65732
65733
65734
65735
65736
65737
65738
65739
65740
65741
65742
65743
65744
65745
65746
65747
65748
65749
65750
65751
65752
65753
65754
65755
65756
65757
65758
65759
65760
65761
65763
65764
65765
65823
66253
66254
66260
66261
66262
66266
66267
66268
66269
66285
66286
66287
66288
66291
66292
66293
66294
66295
66296
66297
66301
66302
66303
66304
66305
66306
66307
66308
66309
66310
66311
66312
66313
66314
66315
66316
66317
66355
66356
66357
66358
66359
66360
66361
66362
66363
66365
66386
66387
66388
66389
66390
66391
66392
66393
66394
66403
66404
66405
66406
66407
66408
66409
66410
66411
66412
66413
66414
66415
66416
66417
66418
66419
66420
66421
66422
66423
66424
66425
66426
66427
66428
66429
66430
66431
66432
66433
66434
66435
66436
66437
66438
66439
66440
66461
66958
67165
67439
67440
67451
67452
67453
67454
67455
67456
67457
67458
67459
67460
67461
67462
67463
67479
67480
67481
67482
67483
67484
67572
67607
67738
67739
67740
67741
67742
67743
67744
67745
67746
67748
67749
67750
67751
67752
67753
67754
67755
67756
67757
67758
67759
67760
67761
67762
67763
67764
67765
67766
67767
67768
67769
67770
67771
67772
67773
67774
67775
67776
67777
67778
67780
67781
67782
67783
67784
67785
67786
67787
67788
67789
67790
67791
67792
67793
67804
67839
67840
67902
68163
68324
68961
69262
69509
69533
69566
69580
69607
69608
69609
69621
69622
69777
70002
70003
70004
70005
70006
70007
70008
70009
70010
70011
70012
70013
70014
70015
70016
70017
70018
70019
70020
70021
70022
70023
70024
70025
70026
70027
70303
70322
70344
70345
70346
70347
70348
70372
70373
70374
70375
70376
70377
70378
70379
70384
70385
70386
70387
70388
70389
70390
70391
70392
70393
70394
70395
70396
70397
70421
70431
70432
70433
70434
70435
70436
70437
70438
70439
70440
70765
70865
70866
70960
70990
71201
71202
71203
71204
71205
71206
71207
71208
71209
71210
71211
71212
71213
71214
71215
71216
71217
71218
71219
71220
71221
71222
71223
71224
71225
71226
71227
71228
71229
71230
71231
71251
71252
71253
71254
71255
71256
71257
71258
71259
71260
71274
71275
71279
71297
71298
71299
71300
71301
71302
71303
71304
71305
71308
71309
71310
71311
71312
71313
71314
71315
71316
71317
71323
71324
71329
71330
71331
71332
71333
71334
71335
71336
71337
71338
71339
71340
71341
71342
71343
71344
71345
71346
71347
71348
71862
71966
72266
72267
72282
72287
72425
72571
72622
72760
72761
72762
72763
72764
72765
72766
72767
72968
72969
72970
72971
72972
72973
72974
72975
72976
72977
72978
72979
72980
72981
72982
72983
72984
72985
72986
72987
72988
72989
72990
72991
72992
72993
72994
72995
72996
72997
72998
72999
73000
73001
73002
73003
73004
73005
73006
73007
73008
73009
73010
73011
73012
73013
73014
73015
73016
73017
73018
73019
73020
73021
73022
73023
73024
73025
73026
73027
73028
73029
73030
73031
73032
73033
73034
73035
73036
73441
73442
73443
73444
73445
73446
73447
73448
73449
73450
73451
73452
73453
73457
73458
73459
73460
73461
73462
73463
73464
73465
73467
73468
73469
73470
73471
73472
73473
73475
73476
73477
73478
73479
73480
73481
73482
73483
73484
73485
73486
73487
73488
73489
73490
73491
73492
73493
73494
73497
73498
73499
73500
73501
73502
73503
73504
73505
73506
73507
73508
73509
73510
73511
73512
73513
73514
75082
75083
75084
75085
75086
75087
75088
75089
75090
75091
75092
75093
75094
75095
75096
75097
75098
75099
75100
75101
75102
75103
75104
75105
75106
75107
75108
75109
75110
75111
75112
75113
75114
75115
75293
75321
75322
75330
75331
75332
75333
75334
75352
75358
75359
75360
75361
75362
75363
75364
75365
75366
75367
75368
75369
75370
75371
75372
75373
75374
75375
75376
75377
75378
75379
75380
75381
75382
75383
75384
75385
75386
75388
75389
75390
75391
75392
75393
75394
75395
75396
75397
75398
75403
75404
75405
75406
75407
75408
75409
75410
75411
75412
75418
75419
75420
75421
75422
75423
75424
75425
75426
75427
75428
75429
75430
75431
75432
75433
75434
75435
75436
75437
75438
75439
75440
75441
75442
75443
75444
75445
75446
75447
75448
75449
75450
75451
75452
75453
75454
75455
75457
75633
75943
75944
75945
75946
75947
75948
75949
75950
75951
75952
75954
75955
75956
75957
75958
75959
75960
75961
75962
75963
75964
75965
75966
75967
75968
75969
75970
75971
75972
75973
75974
75975
75976
75977
75978
75979
75980
75981
75982
75983
75984
75985
75986
75987
75988
75989
76155
76175
76209
76210
76458
76738
76740
76755
77222
77272
77339
77785
77786
77787
77788
77789
77790
77791
77792
77793
77794
77795
77796
77797
77798
77799
77800
77801
77802
77803
77804
77805
77806
77807
77808
77809
77810
77811
77812
77813
77814
77815
77816
77817
77818
77819
77820
77821
77822
77823
77824
77825
77826
77827
78074
78123
78237
78239
78245
78246
78247
78248
78249
78250
78251
78252
78253
78260
78261
78262
78263
78264
78265
78266
78267
78268
78269
78270
78276
78277
78278
78279
78280
78281
78282
78283
78284
78285
78873
78946
78947
78948
78949
78998
79002
79003
79004
79005
79006
79027
79028
79029
79034
79035
79036
79037
79038
79039
79051
79052
79053
79054
79055
79056
79057
79058
79059
79060
79061
79062
79063
79064
79068
79078
79079
79080
79429
79430
79928
80102
80103
80104
80105
80106
80108
80109
80110
80111
80112
80113
80114
80115
80116
80117
80118
80119
80120
80121
80122
80123
80124
80125
80126
80127
80128
80129
80130
80131
80132
80133
80134
80135
80136
80137
80138
80267
80268
80269
80884
80885
80886
80887
80889
80890
80891
80892
80893
80894
80895
80900
80901
80902
80903
80904
80905
80906
80907
80908
80909
80910
80911
80912
80913
80914
80915
80916
80917
80918
80919
80920
80921
80922
80923
80924
80925
80926
80927
80928
80929
80930
80931
80932
81130
81429
