55156
55584
55585
55778
55784
55785
55786
55799
55810
55995
56304
56310
56334
56335
56336
56337
56338
56339
56350
56351
56352
56395
56425
56644
56645
56646
56647
56648
56649
56650
56651
56896
56961
56962
56963
56964
56967
56976
56977
56978
56979
56980
56981
56982
56986
56987
56988
56989
57101
57177
57178
57184
57618
57783
57784
57785
57786
57787
57788
57789
58344
58350
58351
58352
58467
58545
58859
59008
59010
59011
59014
59015
59016
59017
59018
59019
59020
59021
59022
59023
59024
59025
59091
59092
59685
59686
59687
59688
59689
59690
59691
59692
59693
60062
60064
60065
60066
60067
60071
60072
60073
60074
60075
60126
60194
60245
60275
60306
60307
60308
60309
60310
60320
60321
60322
60329
60351
60370
60384
60448
61637
61638
61639
61640
61641
61642
61643
61645
61646
61647
61648
61649
61650
61651
61652
61653
61654
61655
61656
61657
61658
61659
61660
61661
61935
61936
61937
61942
61977
62585
63212
63374
63390
63395
63396
63397
63420
63421
63422
63423
63424
63448
63449
63450
63451
63461
63480
63481
63488
63500
63501
63502
63503
63504
63515
63654
63703
63704
63814
63815
63816
63817
63820
63825
63826
63827
63828
63829
63834
63899
63971
64047
64147
64238
64239
64290
64308
64527
64529
64530
64531
64532
64533
64534
64535
64536
64537
64538
64539
64540
64541
64542
64545
64546
64547
64548
64549
64550
64551
64552
64553
64554
64555
64557
64558
64559
64560
64561
64562
64563
64564
64565
64566
64567
64568
64569
64570
64571
64572
64573
64574
64575
64576
64577
64578
64579
64580
64582
64583
64584
64585
64586
64587
64588
64589
64590
64591
64919
64931
64932
65485
65570
65633
65664
65821
65848
65876
65877
65878
65882
65883
65884
65885
65886
66075
66092
66333
66601
67295
67430
67568
67871
67920
68065
68066
68067
68070
68071
68072
68073
68100
68101
68102
68105
68109
68110
68111
68112
68113
68114
68115
68116
68117
68118
68150
68157
68158
68159
68160
68161
68162
68209
68210
68211
68212
68232
68290
68291
68300
68325
68326
68335
68414
68542
68622
68623
68624
68629
68630
68632
68636
68637
68638
68639
68640
68641
68642
68643
68644
68645
68646
68655
68656
68667
68674
68760
68761
68968
68969
68970
68973
68977
68978
68979
68985
69010
69022
69193
69261
69278
69282
69283
69284
69285
69286
69287
69288
69289
69290
69291
69292
69293
69294
69295
69296
69297
69298
69299
69300
69301
69302
69303
69304
69305
69306
69307
69308
69309
69310
69311
69312
69313
69314
69315
69316
69317
69318
69319
69320
69321
69322
69323
69324
69325
69326
69327
69328
69329
69330
69331
69332
69333
69334
69335
69336
69337
69338
69339
69340
69341
69342
69343
69344
69345
69346
69347
69348
69349
69350
69351
69352
69353
69354
69355
69356
69357
69358
69359
69360
69361
69362
69363
69364
69365
69366
69367
69368
69385
69449
69451
69921
70186
70210
70220
70239
70240
70241
70274
70275
70276
70318
70358
70472
70634
70641
70642
70645
70646
70647
70651
70653
70654
70655
70663
70813
71001
71009
71010
71011
71012
71013
71014
71015
71016
71017
71018
71019
71020
71022
71131
71358
71471
71472
71776
71846
71880
71901
72021
72417
72426
72427
72428
72430
72431
72432
72433
72434
72435
72436
72437
72438
72439
72440
72441
72442
72443
72444
72446
72447
72448
72449
72450
72452
72457
72458
72459
72460
72461
72462
72463
72464
72465
72466
72467
72468
72469
72470
72471
72472
72473
72474
72475
72476
72477
72478
72479
72482
72483
72484
72485
72486
72487
72488
72489
72490
72491
72492
72493
72494
72495
72496
72497
72504
72505
72506
72507
72508
72752
72800
72814
73055
73056
73376
73377
73378
73379
73380
73381
73382
73383
73384
73385
73386
73387
73388
73389
73390
73391
73392
73393
73394
73395
73396
73397
73398
73399
73400
73401
73402
73404
73405
73406
73407
73408
73409
73410
73411
73412
73414
73431
73438
73466
73551
73633
73664
73713
73721
73722
73738
73770
73864
73989
73990
73997
73998
73999
74000
74001
74002
74003
74009
74010
74011
74012
74013
74019
74021
74022
74023
74024
74025
74031
74035
74036
74037
74040
74041
74042
74043
74046
74047
74048
74049
74072
74176
74192
74240
74266
74267
74275
74276
74278
74279
74280
74281
74286
74287
74288
74312
74313
74314
74315
74318
74319
74320
74321
74333
74334
74335
74336
74337
74338
74339
74343
74344
74345
74346
74347
74348
74827
74828
74829
74860
75018
75148
75162
75493
75503
75591
75796
76127
76156
76158
76159
76160
76161
76162
76163
76164
76165
76166
76167
76168
76169
76170
76171
76172
76173
76174
76176
76177
76178
76179
76180
76181
76182
76183
76184
76185
76186
76187
76188
76189
76190
76191
76192
76193
76194
76195
76196
76197
76198
76199
76200
76201
76202
76203
76204
76205
76206
76207
76208
76211
76212
76213
76214
76215
76216
76278
76312
76323
76331
76461
76462
76463
76464
76465
76466
76467
76468
76469
76470
76471
76472
76473
76474
76475
76476
76477
76478
76479
76527
76582
76741
76742
76965
77010
77053
77136
77201
77283
77444
77493
77494
77746
77911
77931
77937
77938
77939
77956
77959
77960
77961
77986
77987
77988
78001
78120
78121
78122
78125
78126
78127
78128
78129
78130
78132
78133
78350
78563
78648
78649
78650
78651
78652
78653
78654
78655
78659
78660
78661
78662
78663
78664
78666
78667
78668
78669
78670
78681
78682
78683
78684
78685
78686
78687
78697
78698
78699
78700
78960
78992
78993
78994
78995
78996
78997
78999
79000
79001
79007
79008
79009
79010
79011
79012
79015
79016
79017
79018
79019
79020
79047
79115
79155
79167
79281
79282
79283
79284
79285
79286
79294
79295
79296
79297
79307
79308
79309
79310
79311
79312
79316
79317
79318
79319
79320
79321
79322
79323
79324
79325
79338
79339
79340
79341
79342
79350
79351
79352
79353
79354
79355
79356
79357
79375
79473
79474
79476
79480
79481
79482
79483
79484
79485
79486
79487
79488
79495
79496
79497
79498
79499
79500
79501
79505
79506
79507
79510
79518
79582
79987
80042
80048
80208
80259
80313
80314
80315
80316
80317
80318
80319
80320
80321
80322
80323
80324
80325
80326
80327
80328
80329
80330
80331
80332
80333
80334
80335
80336
80337
80338
80339
80340
80341
80342
80343
80425
80626
80707
80945
80975
80976
80977
80978
80979
80980
80981
80982
80983
80984
80985
80986
80987
80988
80989
80990
80991
80992
81001
81011
81243
81335
81432
81630
81671
