14360
14361
14362
14363
14364
14365
14366
14368
14369
14372
14373
14375
14376
14377
14378
14379
14380
14381
14385
14387
14388
14389
14390
14391
14392
14393
14397
14399
14400
14401
14402
14403
14404
14405
14407
14409
14410
14412
14413
14415
14416
14419
14423
14427
14428
14429
14430
14431
14432
14435
14436
14438
14439
14441
14450
14451
14452
14455
14459
14465
14466
14467
14469
14471
14472
14473
14474
14475
14476
14477
14478
14479
14482
14483
14484
14485
14486
14489
14490
14491
14492
14494
14496
14497
14498
14499
14500
14501
14502
14503
14504
14505
14507
14509
14510
14512
14516
14518
14519
14520
14521
14522
14523
14524
14525
14526
14527
14528
14529
14530
14531
14532
14533
14534
14535
14536
14537
14538
14539
14540
14541
14542
14545
14546
14547
14548
14549
14550
14552
14554
14555
14556
14557
14558
14559
14566
14568
14569
14570
14572
14573
14575
14576
14577
14580
14581
14582
14583
14584
14585
14586
14587
14588
14589
14590
14591
14592
14593
14594
14595
14596
14597
14598
14599
14600
14601
14602
14604
14605
14606
14607
14608
14610
14611
14612
14613
14614
14615
14617
14621
14623
14624
14625
14626
14627
14628
14629
14630
14631
14632
14633
14634
14635
14636
14637
14638
14640
14641
14642
14643
14644
14645
14646
14648
14649
14650
14651
14652
14654
14655
14657
14658
14659
14660
14662
14664
14665
14666
14667
14668
14669
14670
14671
14672
14673
14675
14676
14677
14680
14681
14682
14685
14686
14687
14688
14689
14690
14691
14692
14693
14694
14695
14696
14697
14699
14700
14701
14702
14703
14705
14706
14708
14709
14710
14711
14713
14715
14717
14719
14720
14722
14723
14724
14725
14726
14727
14728
14729
14730
14732
14734
14736
14737
14738
14739
14740
14741
14742
14743
14744
14745
14746
14748
14750
14753
14756
14757
14758
14759
14760
14761
14765
14766
14768
14772
14776
14777
14778
14779
14780
14781
14782
14783
14784
14785
14786
14787
14788
14789
14790
14791
14792
14793
14794
14795
14796
14797
14798
14799
14800
14801
14802
14803
14804
14805
14806
14807
14808
14809
14810
14811
14812
14813
14814
14816
14817
14818
14819
14820
14822
14823
14824
14826
14827
14828
14830
14831
14832
14835
14837
14838
14839
14840
14841
14842
14843
14844
14845
14846
14847
14848
14849
14850
14851
14852
14853
14854
14855
14856
14857
14858
14859
14860
14861
14862
14863
14864
14865
14866
14867
14868
14869
14870
14871
14872
14874
14875
14876
14877
14878
14879
14881
14883
14884
14887
14888
14889
14890
14892
14893
14896
14899
14900
14901
14902
14903
14904
14905
14906
14909
14910
14912
14913
14914
14916
14918
14919
14920
14922
14923
14924
14925
14926
14927
14928
14929
14930
14933
14934
14936
14938
14939
14940
14941
14942
14943
14944
14945
14946
14947
14948
14949
14950
14951
14952
14953
14955
14956
14957
14959
14960
14961
14962
14963
14964
14965
14966
14968
14969
14973
14974
14976
14977
14978
14979
14980
14981
14982
14983
14984
14985
14986
14987
14988
14989
14990
14991
14992
14993
14994
14995
14996
14997
14998
14999
15000
15001
15003
15004
15006
15007
15008
15009
15010
15011
15013
15015
15021
15023
15025
15026
15027
15028
15029
15030
15031
15032
15033
15034
15035
15036
15037
15039
15040
15041
15042
15043
15045
15046
15048
15049
15051
15052
15055
15056
15059
15060
15061
15062
15063
15065
15066
15067
15070
15072
15073
15075
15076
15078
15079
15080
15082
15084
15085
15086
15088
15089
15092
15095
15096
15098
15100
15101
15103
15105
15108
15109
15113
15114
15115
15116
15117
15121
15122
15124
15125
15126
15127
15128
15129
15130
15131
15133
15137
15138
15139
15140
15142
15145
15146
15147
15149
15150
15151
15152
15153
15155
15161
15162
15164
15166
15169
15171
15173
15176
15178
15179
15182
15183
15185
15187
15189
15191
15195
15199
15200
15201
15202
15203
15204
15205
15206
15207
15208
15209
15210
15211
15214
15215
15216
15218
15219
15220
15221
15222
15223
15225
15227
15228
15233
15234
15241
15244
15246
15247
15250
15251
15252
15255
15260
15262
15264
15266
15267
15268
15269
15270
15273
15275
15276
15277
15278
15279
15280
15283
15284
15285
15287
15289
15290
15292
15293
15294
15295
15296
15299
15300
15301
15302
15304
15308
15309
15310
15312
15313
15314
15316
15317
15318
15319
15321
15322
15324
15325
15326
15328
15332
15336
15337
15341
15344
15345
15346
15347
15348
15349
15350
15351
15353
15355
15356
15357
15358
15359
15360
15361
15362
15363
15364
15365
15366
15367
15368
15369
15370
15371
15374
15375
15376
15377
15381
15383
15384
15387
15389
15392
15394
15395
15396
15397
15398
15399
15401
15402
15404
15405
15406
15407
15408
15409
15410
15411
15412
15413
15414
15416
15417
15418
15419
15420
15421
15422
15424
15425
15426
15428
15431
15432
15434
15441
15448
15456
15457
15464
15468
15470
15471
15472
15473
15474
15475
15476
15477
15479
15480
15481
15485
15486
15488
15489
15491
15492
15493
15494
15495
15497
15499
15500
15501
15502
15503
15504
15505
15506
15507
15508
15509
15511
15512
15514
15515
15516
15517
15519
15522
15524
15525
15526
15527
15530
15534
15538
15539
15540
15543
15544
15548
15549
15550
15554
15555
15557
15559
15562
15563
15566
26777
26778
26779
26780
26781
26782
26783
26784
26786
26788
26789
26790
26791
26792
26793
26794
26795
26796
26797
26798
26799
26800
26801
26804
26805
26806
26808
26816
26818
26821
26822
26823
26824
26826
26827
26828
26829
26830
26831
26832
26833
26834
26835
26836
26837
26838
26839
26840
26842
26843
26844
26845
26846
26849
26851
26853
26854
26855
26857
26858
26859
26860
26862
26863
26864
26865
26871
26874
26876
26877
26878
26879
26881
26884
26885
26888
26890
26892
26893
26894
26895
26897
26899
26901
26903
26904
26908
26910
26911
26915
26916
26917
26918
26921
26924
26925
26926
26927
26928
26929
26930
26931
26932
26934
26936
26937
26938
26939
26941
26942
26943
26944
26945
26946
26947
26948
26950
26951
26952
26953
26954
26956
26958
26960
26962
26964
26965
26966
26967
26968
26970
26971
26973
26974
26975
26976
26977
26978
26979
26981
26982
26983
26984
26985
26986
26988
26991
26992
26994
26995
26996
26997
26998
26999
27001
27002
27003
27006
27007
27009
27011
27012
27013
27014
27015
27017
27018
27021
27022
27023
27025
27030
27032
27037
27038
27043
27044
27046
27051
27055
27057
27058
27059
27060
27061
27063
27064
27065
27066
27067
27069
27070
27076
27077
27078
27079
27080
27082
27085
27086
27087
27088
27089
27090
27092
27093
27094
27095
27097
27100
27101
27102
27103
27104
27105
27106
27108
27109
27110
27111
27112
27113
27114
27115
27116
27117
27118
27120
27123
27125
27126
27127
27128
27129
27130
27131
27133
27134
27135
27136
27139
27140
27141
27142
27143
27144
27146
27147
27149
27151
27152
27153
27154
27155
27156
27157
27158
27160
27162
27163
27165
27166
27167
27168
27169
27170
27171
27173
27174
27175
27176
27177
27178
27179
27181
27183
27184
27185
27186
27187
27188
27189
27192
27193
27197
27199
27202
27203
27205
27206
27207
27208
27210
27211
27213
27214
27215
27216
27217
27220
27221
27222
27223
27224
27225
27226
27227
27230
27231
27232
27233
27234
27239
27240
27241
27242
27243
27244
27245
27247
27248
27249
27250
27251
27253
27254
27255
27256
27257
27258
27259
27260
27262
27263
27264
27265
27266
27268
27269
27270
27271
27272
27273
27274
27275
27276
27277
27278
27279
27280
27281
27282
27284
27285
27286
27287
27288
27289
27291
27292
27293
27294
27295
27296
27297
27298
27299
27301
27302
27303
27304
27306
27307
27308
27309
27310
27312
27313
27314
27315
27316
27317
27318
27319
27320
27321
27323
27324
27325
27326
27327
27328
27329
27330
27332
27333
27334
27335
27337
27338
27340
27341
27342
27343
27345
27347
27348
27349
27351
27353
27355
27357
27358
27360
27362
27363
27364
27365
27366
27367
27368
27369
27370
27371
27372
27373
27374
27375
27382
27383
27386
27387
27388
27389
27390
27391
27392
27393
27394
27395
27396
27397
27398
27399
27400
27401
27402
27403
27404
27405
27406
27407
27414
27415
27416
27417
27418
27419
27420
27421
27422
27425
27427
27428
27429
27431
27432
27433
27434
27436
27440
27441
27444
27445
27446
27447
27449
27450
27453
27456
27459
27460
27461
27462
27464
27465
27467
27470
27471
27472
27474
27475
27476
27478
27479
27480
27481
27482
27483
27485
27487
27488
27489
27490
27491
27492
27494
27495
27498
27499
27505
27507
27508
27510
27511
27512
27514
27515
27517
27518
27522
27524
27527
27528
27530
27531
27532
27533
27534
27536
27538
27540
27543
27546
27547
27548
27551
27552
27553
27556
27557
27558
27559
27560
27561
27566
27567
27569
27570
27571
27572
27573
27574
27575
27576
27578
27579
27580
27581
27582
27583
27584
27585
27586
27587
27588
27589
27590
27591
27592
27593
27594
27595
27596
27597
27598
27599
27600
27601
27602
27603
27604
27606
27607
27610
27611
27613
27614
27616
27619
27620
27621
27622
27623
27624
27625
27626
27627
27628
27629
27631
27632
27633
27634
27635
27637
27638
27640
27641
27642
27643
27645
27646
27648
27649
27650
27651
27653
27654
27655
27656
27657
27658
27659
27662
27663
27664
27665
27668
27670
27671
27672
27673
27675
27676
27677
27678
27679
27680
27681
27682
27684
27685
27686
27687
27688
27689
27690
27692
27693
27695
27698
27699
27700
27702
27703
27704
27705
27706
27707
27708
27709
27711
27712
27713
27714
27715
27716
27717
27721
27723
27724
27725
27726
27727
27729
27730
27731
27733
27734
27735
27739
27741
27742
27744
27748
27749
27751
27752
27754
27755
27756
27757
27759
27760
27761
27762
27763
27764
27765
27766
27767
27768
27769
27770
27773
27774
27775
27776
27780
27782
27788
27796
27797
27798
27799
27800
27801
27803
27804
27805
27806
27807
27808
27809
27810
27811
27812
27813
27815
27816
27817
27818
27819
27820
27821
27822
27823
27824
27825
27826
27827
27828
27829
27830
27831
27832
27833
27834
27835
27836
27837
27838
27839
27840
27842
27843
27844
27845
27846
27847
27848
27849
27850
27851
27852
27853
27854
27855
27856
27857
27858
27859
27860
27861
27862
27863
27864
27865
27866
27867
27868
27869
27870
27871
27872
27873
27874
27875
27876
27877
27878
27879
27880
27881
27882
27883
27884
27885
27886
27887
27889
27890
27891
27892
27893
27894
27895
27896
27897
27898
27899
27900
27901
27902
27903
27905
27906
27907
27910
27911
27912
27913
27914
27915
27916
27918
27919
27920
27922
27923
27925
27926
27927
27928
27929
27930
27932
27933
27936
27940
27941
27944
27946
27948
27949
27952
27953
27956
27958
27960
27961
27962
27963
27964
27967
27968
27969
27970
27971
27972
27974
27975
27977
27978
27979
27981
27982
27984
27985
27986
27987
27988
27989
27993
27996
27997
27998
27999
28001
28002
28004
28005
28006
28007
28008
28009
28010
28011
28012
28013
28014
28015
28016
28017
28018
28019
28020
28021
28022
28023
28024
28025
28026
28029
28030
28032
28033
28035
28036
28038
28039
28043
28044
28047
28048
28049
28050
28051
28052
28053
28054
28055
28056
28057
28059
28060
28061
28062
28064
28065
28066
28067
28068
28070
28072
28074
28075
28076
28078
28079
28080
28081
28083
28084
28085
28086
28087
28089
28090
28091
28093
28094
28098
28099
28101
28102
28103
28105
28107
28108
28110
28111
28114
28116
28117
28120
28121
28125
28130
28132
28135
28136
28137
28138
28144
28145
28148
28152
28154
28155
28157
28160
28162
28167
28168
28173
28174
28176
28178
28179
28181
28184
28186
28187
28193
28194
28197
28198
28199
28200
28201
28202
28203
28204
28206
28207
28208
28209
28211
28213
28218
28222
28225
28232
28235
28237
28238
28240
28243
28246
28247
28248
28250
28252
28254
28258
28259
28260
28262
28263
28264
28265
28267
28268
28271
28272
28273
28274
28275
28276
28277
28278
28285
28292
28294
28297
28300
28303
28304
28305
28306
28307
28309
28310
28311
28314
28316
28318
28324
28327
28331
28335
28337
28339
28340
28342
28345
28346
28347
28350
28351
28352
28353
28354
28356
28357
28360
28363
28365
28366
28367
28369
28370
28372
28373
28375
28376
28377
28379
28380
28382
28383
28384
28386
28387
28388
28390
28391
28392
28393
28394
28396
28399
28400
28401
28402
28404
28405
28406
28407
28408
28410
28411
28417
28420
28422
28423
28425
28426
28427
28429
28432
28435
28438
28440
28441
28442
28443
28444
28446
28447
28452
28454
28458
28462
28465
28468
28471
28473
28474
28475
28476
28477
28478
28479
28480
28481
28482
28483
28485
28489
28490
28491
28493
28496
28500
28502
28503
28504
28508
28509
28510
28513
28517
28518
28521
28523
28527
28529
28531
28537
28553
28554
28573
28575
28583
28586
28589
28592
28594
28597
28604
28605
28610
38355
38356
38357
38358
38359
38360
38361
38362
38363
38364
38365
38366
38367
38368
38369
38370
38371
38373
38374
38375
38376
38377
38378
38379
38380
38381
38382
38383
38384
38385
38387
38388
38392
38393
38395
38396
38397
38398
38399
38400
38401
38402
38404
38406
38407
38408
38409
38410
38411
38412
38414
38415
38417
38418
38423
38425
38427
38428
38429
38430
38431
38432
38433
38434
38435
38436
38437
38438
38439
38440
38441
38442
38445
38446
38447
38448
38449
38450
38451
38452
38453
38454
38455
38456
38457
38458
38459
38460
38461
38462
38463
38464
38465
38467
38468
38471
38472
38473
38475
38477
38478
38479
38482
38483
38484
38485
38486
38487
38489
38490
38491
38492
38493
38494
38495
38496
38498
38499
38500
38501
38502
38503
38504
38505
38506
38507
38508
38509
38510
38511
38512
38513
38514
38515
38516
38517
38518
38519
38520
38521
38522
38523
38525
38527
38528
38529
38530
38531
38535
38536
38537
38538
38539
38540
38541
38542
38543
38544
38545
38546
38547
38548
38549
38550
38551
38552
38553
38554
38555
38556
38557
38558
38562
38563
38565
38567
38568
38570
38571
38572
38573
38574
38575
38576
38577
38578
38579
38580
38581
38582
38584
38585
38586
38587
38588
38589
38590
38594
38596
38597
38599
38600
38601
38603
38605
38606
38607
38608
38609
38610
38611
38612
38613
38614
38615
38616
38617
38618
38619
38620
38621
38622
38623
38624
38626
38627
38628
38629
38630
38631
38632
38633
38634
38635
38638
38639
38640
38641
38642
38643
38644
38646
38648
38649
38650
38653
38654
38655
38658
38659
38660
38661
38665
38671
38672
38673
38675
38676
38677
38678
38679
38681
38682
38683
38684
38686
38687
38689
38691
38692
38695
38696
38697
38698
38699
38700
38701
38702
38703
38704
38706
38708
38709
38710
38711
38712
38713
38715
38719
38720
38723
38724
38725
38726
38727
38728
38729
38730
38731
38732
38733
38734
38735
38736
38737
38739
38740
38741
38742
38743
38744
38745
38747
38748
38749
38750
38751
38752
38753
38754
38755
38757
38758
38759
38760
38761
38762
38763
38764
38765
38766
38767
38768
38770
38771
38772
38773
38774
38775
38776
38777
38778
38779
38780
38781
38783
38784
38785
38786
38787
38788
38789
38791
38794
38796
38797
38798
38799
38800
38801
38802
38803
38804
38805
38806
38807
38808
38809
38810
38811
38812
38813
38814
38815
38816
38817
38818
38819
38820
38821
38822
38824
38825
38826
38827
38828
38829
38830
38831
38832
38833
38834
38835
38837
38838
38840
38841
38842
38843
38846
38847
38848
38849
38850
38851
38852
38853
38855
38856
38857
38859
38860
38862
38863
38864
38865
38866
38867
38868
38870
38871
38873
38874
38876
38879
38881
38882
38884
38885
38889
38890
38891
38893
38896
38897
38898
38899
38900
38905
38908
38909
38910
38912
38914
38915
38916
38917
38919
38921
38923
38924
38925
38931
38933
38934
38935
38937
38938
38939
38940
38941
38942
38943
38944
38945
38946
38947
38950
38951
38952
38953
38954
38955
38956
38957
38958
38959
38960
38961
38962
38963
38964
38965
38966
38967
38968
38969
38970
38971
38972
38973
38974
38975
38978
38980
38981
38983
38986
38987
38988
38989
38990
38991
38993
38994
38995
38996
38997
38998
38999
39000
39001
39002
39003
39004
39005
39006
39007
39008
39009
39010
39011
39013
39014
39016
39018
39020
39021
39023
39026
39027
39029
39030
39031
39033
39034
39035
39036
39037
39038
39039
39040
39041
39042
39043
39044
39045
39046
39048
39050
39051
39052
39054
39056
39057
39059
39060
39061
39062
39063
39064
39065
39066
39067
39068
39069
39070
39071
39072
39073
39074
39075
39076
39079
39080
39081
39082
39083
39084
39085
39086
39090
39092
39093
39095
39096
39097
39099
39100
39101
39102
39104
39105
39106
39107
39108
39109
39110
39111
39112
39113
39114
39116
39117
39118
39119
39120
39123
39124
39125
39126
39128
39129
39132
39134
39136
39137
39140
39141
39144
39145
39146
39147
39148
39149
39150
39151
39152
39155
39156
39157
39158
39159
39160
39161
39162
39163
39164
39166
39167
39168
39169
39173
39178
39181
39182
39183
39185
39187
39188
39191
39192
39193
39194
39195
39197
39198
39199
39200
39201
39202
39203
39204
39205
39206
39207
39208
39209
39210
39211
39212
39213
39214
39216
39219
39221
39222
39223
39224
39226
39227
39228
39229
39232
39233
39234
39236
39237
39238
39239
39240
39242
39243
39247
39248
39250
39251
39252
39253
39255
39256
39257
39258
39260
39261
39262
39263
39264
39265
39266
39269
39270
39271
39272
39273
39274
39275
39277
39283
39284
39286
39289
39291
39293
39295
39296
39297
39298
39299
39300
39301
39302
39304
39305
39306
39307
39308
39309
39310
39311
39312
39313
39315
39316
39319
39320
39321
39322
39323
39324
39327
39328
39329
39330
39331
39333
39334
39336
39338
39340
39341
39342
39343
39344
39347
39348
39349
39350
39351
39352
39353
39354
39355
39356
39357
39358
39360
39362
39363
39364
39366
39368
39370
39373
39374
39375
39376
39378
39380
39381
39382
39383
39386
39387
39388
39389
39390
39392
39396
39397
39398
39406
39408
39409
39410
39412
39413
39414
39416
39417
39420
39421
39422
39423
39424
39425
39426
39427
39428
39429
39430
39432
39433
39434
39435
39436
39437
39438
39439
39440
39441
39442
39443
39444
39446
39447
39448
39451
39452
39453
39454
39456
39458
39459
39461
39463
39465
39468
39472
39473
39474
39475
39476
39478
39479
39480
39481
39482
39483
39484
39485
39492
39495
39497
39498
39502
39507
39508
39509
39510
39511
39514
39515
39516
39517
39518
39519
39520
39521
39522
39523
39524
39525
39526
39527
39528
39529
39530
39531
39532
39533
39534
39535
39536
39537
39538
39540
39542
39543
39545
39546
39550
39551
39552
39554
39557
39558
39560
39562
39563
39564
39565
39566
39567
39568
39569
39570
39571
39572
39573
39574
39575
39576
39577
39578
39581
39583
39584
39585
39586
39590
39591
39592
39593
39594
39595
39596
39597
39598
39599
39600
39601
39602
39603
39606
39607
39608
39610
39611
39614
39615
39616
39617
39618
39619
39620
39621
39622
39623
39624
39625
39626
39628
39629
39630
39631
39632
39636
39637
39638
39639
39640
39641
39642
39643
39644
39645
39646
39647
39648
39649
39650
39651
39652
39653
39654
39655
39656
39657
39658
39659
39660
39661
39662
39663
39664
39665
39666
39667
39668
39669
39670
39671
39672
39674
39676
39677
39679
39681
39682
39683
39684
39685
39686
39687
39688
39689
39690
39692
39693
39694
39695
39698
39700
39702
39704
39705
39706
39708
39709
39710
39711
39712
39716
39717
39718
39719
39721
39722
39723
39725
39727
39728
39729
39730
39731
39733
39734
39735
39736
39739
39742
39743
39745
39748
39749
39750
39751
39753
39755
39758
39759
39762
39763
39764
39765
39766
39767
39768
39770
39771
39779
39780
39781
39782
39783
39784
39785
39786
39787
39788
39789
39790
39792
39793
39795
39796
39798
39799
39800
39801
39802
39803
39804
39805
39808
39809
39810
39811
39812
39813
39814
39815
39816
39817
39818
39819
39820
39821
39822
39824
39825
39826
39827
39830
39831
39832
39834
39835
39837
39838
39839
39840
39841
39842
39844
39845
39846
39848
39849
39850
39851
39854
39855
39856
39857
39858
39859
39860
39862
39864
39865
39866
39867
39869
39870
39872
39873
39875
39876
39878
39879
39881
39882
39883
39885
39888
39889
39890
39891
39893
39894
39895
39897
39898
39901
39902
39903
39904
39908
39909
39910
39911
39913
39914
39916
39917
39918
39919
39920
39921
39922
39923
39924
39925
39926
39929
39930
39931
39933
39935
39936
39937
39939
39940
39941
39942
39943
39944
39945
39946
39947
39948
39949
39950
39951
39952
39953
39955
39956
39957
39958
39959
39960
39961
39962
39963
39964
39965
39966
39967
39968
39969
39970
39973
39976
39977
39978
39979
39980
39981
39982
39983
39984
39985
39986
39987
39988
39989
39990
39991
39992
39993
39995
39996
39997
40000
40001
40002
40004
40007
40008
40010
40013
40014
40017
40019
40020
40021
40022
40024
40025
40026
40028
40030
40033
40035
40037
40038
40041
40042
40043
40044
40046
40047
40050
40051
40053
40055
40057
40058
40063
40064
40065
40067
40068
40069
40070
40071
40072
40074
40075
40077
40078
40079
40081
40082
40085
40091
40092
40095
40096
40097
40098
40099
40100
40101
40102
40103
40104
40106
40107
40108
40109
40110
40111
40112
40113
40114
40115
40116
40118
40119
40124
40127
40128
40129
40134
40135
40136
40137
40139
40140
40142
40146
40148
40154
40157
40161
40162
40163
40164
40165
40166
40167
40168
40169
40170
40171
40172
40173
40174
40175
40176
40177
40178
40179
40181
40182
40183
40184
40185
40186
40187
40188
40189
40190
40191
40192
40193
40194
40195
40196
40197
40199
40200
40201
40202
40203
40204
40205
40206
40207
40210
40211
40212
40213
40214
40215
40216
40218
40219
40220
40221
40222
40223
40225
40228
40229
40230
40232
40239
40240
40243
40244
40245
40246
40247
40250
40251
40252
40253
40254
40255
40257
40260
40261
40262
40263
40264
40268
40272
40274
40275
40278
40279
40284
40289
40295
40297
40299
40300
40301
40302
40304
40305
40306
40307
40308
40309
40310
40311
40312
40313
40314
40315
40316
40317
40318
40319
40320
40321
40322
40323
40324
40325
40326
40327
40328
40329
40330
40331
40332
40333
40334
40335
40336
40337
40338
40339
40340
40341
40343
40344
40345
40348
40349
40350
40351
40352
40353
40354
40356
40357
40358
40359
40360
40361
40362
40363
40364
40365
40366
40367
40368
40369
40370
40371
40372
40373
40374
40376
40377
40378
40381
40382
40385
40387
40389
40390
40391
40392
40395
40396
40398
40400
40403
40404
40407
40409
40411
40412
40413
40416
40417
40419
40420
40422
40423
40424
40426
40428
40431
40433
40434
40435
40437
40439
40441
40442
40443
40444
40445
40446
40449
40450
40451
40452
40454
40455
40456
40457
40458
40460
40461
40462
40463
40464
40465
40466
40467
40468
40469
40470
40472
40473
40474
40475
40476
40479
40480
40481
40483
40484
40485
40486
40487
40488
40489
40490
40493
40494
40495
40498
40499
40501
40502
40503
40504
40505
40509
40510
40514
40515
40516
40517
40518
40519
40521
40522
40523
40524
40525
40528
40530
40534
40542
40545
40546
40548
40549
40550
40551
40555
40556
40560
40564
40565
40566
40568
40569
40570
40571
40572
40573
40574
40575
40576
40577
40578
40579
40580
40581
40582
40584
40586
40587
40588
40589
40590
40591
40592
40593
40595
40597
40598
40599
40600
40601
40603
40605
40606
40607
40608
40609
40611
40612
40614
40616
40617
40618
40619
40620
40621
40622
40623
40624
40626
40631
40632
40633
40635
40637
40638
40639
40640
40641
40645
40646
40647
40648
40649
40650
40654
40655
40657
40658
40659
40662
40663
40664
40669
40672
40675
40676
40679
40681
40683
40684
40685
40686
40687
40688
40689
40690
40693
40694
40695
40696
40697
40698
40699
40700
40701
40702
40703
40704
40705
40706
40707
40708
40710
40711
40712
40714
40716
40717
40719
40720
40721
40722
40724
40725
40726
40727
40728
40729
40730
40731
40732
40733
40734
40736
40739
40740
40741
40742
40744
40746
40747
40748
40749
40750
40751
40752
40753
40754
40755
40757
40758
40760
40761
40762
40763
40764
40767
40768
40771
40773
40774
40775
40776
40778
40779
40780
40781
40782
40784
40785
40786
40787
40789
40791
40792
40793
40794
40795
40797
40798
40800
40801
40804
40805
40807
40811
40812
40814
40815
40819
40820
40822
40823
40824
40825
40826
40827
40828
40829
40832
40833
40834
40835
40836
40837
40838
40839
40840
40843
40846
40848
40849
40850
40851
40852
40853
40854
40856
40857
40858
40861
40862
40863
40864
40865
40866
40867
40868
40869
40870
40871
40872
40873
40874
40875
40876
40877
40878
40879
40880
40881
40882
40883
40884
40886
40887
40888
40889
40891
40892
40893
40895
40896
40897
40898
40899
40900
40901
40902
40903
40904
40905
40906
40907
40908
40909
40911
40912
40913
40914
40915
40916
40918
40919
40921
40922
40923
40924
40925
40926
40927
40928
40929
40930
40931
40932
40933
40934
40935
40937
40938
40939
40940
40941
40942
40944
40946
40948
40958
40960
40961
40962
40963
40964
40965
40966
40967
40969
40971
40972
40973
40974
40975
40977
40978
40979
40980
40983
40985
40986
40987
40988
40989
40991
40992
40993
40994
40997
40998
41001
41003
41004
41005
41007
41009
41010
41011
41012
41014
41015
41017
41021
41022
41024
41026
41029
41030
41031
41032
41033
41034
41035
41036
41037
41038
41039
41040
41041
41042
41043
41044
41045
41048
41049
41051
41052
41053
41054
41055
41056
41057
41058
41059
41060
41061
41062
41063
41064
41065
41066
41067
41068
41069
41070
41071
41075
41076
41078
41079
41080
41081
41082
41083
41084
41085
41087
41088
41090
41091
41092
41093
41094
41096
41097
41098
41099
41100
41101
41103
41104
41106
41109
41111
41112
41113
41117
41120
41121
41124
41125
41126
41128
41131
41134
41135
41136
41140
41142
41143
41145
41146
41147
41148
41149
41150
41152
41153
41155
41157
41158
41161
41165
41166
41167
41168
41169
41170
41172
41175
41177
41178
41180
41181
41183
41184
41186
41187
41188
41191
41192
41193
41195
41196
41197
41199
41201
41204
41205
41207
41208
41212
41213
41214
41216
41217
41218
41221
41222
41224
41226
41227
41228
41229
41231
41232
41245
41253
41256
41257
41259
41261
41263
41265
41267
41268
41269
41272
41275
41278
41279
41280
41281
41283
41290
41292
41294
41295
41296
41297
41299
41300
41301
41307
41308
41309
41312
41314
41317
41319
41320
41321
41322
41323
41327
41330
41331
41332
41336
41338
41341
41342
41346
41347
41349
41351
41352
41356
41357
41360
41362
41363
41366
41367
41368
41369
41381
41385
41386
41389
41391
41393
41394
41395
41396
41397
41398
41399
41400
41401
41402
41403
41404
41405
41406
41407
41408
41409
41410
41411
41413
41414
41415
41417
41418
41420
41421
41422
41423
41424
41429
41431
41432
41434
41435
41441
41443
41444
41446
41450
41453
41454
41455
41456
41457
41458
41459
41461
41462
41463
41464
41465
41466
41467
41468
41470
41472
41473
41474
41475
41477
41478
41479
41481
41482
41484
41486
41494
41496
41499
41501
41502
41503
41504
41505
41506
41509
41510
41511
41512
41513
41514
41515
41517
41518
41519
41520
41521
41522
41523
41524
41525
41527
41528
41529
41530
41531
41532
41533
41534
41535
41536
41537
41539
41540
41541
41542
41543
41544
41545
41546
41547
41548
41549
41550
41551
41552
41553
41554
41555
41556
41557
41558
41559
41560
41561
41562
41563
41564
41565
41568
41570
41571
41572
41573
41574
41576
41577
41578
41579
41580
41581
41582
41583
41584
41586
41588
41590
41591
41592
41593
41597
41600
41602
41604
41605
41606
41608
41609
41610
41611
41612
41613
41614
41616
41617
41618
41620
41621
41622
41623
41624
41625
41626
41627
41628
41629
41632
41633
41634
41635
41638
41640
41641
41644
41645
41646
41648
41650
41652
41653
41654
41656
41657
41660
41662
41663
41672
41673
41674
41675
41676
41677
41678
41680
41681
41682
41684
41685
41686
41687
41688
41689
41690
41691
41692
41693
41694
41695
41696
41697
41698
41699
41700
41702
41703
41705
41706
41707
41708
41709
41710
41711
41712
41713
41714
41715
41716
41717
41718
41719
41720
41721
41722
41723
41724
41725
41726
41727
41728
41729
41730
41731
41732
41733
41734
41735
41736
41737
41739
41740
41741
41742
41743
41744
41745
41746
41747
41748
41749
41750
41751
41753
41755
41756
41760
41761
41763
41764
41765
41766
41767
41768
41769
41770
41771
41772
41773
41774
41775
41776
41777
41778
41779
41780
41781
41782
41783
41784
41785
41786
41787
41788
41789
41790
41791
41793
41794
41797
41801
41802
41806
41807
41808
41809
41810
41811
41812
41813
41814
41816
41818
41819
41821
41822
41823
41824
41825
41827
41828
41829
41830
41831
41832
41834
41835
41838
41840
41841
41842
41843
41844
41845
41846
41847
41848
41850
41851
41853
41856
41858
41862
41869
41870
41872
41873
41875
41877
41878
41880
41881
41885
41887
41888
41890
41891
41892
41894
41895
41897
41898
41899
41900
41902
41903
41905
41906
41907
41908
41909
41912
41914
41915
41916
41917
41918
41919
41920
41921
41922
41923
41924
41926
41927
41928
41929
41930
41931
41933
41934
41935
41936
41937
41938
41941
41942
41946
41947
41948
41949
41950
41951
41952
41954
41955
41956
41957
41960
41961
41962
41963
41964
41965
41966
41967
41968
41969
41972
41974
41976
41979
41980
41983
41984
41985
41987
41988
41989
41990
41991
41992
41993
41996
41998
41999
42000
42006
42007
42008
42009
42010
42011
42012
42013
42015
42016
42017
42018
42019
42020
42023
42024
42026
42027
42030
42031
42033
42035
42037
42039
42044
42046
42047
42048
42049
42054
42055
42056
42058
42059
42060
42062
42063
42066
42068
42069
42071
42074
42076
42083
42084
42085
42086
42087
42089
42090
42091
42092
42093
42094
42095
42096
42097
42098
42099
42100
42101
42102
42103
42104
42105
42106
42107
42108
42113
42114
42115
42116
42117
42119
42120
42121
42122
42123
42124
42125
42126
42128
42129
42130
42131
42132
42133
42134
42135
42136
42137
42138
42139
42140
42142
42146
42147
42148
42149
42150
42151
42152
42156
42157
42161
42164
42166
42167
42168
42169
42170
42171
42172
42174
42175
42176
42179
42181
42182
42184
42185
42186
42187
42188
42189
42190
42191
42192
42193
42195
42196
42198
42199
42201
42203
42205
42209
42210
42212
42214
42215
42216
42217
42218
42219
42221
42223
42226
42228
42229
42230
42231
42232
42233
42234
42235
42236
42237
42238
42239
42240
42241
42242
42243
42244
42245
42246
42247
42249
42250
42251
42252
42253
42259
42260
42261
42262
42263
42264
42265
42266
42267
42268
42270
42271
42272
42273
42274
42275
42277
42278
42279
42280
42282
42283
42285
42286
42287
42288
42289
42290
42291
42292
42293
42296
42299
42300
42302
42304
42305
42306
42307
42311
42312
42313
42314
42320
42323
42324
42326
42327
42328
42329
42331
42332
42333
42335
42336
42337
42338
42341
42342
42343
42344
42345
42346
42347
42348
42349
42352
42353
42354
42356
42358
42359
42360
42361
42364
42367
42368
42369
42371
42372
42375
42376
42378
42379
42380
42381
42383
42386
42387
42388
42393
42394
42395
42396
42398
42399
42400
42401
42402
42404
42406
42407
42409
42411
42413
42414
42416
42420
42421
42422
42423
42424
42425
42426
42427
42428
42429
42430
42431
42432
42434
42435
42436
42437
42439
42441
42442
42443
42445
42446
42447
42448
42449
42450
42451
42452
42453
42454
42455
42456
42457
42459
42460
42461
42462
42463
42464
42465
42466
42467
42468
42469
42470
42471
42472
42473
42474
42475
42476
42477
42479
42481
42482
42483
42484
42487
42488
42489
42491
42493
42494
42495
42497
42498
42499
42500
42501
42502
42503
42505
42507
42508
42509
42510
42511
42512
42513
42514
42515
42517
42519
42520
42521
42522
42523
42524
42525
42526
42527
42528
42530
42532
42533
42535
42537
42538
42539
42541
42544
42545
42546
42547
42548
42549
42550
42552
42553
42554
42555
42556
42557
42558
42559
42560
42564
42565
42566
42568
42569
42570
42571
42572
42573
42574
42575
42578
42580
42581
42582
42583
42584
42587
42588
42590
42591
42593
42594
42597
42603
42604
42605
42608
42609
42610
42611
42612
42614
42615
42616
42618
42620
42621
42622
42623
42626
42627
42628
42629
42630
42632
42633
42634
42635
42637
42638
42639
42642
42643
42644
42645
42646
42647
42648
42649
42650
42651
42652
42653
42654
42655
42656
42657
42658
42659
42660
42662
42663
42665
42666
42667
42669
42670
42671
42672
42674
42675
42676
42677
42678
42679
42680
42681
42682
42684
42685
42686
42687
42688
42689
42690
42691
42692
42693
42694
42696
42697
42700
42701
42702
42705
42706
42707
42711
42715
42719
42721
42722
42725
42726
42729
42732
42733
42742
42745
42746
42747
42748
42749
42752
42753
42754
42755
42757
42760
42761
42762
42766
42772
42778
42779
42780
42782
42786
42787
42788
42790
42791
42793
42796
42798
42800
42801
42803
42805
42808
42809
42814
42819
42821
42822
42823
42824
42825
42826
42827
42829
42830
42831
42833
42834
42835
42836
42838
42839
42840
42842
42843
42845
42847
42848
42849
42854
42855
42859
42868
42873
42877
42878
42880
42881
42883
42885
42887
42888
42889
42891
42895
42896
42897
42898
42899
42900
42902
42903
42904
42905
42906
42907
42909
42910
42912
42913
42918
42919
42920
42921
42923
42927
42929
42930
42932
42934
42935
42937
42940
42942
42943
42948
42953
42954
42955
42956
42957
42959
42960
42961
42962
42963
42964
42965
42966
42967
42969
42971
42972
42973
42974
42975
42976
42977
42978
42979
42981
42982
42983
42985
42988
42989
42990
42993
42994
42995
42996
42997
42998
42999
43001
43002
43003
43004
43005
43007
43008
43009
43010
43012
43014
43015
43016
43017
43018
43019
43020
43022
43024
43025
43026
43028
43029
43031
43035
43037
43040
43042
43043
43044
43046
43052
43053
43055
43056
43057
43058
43060
43062
43063
43064
43067
43068
43070
43071
43072
43073
43077
43079
43080
43082
43083
43085
43087
43089
43090
43091
43092
43093
43094
43095
43096
43097
43099
43100
43101
43102
43103
43104
43105
43107
43108
43109
43114
43118
43119
43120
43124
43125
43127
43129
43130
43131
43132
43133
43136
43137
43138
43139
43140
43141
43142
43144
43146
43147
43148
43149
43150
43151
43152
43153
43154
43155
43156
43158
43159
43160
43162
43163
43164
43165
43166
43167
43168
43170
43171
43173
43174
43175
43176
43177
43178
43179
43181
43183
43185
43188
43191
43192
43193
43194
43195
43196
43197
43198
43199
43200
43201
43202
43203
43204
43205
43206
43207
43208
43209
43210
43211
43212
43213
43216
43218
43219
43220
43221
43222
43223
43224
43225
43226
43228
43229
43233
43234
43236
43237
43238
43239
43240
43242
43243
43245
43246
43248
43249
43250
43251
43255
43256
43257
43258
43261
43264
43265
43266
43268
43269
43272
43273
43274
43276
43277
43278
43280
43281
43283
43284
43285
43286
43287
43289
43290
43294
43296
43299
43300
43302
43304
43305
43307
43308
43309
43311
43312
43313
43314
43316
43318
43319
43320
43321
43322
43323
43325
43326
43327
43328
43329
43331
43332
43334
43335
43336
43337
43338
43339
43340
43341
43342
43343
43344
43347
43348
43349
43350
43352
43355
43356
43357
43358
43359
43361
43362
43364
43367
43368
43370
43371
43372
43374
43375
43376
43384
43387
43389
43390
43391
43395
43396
43397
43398
43399
43401
43408
43410
43411
43413
43414
43417
43418
43422
43424
43425
43427
43428
43434
43435
43437
43438
43439
43440
43441
43442
43444
43445
43451
43453
43454
43456
43459
43460
43461
43462
43465
43467
43470
43471
43472
43476
43478
43479
43482
43483
43484
43485
43486
43488
43491
43492
43493
43494
43498
43503
43504
43505
43506
43507
43508
43515
43516
43517
43518
43520
43522
43523
43525
43526
43527
43528
43529
43530
43531
43534
43535
43536
43537
43540
43542
43543
43544
43545
43546
43549
43551
43557
43558
43561
43563
43565
43566
43571
43572
43574
43581
43582
43584
43585
43586
43587
43591
43593
43595
43602
43604
43605
43606
43607
43608
43609
43610
43611
43612
43613
43614
43617
43618
43624
43626
43629
43631
43633
43642
43649
43650
43652
43656
43660
43662
43664
43666
43668
43671
43672
43673
43674
43676
43680
43682
43683
43684
43685
43686
43687
43688
43689
43690
43694
43695
43696
43697
43698
52205
52207
52208
52209
52210
52211
52212
52214
52215
52216
52217
52218
52219
52220
52221
52222
52223
52224
52225
52226
52227
52228
52229
52231
52232
52233
52234
52235
52236
52237
52238
52239
52240
52241
52242
52243
52244
52245
52246
52247
52248
52250
52251
52252
52253
52254
52255
52256
52257
52258
52259
52260
52261
52262
52263
52264
52265
52266
52267
52268
52269
52270
52271
52272
52273
52274
52275
52276
52277
52278
52279
52281
52282
52283
52284
52286
52287
52288
52290
52291
52292
52293
52294
52295
52300
52302
52305
52307
52308
52309
52310
52311
52312
52313
52314
52315
52316
52318
52319
52320
52321
52322
52323
52324
52325
52326
52327
52329
52330
52331
52332
52333
52334
52335
52336
52338
52339
52340
52341
52342
52343
52344
52345
52346
52347
52350
52351
52354
52355
52356
52357
52358
52359
52360
52361
52362
52363
52364
52365
52366
52367
52368
52369
52370
52371
52372
52373
52374
52375
52376
52377
52378
52380
52381
52382
52384
52385
52387
52389
52390
52393
52394
52395
52397
52399
52402
52405
52409
52412
52415
52416
52417
52419
52420
52425
52427
52431
52434
52437
52439
52442
52443
52445
52446
52447
52449
52451
52452
52455
52456
52457
52458
52459
52460
52461
52462
52463
52464
52466
52467
52468
52469
52470
52471
52472
52473
52474
52475
52476
52477
52478
52479
52480
52481
52482
52483
52484
52485
52486
52487
52488
52489
52490
52491
52492
52493
52494
52495
52496
52497
52498
52499
52500
52501
52502
52503
52504
52505
52506
52508
52509
52510
52511
52512
52513
52514
52516
52517
52518
52519
52520
52521
52522
52523
52524
52525
52527
52528
52529
52530
52531
52532
52533
52534
52535
52536
52537
52539
52540
52542
52543
52544
52545
52546
52547
52548
52549
52550
52551
52552
52553
52555
52556
52557
52558
52559
52560
52561
52562
52563
52565
52567
52569
52570
52571
52572
52573
52574
52575
52576
52577
52578
52579
52580
52581
52582
52583
52585
52586
52587
52588
52589
52590
52591
52592
52593
52595
52596
52597
52598
52599
52600
52602
52603
52604
52605
52607
52608
52609
52610
52612
52613
52614
52616
52618
52619
52620
52621
52625
52626
52627
52628
52630
52631
52633
52635
52638
52640
52642
52643
52644
52645
52648
52649
52650
52651
52652
52655
52661
52665
52669
52670
52671
52672
52674
52676
52677
52678
52679
52682
52683
52684
52690
52692
52693
52694
52695
52696
52697
52698
52699
52700
52701
52702
52703
52704
52705
52706
52707
52708
52709
52710
52711
52712
52713
52714
52715
52716
52717
52718
52719
52720
52721
52722
52723
52724
52725
52726
52727
52728
52729
52731
52732
52733
52734
52735
52736
52737
52738
52739
52740
52741
52742
52743
52744
52745
52746
52747
52748
52749
52751
52752
52753
52754
52756
52757
52758
52759
52760
52761
52762
52763
52764
52765
52769
52770
52771
52772
52776
52778
52779
52780
52782
52783
52786
52787
52788
52791
52793
52796
52797
52798
52799
52800
52802
52803
52807
52808
52809
52810
52813
52815
52816
52818
52822
52824
52825
52826
52827
52828
52829
52830
52831
52832
52833
52834
52835
52836
52837
52838
52839
52840
52842
52843
52844
52845
52847
52848
52849
52850
52852
52854
52855
52856
52857
52858
52859
52860
52861
52863
52864
52865
52866
52867
52868
52869
52870
52871
52872
52873
52876
52877
52878
52879
52880
52881
52883
52884
52885
52886
52887
52888
52889
52890
52891
52892
52894
52895
52896
52897
52898
52901
52902
52903
52904
52905
52906
52908
52910
52913
52914
52915
52920
52922
52925
52926
52928
52929
52931
52934
52937
52942
52943
52944
52945
52946
52947
52954
52955
52956
52957
52958
52959
52961
52962
52963
52964
52965
52966
52967
52968
52969
52970
52971
52972
52974
52975
52976
52977
52978
52979
52980
52981
52982
52983
52984
52985
52987
52989
52991
52992
52993
52994
52995
52996
52998
52999
53001
53004
53005
53006
53007
53008
53009
53011
53012
53017
53019
53020
53021
53022
53023
53024
53025
53027
53028
53030
53031
53033
53034
53035
53036
53037
53038
53039
53040
53041
53044
53045
53048
53049
53050
53052
53054
53056
53060
53061
53062
53063
53065
53067
53070
53071
53076
53083
53086
53091
53093
53094
53095
53096
53098
53099
53100
53103
53105
53106
53107
53109
53110
53111
53112
53113
53114
53115
53116
53117
53119
53120
53121
53123
53124
53125
53126
53127
53129
53130
53131
53132
53133
53135
53140
53141
53142
53143
53144
53145
53146
53147
53148
53149
53151
53152
53153
53154
53155
53156
53157
53158
53161
53162
53163
53166
53167
53169
53171
53172
53173
53174
53175
53178
53180
53181
53182
53185
53186
53188
53189
53190
53191
53192
53193
53195
53196
53199
53200
53201
53202
53203
53204
53211
53213
53215
53216
53217
53218
53219
53221
53222
53223
53224
53225
53226
53227
53228
53229
53230
53231
53232
53233
53235
53236
53237
53238
53242
53243
53244
53245
53246
53247
53248
53249
53250
53251
53252
53253
53254
53255
53256
53258
53262
53264
53265
53266
53267
53268
53269
53270
53271
53272
53274
53275
53277
53278
53280
53281
53283
53285
53286
53287
53288
53289
53292
53293
53294
53295
53298
53300
53301
53303
53304
53306
53310
53311
53312
53314
53316
53317
53319
53320
53322
53323
53324
53325
53329
53342
53349
53351
53353
53354
53355
53356
53357
53358
53359
53360
53361
53363
53365
53366
53367
53368
53369
53370
53371
53372
53373
53374
53375
53377
53380
53381
53383
53384
53385
53386
53387
53389
53390
53391
53392
53393
53394
53396
53397
53399
53401
53402
53403
53406
53407
53408
53409
53411
53414
53415
53417
53418
53422
53424
53429
53433
53436
53438
53439
53440
53441
53442
53443
53445
53446
53448
53450
53451
53452
53453
53455
53456
53458
53459
53460
53461
53463
53464
53465
53467
53468
53469
53470
53471
53472
53475
53476
53478
53479
53483
53486
53487
53492
53498
53499
53501
53505
53511
53512
53516
53517
53518
53523
53528
53529
53530
53531
53532
53533
53534
53536
53537
53539
53540
53542
53544
53545
53546
53548
53549
53550
53551
53552
53553
53554
53555
53556
53558
53559
53560
53561
53562
53563
53564
53565
53566
53567
53568
53569
53570
53571
53573
53574
53578
53581
53583
53584
53587
53588
53589
53591
53592
53593
53594
53595
53596
53597
53598
53599
53600
53601
53602
53603
53605
53606
53607
53608
53609
53610
53612
53613
53614
53615
53616
53617
53618
53620
53621
53622
53624
53625
53626
53627
53628
53629
53630
53631
53632
53633
53634
53635
53638
53639
53640
53641
53642
53643
53646
53647
53649
53650
53651
53653
53655
53656
53657
53659
53660
53661
53665
53666
53668
53670
53677
53678
53683
53687
53691
53692
53695
53698
53702
53703
53704
53705
53706
53707
53708
53709
53710
53711
53712
53713
53714
53715
53716
53717
53718
53719
53720
53721
53722
53724
53725
53726
53727
53728
53729
53730
53732
53733
53735
53736
53737
53739
53740
53742
53743
53744
53745
53746
53748
53749
53750
53753
53754
53755
53756
53757
53758
53760
53761
53762
53763
53765
53766
53767
53768
53769
53770
53771
53772
53773
53774
53775
53779
53780
53783
53784
53785
53789
53790
53793
53794
53795
53797
53798
53799
53801
53802
53803
53804
53805
53809
53810
53811
53813
53814
53816
53817
53818
53819
53820
53821
53822
53825
53826
53827
53828
53829
53832
53833
53834
53835
53836
53837
53838
53839
53840
53841
53842
53843
53844
53845
53847
53848
53851
53852
53853
53854
53855
53856
53857
53858
53859
53860
53861
53862
53863
53864
53866
53868
53869
53875
53878
53879
53881
53885
53886
53889
53890
53892
53893
53894
53895
53896
53897
53898
53899
53900
53902
53903
53905
53906
53907
53908
53910
53911
53912
53913
53914
53915
53917
53918
53919
53920
53921
53922
53923
53924
53925
53926
53927
53928
53929
53931
53932
53933
53934
53935
53936
53938
53939
53940
53941
53942
53943
53944
53945
53946
53947
53948
53949
53952
53954
53958
53961
53962
53963
53964
53968
53969
53970
53971
53972
53973
53974
53975
53977
53978
53979
53980
53981
53982
53984
53985
53986
53987
53988
53989
53990
53992
53993
53994
53995
53998
54000
54002
54003
54004
54007
54009
54011
54012
54013
54014
54016
54018
54020
54021
54023
54024
54026
54029
54036
54038
54040
54042
54044
54045
54048
54049
54050
54051
54052
54054
54055
54057
54060
54061
54062
54063
54064
54065
54066
54067
54068
54069
54070
54071
54072
54073
54074
54075
54076
54077
54078
54079
54081
54082
54083
54085
54086
54087
54088
54090
54092
54094
54095
54096
54098
54099
54101
54102
54103
54104
54105
54106
54108
54109
54110
54111
54112
54114
54115
54117
54119
54122
54123
54124
54125
54126
54127
54128
54131
54132
54133
54134
54136
54139
54141
54144
54148
54150
54151
54153
54154
54155
54156
54157
54158
54159
54160
54161
54162
54163
54165
54167
54170
54173
54175
54176
54177
54178
54179
54181
54183
54184
54185
54186
54189
54191
54193
54195
54197
54199
54203
54209
54210
54211
54212
54213
54214
54215
54216
54217
54219
54220
54221
54222
54223
54224
54225
54226
54227
54229
54231
54233
54234
54236
54237
54239
54241
54242
54243
54244
54245
54246
54247
54249
54250
54252
54255
54256
54257
54259
54260
54263
54264
54265
54277
54279
54281
54283
54284
54285
54287
54289
54291
54292
54293
54294
54296
54297
54298
54300
54301
54302
54305
54306
54309
54310
54311
54312
54313
54314
54317
54318
54323
54325
54326
54327
54329
54330
54332
54333
54335
54336
54337
54338
54340
54343
54344
54346
54348
54350
54355
54357
54359
54362
54363
54364
54365
54366
54367
54368
54369
54370
54371
54372
54374
54375
54376
54377
54379
54380
54381
54382
54383
54384
54385
54386
54387
54389
54390
54391
54392
54393
54394
54395
54396
54397
54398
54399
54400
54401
54402
54403
54404
54405
54406
54407
54408
54409
54410
54411
54412
54413
54414
54415
54416
54417
54418
54419
54420
54421
54422
54423
54424
54428
54429
54431
54432
54433
54434
54436
54437
54441
54445
54447
54448
54449
54450
54451
54452
54453
54455
54457
54458
54460
54461
54462
54463
54464
54465
54466
54467
54468
54469
54470
54472
54478
54479
54481
54482
54483
54484
54485
54489
54491
54492
54493
54494
54495
54496
54497
54499
54500
54501
54503
54506
54508
54509
54510
54514
54515
54516
54517
54518
54520
54521
54522
54526
54527
54528
54530
54531
54533
54534
54535
54537
54538
54539
54540
54547
54548
54553
54554
54556
54557
54558
54561
54562
54563
54568
54570
54572
54573
54574
54575
54576
54577
54580
54581
54582
54583
54584
54585
54586
54590
54591
54592
54593
54594
54595
54596
54597
54598
54599
54600
54601
54602
54603
54604
54605
54606
54607
54609
54610
54612
54613
54614
54615
54616
54617
54618
54621
54622
54623
54624
54626
54627
54628
54629
54630
54631
54632
54633
54634
54635
54636
54637
54638
54639
54640
54641
54642
54644
54645
54646
54647
54651
54652
54655
54656
54657
54658
54660
54661
54662
54663
54664
54665
54666
54667
54668
54669
54670
54671
54672
54673
54675
54677
54678
54679
54680
54681
54682
54684
54685
54686
54688
54689
54690
54691
54693
54694
54695
54697
54699
54700
54701
54705
54707
54712
54713
54714
54716
54718
54719
54722
54723
54724
54726
54727
54728
54730
54731
54733
54734
54736
54737
54738
54739
54744
54745
54747
54749
54752
54753
54754
54756
54760
54761
54762
54765
54768
54769
54770
54771
54772
54773
54774
54775
54776
54777
54778
54779
54780
54781
54782
54783
54784
54785
54787
54788
54791
54793
54794
54796
54797
54798
54799
54800
54803
54804
54805
54806
54807
54808
54809
54811
54812
54813
54814
54815
54816
54817
54820
54822
54823
54827
54828
54830
54831
54832
54833
54834
54838
54841
54842
54843
54845
54846
54849
54852
54854
54855
54856
54857
54859
54860
54864
54868
54869
54870
54871
54872
54874
54875
54876
54877
54878
54879
54880
54881
54882
54884
54886
54887
54888
54889
54894
54895
54896
54897
54898
54901
54902
54903
54904
54905
54906
54907
54908
54909
54910
54911
54913
54914
54915
54916
54917
54918
54919
54920
54921
54923
54924
54926
54927
54928
54929
54930
54931
54932
54936
54937
54939
54940
54941
54943
54951
54952
54953
54954
54958
54959
54961
54963
54971
54973
54975
54976
54983
54986
54987
54988
54994
54996
55000
55001
55006
55008
55009
55010
55013
55014
55017
55019
55021
55023
55024
55025
55026
55028
55029
55031
55032
55033
55035
55038
55040
55044
55045
55046
55047
55048
55051
55053
55056
55057
55059
55061
55062
55064
55068
55069
55070
55076
55077
55082
55083
55085
55091
55092
55101
55103
55112
55113
55114
55115
55117
55121
55124
55132
55134
55135
55136
55139
55142
55143
55148
55155
55157
55159
55160
55166
55167
55169
55170
55171
55172
55173
55174
55175
55176
55177
55178
55179
55180
55181
55182
55183
55184
55185
55186
55187
55188
55189
55190
55191
55192
55193
55194
55195
55196
55197
55198
55200
55201
55202
55203
55205
55206
55207
55208
55209
55210
55211
55214
55215
55216
55217
55218
55219
55220
55221
55222
55223
55224
55225
55226
55228
55229
55230
55231
55233
55235
55236
55237
55238
55239
55240
55242
55243
55245
55246
55247
55248
55249
55250
55251
55252
55254
55255
55257
55258
55259
55260
55261
55263
55264
55265
55266
55267
55268
55269
55270
55271
55272
55274
55275
55277
55278
55279
55280
55282
55284
55285
55287
55288
55289
55290
55291
55294
55296
55297
55298
55299
55300
55301
55302
55303
55304
55306
55307
55308
55309
55310
55312
55313
55314
55315
55316
55318
55319
55321
55322
55323
55324
55326
55329
55333
55334
55341
55345
55346
55348
55349
55353
55355
55358
55360
55361
55362
55363
55367
55369
55370
55373
55374
55376
55378
55380
55381
55382
55383
55384
55386
55387
55388
55389
55390
55392
55393
55394
55396
55397
55398
55399
55400
55401
55402
55404
55405
55406
55407
55408
55409
55410
55411
55412
55413
55414
55415
55416
55417
55418
55419
55420
55421
55422
55423
55424
55426
55427
55429
55430
55431
55433
55434
55435
55436
55437
55438
55439
55440
55441
55442
55443
55444
55445
55446
55447
55448
55449
55450
55451
55452
55453
55454
55455
55456
55457
55458
55459
55461
55462
55463
55464
55465
55466
55468
55469
55470
55471
55472
55473
55474
55475
55476
55477
55478
55479
55481
55482
55486
55487
55488
55489
55490
55491
55492
55494
55495
55496
55497
55499
55500
55501
55502
55503
55504
55506
55507
55508
55509
55511
55515
55517
55520
55521
55523
55524
55525
55526
55527
55528
55530
55532
55533
55535
55536
55538
55539
55540
55542
55543
55545
55546
55547
55549
55552
55556
55562
55564
55566
55568
55570
55571
55573
55574
55575
55577
55578
55581
55586
55593
55594
55596
55598
55599
55600
55601
55602
55603
55604
55606
55607
55608
55609
55610
55611
55612
55613
55614
55616
55617
55620
55621
55623
55624
55625
55626
55627
55631
55632
55634
55635
55636
55637
55638
55639
55641
55643
55644
55645
55646
55648
55649
55651
55652
55653
55654
55655
55656
55659
55660
55661
55663
55665
55666
55667
55668
55671
55673
55674
55675
55676
55678
55680
55682
55684
55686
55689
55692
55693
55694
55695
55696
55698
55700
55703
55704
55706
55707
55709
55713
55716
55718
55719
55720
55721
55724
55725
55726
55729
55730
55731
55732
55734
55736
55737
55739
55740
55741
55742
55744
55745
55746
55747
55748
55749
55750
55751
55752
55753
55754
55757
55758
55759
55760
55761
55762
55764
55765
55766
55768
55769
55770
55771
55775
55777
55778
55779
55780
55781
55782
55783
55784
55785
55786
55787
55788
55789
55790
55791
55792
55793
55794
55795
55796
55797
55798
55800
55801
55802
55805
55808
55809
55810
55812
55813
55814
55816
55817
55818
55821
55822
55823
55828
55829
55830
55835
55838
55839
55845
55853
55858
55860
55861
55862
55863
55864
55865
55866
55867
55868
55869
55870
55871
55872
55873
55874
55875
55876
55877
55878
55880
55881
55882
55883
55884
55885
55886
55887
55888
55889
55890
55891
55892
55893
55894
55895
55896
55897
55898
55899
55900
55901
55902
55903
55904
55906
55907
55908
55909
55910
55911
55912
55913
55914
55915
55916
55917
55918
55919
55920
55921
55923
55924
55925
55926
55930
55931
55932
55933
55934
55939
55940
55941
55942
55943
55945
55947
55949
55951
55954
55955
55956
55957
55958
55959
55960
55961
55962
55963
55966
55967
55969
55971
55972
55973
55975
55976
55977
55978
55979
55980
55983
55984
55987
55988
55989
55992
55993
55995
55996
55997
55998
55999
56000
56001
56002
56003
56005
56006
56007
56008
56009
56010
56011
56013
56015
56016
56017
56019
56020
56022
56024
56025
56029
56030
56033
56034
56036
56037
56038
56040
56041
56043
56046
56049
56052
56053
56054
56056
56059
56060
56061
56066
56067
56073
56075
56076
56077
56078
56079
56080
56082
56083
56084
56086
56087
56088
56089
56090
56091
56092
56093
56094
56095
56096
56097
56098
56100
56101
56102
56103
56104
56105
56106
56107
56108
56109
56110
56111
56112
56113
56114
56115
56117
56118
56119
56120
56123
56126
56128
56129
56130
56131
56132
56133
56134
56135
56136
56137
56138
56139
56140
56141
56143
56144
56145
56146
56147
56148
56149
56150
56151
56152
56153
56154
56155
56156
56158
56159
56160
56161
56162
56163
56164
56165
56166
56167
56168
56169
56171
56172
56173
56174
56175
56176
56177
56178
56179
56180
56181
56182
56183
56185
56186
56188
56189
56190
56191
56192
56193
56194
56197
56198
56199
56200
56202
56203
56204
56205
56208
56210
56211
56213
56220
56221
56222
56223
56225
56227
56229
56230
56231
56232
56233
56236
56237
56238
56239
56240
56244
56249
56252
56254
56255
56257
56258
56259
56260
56262
56263
56265
56268
56278
56279
56280
56281
56282
56283
56284
56285
56286
56287
56288
56289
56290
56291
56292
56293
56294
56295
56296
56297
56298
56303
56307
56308
56309
56310
56311
56312
56313
56314
56315
56316
56318
56319
56321
56323
56324
56325
56327
56328
56330
56332
56333
56334
56335
56337
56338
56339
56340
56341
56342
56343
56345
56348
56350
56352
56354
56357
56360
56364
56367
56370
56372
56373
56374
56376
56377
56378
56385
56386
56389
56391
56392
56394
56395
56396
56397
56398
56399
56401
56402
56403
56404
56406
56408
56409
56411
56412
56414
56415
56416
56417
56419
56420
56421
56422
56424
56425
56426
56427
56428
56429
56430
56431
56432
56433
56434
56435
56436
56437
56438
56439
56440
56441
56442
56443
56444
56445
56446
56447
56448
56449
56450
56451
56452
56453
56457
56458
56459
56463
56465
56466
56470
56476
56480
56487
56488
56492
56496
56498
56500
56501
56502
56504
56506
56507
56508
56509
56510
56511
56513
56514
56515
56516
56517
56518
56519
56520
56521
56522
56523
56524
56526
56527
56528
56529
56531
56532
56533
56534
56535
56536
56538
56539
56541
56543
56544
56545
56546
56547
56549
56552
56553
56554
56555
56556
56557
56558
56559
56561
56562
56563
56564
56565
56566
56569
56571
56575
56576
56579
56580
56584
56586
56587
56589
56590
56592
56593
56594
56595
56596
56598
56599
56601
56603
56604
56605
56606
56607
56609
56611
56613
56617
56618
56620
56624
56625
56627
56628
56630
56631
56632
56633
56634
56635
56636
56637
56638
56640
56641
56643
56644
56647
56648
56651
56653
56654
56655
56656
56658
56660
56667
56672
56678
56682
56684
56685
56686
56689
56691
56692
56693
56694
56696
56697
56699
56700
56701
56702
56703
56704
56705
56707
56709
56710
56711
56712
56713
56714
56715
56716
56718
56719
56720
56721
56722
56723
56724
56725
56726
56727
56728
56729
56730
56731
56732
56733
56734
56735
56736
56737
56738
56741
56742
56743
56744
56745
56747
56748
56749
56751
56753
56754
56755
56756
56757
56758
56759
56760
56761
56762
56763
56764
56765
56767
56768
56769
56770
56771
56772
56773
56774
56775
56776
56778
56779
56782
56783
56786
56787
56788
56789
56790
56791
56792
56793
56794
56795
56797
56798
56799
56801
56802
56803
56804
56805
56811
56812
56815
56816
56817
56818
56819
56820
56821
56822
56823
56828
56829
56830
56832
56833
56834
56836
56839
56841
56842
56843
56844
56847
56850
56859
56862
56863
56868
56875
56878
56881
56883
56885
56886
56891
56895
56901
56902
56903
56904
56905
56906
56908
56909
56911
56912
56913
56915
56916
56918
56921
56923
56924
56925
56927
56928
56929
56930
56931
56932
56933
56934
56935
56936
56938
56939
56940
56941
56942
56943
56944
56945
56946
56948
56950
56952
56953
56956
56957
56960
56961
56962
56964
56968
56970
56971
56972
56974
56975
56977
56979
56981
56983
56986
56987
56988
56993
56995
56996
56998
57001
57002
57004
57005
57006
57007
57008
57009
57010
57011
57012
57014
57015
57017
57018
57019
57020
57021
57023
57024
57033
57037
57038
57039
57041
57042
57043
57044
57045
57046
57047
57048
57049
57051
57053
57054
57057
57058
57059
57062
57063
57064
57065
57067
57069
57070
57071
57072
57074
57078
57081
57085
57086
57089
57090
57092
57099
57101
57102
57104
57105
57110
57112
57113
57115
57116
57117
57120
57122
57124
57126
57131
57135
57137
57138
57139
57140
57141
57142
57144
57146
57147
57148
57149
57154
57156
57157
57161
57162
57163
57165
57183
57193
57194
57195
57196
57199
57200
57202
57206
57207
57209
57210
57212
57214
57217
57218
57223
57224
57226
57227
57228
57231
57235
57237
57238
57240
57241
57242
57251
57253
57257
57258
57261
57262
57263
57268
57270
57272
57275
57276
57283
57284
57285
57287
57288
57292
57295
57297
57298
57300
57301
57302
57310
57311
57313
57318
57320
57321
57322
57323
65012
65014
65018
65019
65020
65021
65022
65023
65024
65031
65032
65033
65035
65036
65037
65038
65039
65040
65041
65044
65046
65047
65048
65050
65051
65052
65055
65056
65058
65059
65061
65062
65064
65065
65066
65067
65069
65070
65075
65076
65079
65080
65082
65083
65085
65086
65088
65089
65091
65092
65093
65099
65100
65101
65103
65105
65106
65112
65115
65118
65120
65121
65124
65125
65127
65128
65129
65130
65131
65132
65133
65134
65135
65136
65137
65138
65139
65141
65142
65143
65144
65145
65150
65152
65153
65154
65155
65159
65160
65161
65162
65163
65164
65168
65169
65170
65174
65177
65178
65180
65181
65183
65184
65185
65186
65187
65188
65189
65190
65191
65192
65193
65196
65199
65200
65203
65204
65205
65207
65208
65209
65210
65211
65213
65214
65215
65218
65219
65220
65221
65223
65224
65225
65227
65228
65230
65231
65233
65234
65237
65244
65245
65247
65248
65250
65251
65252
65254
65256
65257
65258
65262
65264
65266
65267
65268
65270
65271
65272
65273
65274
65275
65276
65277
65278
65279
65280
65281
65282
65283
65285
65287
65288
65291
65293
65295
65296
65299
65300
65301
65303
65305
65311
65312
65314
65316
65322
65323
65324
65325
65326
65327
65328
65329
65330
65331
65332
65333
65336
65337
65340
65341
65342
65343
65344
65346
65347
65348
65349
65350
65351
65352
65355
65356
65357
65359
65360
65361
65362
65363
65364
65365
65366
65367
65369
65370
65373
65374
65376
65377
65379
65381
65382
65383
65384
65385
65387
65389
65390
65391
65392
65393
65395
65396
65397
65398
65400
65402
65403
65409
65410
65412
65414
65415
65416
65417
65418
65419
65420
65423
65424
65425
65426
65427
65428
65429
65430
65431
65432
65433
65434
65435
65437
65438
65439
65440
65441
65443
65444
65445
65446
65448
65449
65453
65454
65455
65456
65457
65459
65460
65461
65463
65464
65465
65467
65469
65470
65471
65476
65478
65479
65480
65481
65482
65483
65486
65489
65491
65492
65493
65494
65496
65500
65502
65503
65505
65509
65510
65514
65515
65516
65517
65518
65520
65522
65523
65524
65526
65527
65529
65530
65531
65534
65535
65536
65538
65539
65542
65543
65544
65545
65546
65548
65549
65550
65551
65552
65553
65554
65555
65556
65557
65558
65559
65560
65561
65562
65563
65564
65565
65566
65568
65569
65570
65571
65573
65574
65577
65578
65580
65582
65584
65586
65587
65588
65591
65593
65597
65599
65600
65602
65603
65604
65607
65610
65611
65612
65614
65615
65616
65618
65620
65621
65622
65623
65625
65627
65628
65630
65631
65632
65634
65635
65636
65637
65640
65641
65642
65643
65648
65649
65650
65651
65652
65653
65654
65655
65656
65657
65658
65660
65662
65663
65666
65667
65668
65669
65671
65672
65673
65674
65675
65679
65684
65686
65689
65690
65692
65694
65695
65698
65699
65701
65702
65705
65706
65707
65708
65709
65710
65711
65712
65719
65720
65721
65724
65726
65727
65729
65731
65733
65734
65735
65737
65738
65739
65740
65741
65742
65743
65744
65745
65748
65749
65750
65754
65755
65756
65757
65759
65761
65762
65763
65764
65766
65767
65768
65769
65771
65772
65773
65774
65775
65777
65778
65779
65780
65781
65782
65783
65784
65785
65786
65787
65789
65790
65791
65792
65793
65794
65795
65796
65797
65798
65799
65800
65801
65802
65803
65804
65807
65808
65809
65811
65812
65815
65817
65819
65820
65821
65822
65824
65825
65827
65828
65831
65832
65833
65838
65844
65846
65847
65848
65849
65851
65853
65854
65855
65857
65858
65859
65860
65862
65863
65865
65866
65870
65871
65875
65876
65881
65882
65883
65884
65887
65889
65890
65891
65892
65893
65896
65897
65898
65899
65900
65901
65902
65905
65907
65908
65909
65910
65912
65917
65918
65920
65921
65922
65924
65926
65927
65929
65930
65932
65934
65935
65936
65937
65938
65939
65940
65941
65942
65943
65944
65946
65947
65948
65949
65950
65951
65952
65953
65954
65956
65957
65958
65959
65960
65962
65963
65964
65967
65968
65969
65971
65972
65973
65976
65977
65978
65979
65980
65981
65982
65990
65991
65992
65993
65995
65996
65997
65998
65999
66000
66001
66002
66003
66004
66005
66006
66007
66008
66009
66010
66011
66014
66015
66016
66017
66019
66021
66023
66024
66025
66030
66031
66033
66034
66035
66037
66038
66039
66040
66041
66042
66043
66044
66045
66046
66047
66049
66051
66052
66053
66055
66056
66057
66059
66060
66061
66062
66064
66065
66067
66071
66075
66078
66079
66081
66083
66084
66085
66086
66087
66088
66090
66098
66101
66103
66105
66106
66107
66110
66112
66113
66115
66116
66117
66119
66120
66121
66122
66123
66124
66125
66126
66127
66128
66129
66130
66131
66132
66134
66136
66137
66138
66139
66140
66142
66144
66145
66146
66148
66149
66150
66151
66152
66153
66154
66155
66157
66158
66159
66160
66161
66162
66163
66166
66167
66168
66169
66170
66171
66173
66174
66176
66179
66182
66183
66188
66197
66199
66203
66206
66207
66208
66209
66210
66211
66215
66216
66217
66218
66219
66221
66222
66225
66227
66228
66230
66231
66232
66233
66236
66237
66238
66239
66241
66242
66249
66252
66253
66255
66266
66267
66271
66274
66279
66280
66282
66284
66285
66286
66288
66290
66292
66293
66295
66296
66297
66298
66299
66301
66303
66304
66307
66309
66310
66313
66314
66315
66318
66320
66325
66327
66328
66329
66335
66336
66337
66341
66342
66346
66347
66349
66354
66355
66357
66359
66361
66362
66363
66364
66365
66366
66367
66368
66371
66377
66381
66382
66383
66384
66387
66388
66389
66390
66391
66393
66394
66395
66396
66397
66398
66399
66400
66403
66404
66405
66407
66408
66409
66410
66412
66413
66414
66415
66416
66417
66419
66421
66422
66426
66431
66432
66434
66436
66444
66445
66449
66450
66452
66453
66454
66455
66456
66458
66459
66463
66465
66466
66468
66469
66470
66472
66476
66477
66478
66479
66480
66485
66487
66492
66494
66497
66498
66503
66504
66506
66507
66508
66520
66522
66523
66525
66529
66531
66533
66536
66537
66538
66539
66540
66541
66543
66544
66547
66548
66549
66551
66552
66555
66557
66558
66559
66560
66563
66564
66569
66570
66572
66573
66575
66578
66579
66581
66582
66583
66586
66587
66589
66591
66595
66600
66603
66604
66607
66608
66610
66611
66612
66614
66620
79253
79254
79255
79256
79257
79258
79259
79260
79261
79266
79267
79268
79270
79273
79274
79275
79276
79277
79278
79280
79281
79282
79283
79284
79286
79287
79288
79289
79290
79291
79292
79293
79294
79295
79296
79297
79298
79299
79300
79301
79303
79304
79305
79306
79307
79308
79309
79310
79311
79312
79313
79314
79315
79317
79318
79319
79321
79322
79323
79324
79325
79326
79327
79328
79331
79332
79335
79339
79340
79342
79344
79345
79346
79347
79348
79351
79353
79354
79359
79360
79361
79363
79364
79365
79368
79372
79373
79374
79376
79377
79378
79381
79382
79383
79386
79387
79389
79391
79392
79393
79397
79399
79400
79403
79405
79407
79408
79409
79411
79412
79413
79416
79417
79419
79420
79424
79427
79430
79432
79433
79436
79437
79439
79441
79443
79444
79445
79447
79448
79449
79453
79454
79455
79457
79458
79459
79460
79461
79462
79463
79464
79465
79466
79467
79468
79470
79472
79473
79474
79475
79476
79477
79478
79479
79480
79481
79484
79485
79487
79489
79490
79491
79493
79494
79495
79496
79497
79498
79499
79500
79501
79502
79503
79504
79505
79506
79507
79508
79509
79510
79512
79513
79514
79515
79516
79518
79519
79520
79522
79523
79524
79525
79526
79527
79528
79529
79530
79532
79533
79534
79535
79536
79537
79538
79539
79540
79541
79542
79543
79544
79545
79546
79547
79548
79550
79551
79553
79554
79555
79557
79559
79560
79564
79567
79568
79572
79573
79576
79578
79582
79583
79585
79586
79587
79589
79591
79592
79596
79598
79599
79600
79602
79604
79606
79607
79608
79609
79610
79611
79612
79613
79614
79616
79617
79618
79619
79620
79622
79623
79624
79625
79626
79627
79629
79630
79632
79633
79636
79637
79638
79639
79640
79641
79642
79643
79645
79646
79647
79648
79652
79654
79655
79656
79657
79658
79659
79660
79664
79666
79667
79668
79670
79671
79680
79681
79683
79685
79689
79694
79695
79696
79697
79698
79699
79700
79701
79702
79703
79704
79706
79707
79708
79709
79710
79712
79715
79716
79717
79718
79719
79720
79721
79723
79724
79725
79727
79728
79729
79730
79731
79732
79733
79734
79735
79736
79737
79738
79739
79740
79742
79743
79744
79745
79746
79748
79752
79753
79755
79756
79757
79758
79759
79760
79761
79763
79768
79770
79771
79775
79783
79788
79789
79790
79793
79795
79796
79797
79798
79799
79801
79802
79803
79805
79806
79808
79810
79817
79818
79819
79821
79822
79823
79825
79827
79830
79833
79836
79842
79844
79849
79850
79852
79853
79855
79856
79858
79860
79864
79868
79869
79874
79875
79877
79882
79886
79890
79891
79895
79897
79898
79899
79900
79902
79904
79905
79906
79908
79909
79911
79913
79914
79915
79916
79920
79922
79924
79928
79929
79930
79937
79938
79942
79960
79963
79966
79967
79968
79970
79972
79974
79976
79979
79981
79982
79983
79985
79987
79990
79991
79992
79993
79994
79998
80000
80001
80002
80006
80008
80009
80010
80013
80021
80024
80025
80026
80027
80029
80030
80036
80037
80038
80041
80042
80044
80045
80051
80054
80055
80061
80062
80063
80070
80073
80076
80078
80079
87066
87067
87069
87070
87071
87072
87075
87077
87081
87082
87083
87084
87086
87087
87088
87090
87092
87093
87094
87095
87096
87097
87098
87099
87103
87104
87108
87109
87110
87111
87112
87113
87115
87116
87118
87119
87121
87122
87123
87126
87127
87128
87131
87133
87134
87137
87138
87139
87140
87142
87144
87145
87146
87148
87149
87150
87151
87157
87158
87159
87162
87164
87165
87166
87167
87168
87169
87170
87171
87172
87173
87174
87175
87176
87177
87178
87179
87180
87181
87183
87184
87185
87186
87187
87193
87197
87198
87199
87204
87205
87206
87207
87208
87209
87210
87211
87212
87213
87214
87217
87218
87219
87220
87222
87223
87224
87225
87226
87227
87228
87230
87235
87237
87245
87248
87249
87252
87256
87257
87258
87260
87261
87262
87263
87265
87268
87269
87271
87272
87273
87274
87275
87277
87278
87279
87280
87282
87283
87284
87285
87286
87287
87288
87289
87290
87291
87292
87295
87296
87297
87299
87301
87302
87305
87306
87307
87308
87309
87310
87311
87314
87317
87318
87319
87320
87321
87323
87325
87326
87328
87329
87330
87331
87332
87334
87336
87337
87339
87340
87341
87342
87343
87344
87345
87346
87347
87349
87352
87353
87354
87356
87357
87362
87364
87365
87368
87369
87371
87372
87375
87377
87381
87386
87387
87388
87389
87390
87391
87392
87393
87394
87395
87396
87397
87398
87399
87400
87401
87402
87403
87404
87405
87406
87407
87410
87411
87412
87415
87416
87417
87418
87419
87420
87421
87423
87424
87427
87429
87430
87434
87435
87436
87437
87438
87441
87442
87445
87446
87447
87448
87449
87450
87451
87452
87453
87454
87455
87456
87457
87458
87459
87460
87461
87462
87463
87464
87465
87466
87467
87468
87470
87471
87473
87474
87475
87478
87481
87482
87483
87484
87485
87487
87488
87493
87494
87496
87497
87498
87500
87501
87502
87504
87505
87510
87511
87512
87513
87515
87516
87517
87518
87519
87520
87522
87525
87526
87530
87531
87532
87533
87535
87536
87537
87538
87539
87540
87541
87542
87545
87548
87549
87550
87551
87552
87554
87555
87556
87557
87558
87559
87560
87562
87564
87565
87566
87569
87571
87572
87573
87574
87575
87576
87577
87578
87579
87580
87582
87583
87585
87586
87587
87591
87592
87596
87601
87606
87607
87612
87613
87614
87616
87619
87620
87622
87623
87625
87626
87627
87628
87630
87631
87632
87633
87634
87635
87636
87637
87638
87642
87643
87649
87650
87651
87652
87653
87654
87659
87661
87662
87663
87664
87665
87666
87668
87669
87670
87673
87674
87675
87676
87677
87678
87679
87681
87682
87683
87684
87685
87686
87690
87691
87692
87693
87694
87698
87701
87703
87711
87713
87714
87715
87716
87717
87724
87725
87727
87731
87732
87735
87737
87738
87740
87742
87751
87753
87758
87759
87761
87767
87768
87770
87772
87774
87775
87776
87777
87778
87781
87782
87784
87785
87789
87790
87792
87793
87794
87797
87801
87803
87809
87812
87814
87821
87822
87823
87824
87825
87826
87827
87828
87829
87832
87836
87839
87840
87841
87842
87847
87848
87850
87851
87853
87855
87856
87859
87861
87863
87866
87868
87871
87873
87874
87875
87876
87877
87881
87884
87887
87889
87890
87891
87892
87894
87895
87902
87904
87905
87906
87910
87918
87920
87921
87922
87923
87924
87925
87926
87927
87931
87932
87939
87940
87942
87943
87946
87948
87950
87951
87952
87954
87955
87957
87959
87960
87961
87962
87963
87964
87965
87966
87968
87969
87971
87972
87973
87976
87977
87978
87980
87982
87985
87986
87987
87988
87989
87992
87997
87998
88004
88006
88007
88010
88011
88017
88020
88021
88023
88024
88025
88026
88027
88028
88030
88035
88037
88038
88039
88040
88042
88043
88044
88046
88048
88050
88053
88054
88056
88057
88058
88063
88064
88065
88067
88068
88069
88071
88072
88074
88078
88085
88086
88088
88090
88091
88093
88094
88095
88097
88098
88099
88100
88101
88102
88103
88104
88106
88107
88108
88110
88111
88112
88113
88114
88117
88118
88120
88123
88124
88125
88126
88127
88128
88129
88130
88131
88132
88133
88137
88138
88140
88141
88142
88143
88144
88146
88148
88149
88150
88152
88153
88155
88159
88160
88161
88162
88164
88165
88166
88169
88170
88173
88174
88175
88181
88185
88187
88190
88191
88194
88200
88201
88202
88204
88206
88207
88209
88210
88215
88216
88226
88230
88231
88232
88233
88235
88237
88238
88239
88247
88255
88259
88260
88261
88262
88263
88264
88265
88266
88267
88268
88269
88272
88273
88275
88276
88278
88279
88281
88282
88283
88284
88285
88291
88293
88295
88298
88299
88300
88301
88302
88303
88304
88305
88306
88307
88308
88309
88311
88313
88318
88319
88320
88322
88324
88325
88328
88330
88331
88332
88333
88334
88335
88337
88340
88346
88347
88348
88350
88352
88353
88359
88360
88361
88362
88363
88364
88365
88366
88367
88369
88370
88371
88373
88374
88375
88379
92812
92813
92814
92815
92816
92818
92819
92820
92821
92822
92823
92824
92826
92827
92828
92829
92830
92831
92833
92834
92836
92837
92839
92840
92843
92844
92846
92847
92848
92849
92853
92854
92855
92857
92858
92859
92860
92861
92863
92864
92865
92866
92867
92868
92869
92870
92871
92872
92873
92875
92879
92880
92881
92882
92883
92884
92885
92887
92888
92891
92892
92893
92895
92896
92898
92899
92901
92902
92903
92905
92907
92908
92909
92910
92911
92913
92914
92917
92918
92919
92920
92921
92922
92923
92925
92926
92927
92930
92931
92932
92933
92934
92935
92936
92937
92938
92939
92942
92944
92945
92948
92949
92950
92951
92952
92953
92954
92957
92958
92959
92960
92961
92962
92963
92965
92966
92967
92968
92969
92970
92971
92972
92975
92976
92977
92978
92980
92981
92982
92983
92984
92985
92986
92988
92990
92991
92993
92994
92995
92996
92997
92998
92999
93001
93004
93006
93008
93010
93011
93012
93013
93014
93016
93017
93018
93019
93020
93021
93022
93024
93025
93026
93029
93030
93031
93032
93033
93034
93035
93036
93037
93038
93039
93040
93041
93042
93043
93045
93046
93047
93048
93049
93050
93051
93052
93053
93054
93056
93057
93058
93059
93060
93061
93062
93063
93064
93065
93066
93067
93068
93069
93077
93081
93083
93084
93085
93086
93089
93090
93092
93093
93094
93095
93096
93097
93098
93099
93100
93101
93102
93105
93106
93107
93109
93112
93114
93115
93116
93117
93118
93119
93120
93121
93122
93123
93124
93126
93127
93128
93129
93131
93133
93134
93135
93138
93139
93140
93141
93142
93143
93145
93146
93147
93148
93149
93150
93155
93156
93157
93158
93159
93160
93161
93162
93163
93164
93165
93166
93167
93168
93169
93170
93171
93172
93174
93176
93179
93181
93182
93186
93187
93188
93189
93190
93191
93192
93193
93194
93198
93199
93202
93203
93204
93205
93207
93208
93209
93212
93214
93215
93216
93217
93222
93223
93225
93226
93227
93229
93230
93231
93232
93233
93234
93239
93240
93243
93244
93245
93247
93248
93250
93251
93252
93256
93257
93258
93259
93262
93265
93266
93269
93270
93271
93272
93274
93277
93279
93280
93281
93282
93283
93287
93291
93293
93294
93296
93299
93300
93301
93303
93305
93306
93310
93311
93313
93314
93315
93316
93317
93322
93323
93324
93325
93326
93328
93329
93334
93335
93337
93338
93339
93340
93341
93342
93346
93347
93348
93349
93350
93351
93352
93354
93355
93356
93357
93358
93359
93361
93362
93364
93365
93368
93370
93371
93372
93374
93375
93376
93377
93378
93379
93380
93382
93383
93384
93385
93387
93388
93391
93392
93394
93398
93399
93400
93401
93402
93403
93404
93407
93408
93409
93410
93411
93412
93414
93416
93418
93419
93420
93421
93423
93424
93425
93426
93427
93428
93430
93431
93432
93433
93434
93435
93437
93439
93440
93441
93442
93443
93444
93446
93447
93448
93449
93451
93452
93453
93455
93456
93457
93458
93459
93462
93463
93464
93465
93466
93468
93469
93470
93471
93472
93473
93474
93475
93477
93478
93479
93480
93481
93482
93483
93485
93486
93489
93491
93493
93494
93496
93497
93500
93502
93503
93505
93506
93507
93509
93511
93515
93517
93518
93520
93521
93522
93523
93529
93535
93539
93540
93545
93546
93550
93552
93556
93557
93558
93559
93561
93563
93566
93573
93574
93575
93577
93578
93579
93580
93581
93582
93583
93584
93585
93586
93587
93588
93589
93590
93591
93593
93594
93595
93596
93600
93601
93603
93604
93605
93609
93611
93612
93613
93614
93615
93616
93617
93618
93619
93620
93621
93622
93623
93624
93625
93626
93628
93631
93635
93636
93637
93638
93639
93645
93646
93647
93648
93649
93650
93651
93652
93653
93654
93655
93656
93657
93658
93659
93660
93661
93662
93663
93664
93665
93666
93667
93668
93669
93670
93671
93672
93675
93677
93679
93682
93684
93685
93686
93689
93690
93691
93692
93693
93695
93696
93697
93698
93699
93700
93703
93704
93705
93706
93708
93709
93710
93711
93713
93714
93717
93718
93719
93720
93721
93723
93724
93729
93731
93737
93739
93741
93742
93743
93744
93745
93747
93748
93750
93751
93752
93755
93757
93758
93759
93760
93761
93762
93764
93767
93777
93779
93780
93782
93783
93796
93797
93798
93800
93803
93804
93806
93810
93811
93812
93814
93817
93818
93820
93821
93822
93823
93824
93826
93828
93829
93830
93832
93835
93836
93837
93838
93840
93841
93844
93845
93846
93848
93849
93850
93851
93853
93854
93856
93858
93859
93860
93863
93866
93867
93870
93875
93876
93877
93881
93887
93888
93889
93899
93901
93904
93905
93907
93908
93910
93912
93914
93917
93919
93920
93925
93926
93927
93928
93929
93930
93931
93932
93936
93937
93941
93943
93945
93949
93953
93955
93958
93959
93960
93961
93962
93963
93964
93966
93967
93968
93969
93970
93972
93973
93976
93977
93979
93982
93984
93985
93986
93987
93989
93990
93991
93996
93998
94000
94001
94003
94014
94018
94020
94023
94025
94032
94035
94039
94040
94041
94043
94044
94045
94049
94051
94055
94057
94059
94060
94061
94062
94063
94065
94068
94072
94073
94080
94082
94085
94086
94087
94088
94089
94091
94092
94093
94094
94095
94096
94097
94099
94100
94101
94103
94104
94105
94106
94107
94108
94109
94110
94111
94112
94113
94114
94115
94117
94118
94119
94120
94121
94122
94123
94124
94126
94127
94129
94130
94131
94132
94133
94134
94135
94136
94139
94140
94142
94143
94145
94146
94147
94148
94149
94150
94152
94154
94155
94158
94160
94163
94165
94166
94167
94168
94169
94170
94174
94178
94179
94180
94181
94182
94183
94184
94186
94188
94189
94190
94191
94192
94193
94194
94196
94197
94198
94200
94201
94203
94204
94205
94206
94210
94215
94216
94219
94224
94225
94227
94234
94239
94241
94242
94243
94244
94245
94249
94250
94734
94768
94769
94771
94772
94774
94775
94778
94785
94788
94789
94790
94792
100871
100872
100873
100874
100875
100876
100877
100878
100879
100880
100882
100883
100884
100886
100887
100888
100889
100891
100892
100893
100894
100895
100896
100897
100900
100902
100903
100904
100905
100906
100908
100909
100910
100911
100912
100913
100914
100915
100916
100920
100921
100922
100923
100926
100927
100928
100929
100930
100931
100932
100933
100934
100935
100936
100938
100940
100941
100942
100943
100945
100947
100949
100950
100951
100952
100954
100955
100956
100957
100958
100959
100960
100961
100962
100963
100964
100965
100967
100971
100972
100973
100974
100979
100980
100981
100982
100985
100986
100987
100988
100989
100991
100997
100999
101000
101001
101002
101004
101006
101007
101009
101010
101011
101012
101013
101014
101015
101016
101018
101019
101020
101021
101022
101023
101024
101025
101026
101027
101028
101029
101032
101033
101034
101036
101044
101046
101049
101050
101052
101053
101054
101056
101060
101063
101064
101065
101069
101070
101071
101072
101073
101074
101076
101077
101078
101080
101081
101083
101084
101085
101088
101089
101090
101091
101092
101093
101095
101096
101097
101098
101099
101100
101101
101102
101103
101104
101105
101108
101109
101111
101114
101115
101116
101118
101119
101122
101123
101124
101125
101126
101127
101128
101129
101130
101131
101132
101134
101137
101138
101140
101141
101143
101144
101145
101146
101147
101148
101149
101150
101151
101152
101153
101154
101156
101157
101158
101159
101160
101161
101163
101164
101167
101169
101170
101171
101172
101173
101176
101177
101178
101179
101181
101182
101183
101185
101191
101192
101193
101196
101197
101198
101199
101200
101201
101202
101203
101204
101205
101206
101207
101208
101209
101210
101211
101213
101216
101217
101219
101220
101221
101222
101223
101225
101226
101228
101229
101230
101231
101232
101233
101235
101236
101237
101238
101239
101242
101243
101247
101248
101254
101256
101257
101258
101259
101263
101266
101267
101268
101271
101272
101274
101277
101278
101281
101282
101284
101285
101286
101287
101288
101289
101292
101293
101295
101296
101298
101300
101302
101303
101304
101305
101306
101307
101309
101310
101311
101312
101313
101314
101316
101318
101320
101321
101322
101324
101327
101328
101332
101335
101336
101337
101338
101340
101343
101346
101348
101350
101351
101352
101355
101361
101375
101383
101384
101387
101390
101394
101401
101404
101405
101414
101419
101420
101422
101423
101425
101428
101429
101430
101431
101432
101433
101438
101441
101444
101448
101450
101454
101456
101458
101459
101461
101468
101469
101470
101472
101477
101482
101483
101485
101486
101487
101488
101489
101492
101493
101496
101497
101502
101503
101504
101505
101506
101507
101508
101510
101511
101512
101513
101514
101519
101520
101525
101526
101527
101529
101531
101532
101533
101537
101541
101546
101548
101552
101556
101559
101560
101562
101564
101565
101567
101568
101569
101571
101574
101576
101578
101580
101584
101586
101590
101597
101598
101599
101600
101601
101604
101605
101608
101616
101617
101621
101625
101627
101630
101631
101633
101636
101637
101639
101641
101642
101644
101645
101646
101647
101648
101649
101650
101653
101656
101664
101665
101667
101668
101669
101680
101684
101685
101689
101691
101692
101693
101694
101695
101696
101697
101698
101700
101701
101703
101706
101707
101712
101718
101720
101722
101723
101724
101725
101726
101729
101732
101733
101734
101739
101740
101745
101746
101747
101748
101749
101750
101753
101754
101755
101756
101757
101758
101759
101760
101761
101762
101764
101765
101766
101770
101772
101774
101775
101777
101778
101779
101780
101781
101783
101784
102291
102808
102809
102810
102812
102813
102815
102817
102850
102851
102852
102853
102854
102855
102857
102858
102859
102860
102861
102863
102864
102865
102866
102885
102888
102890
102907
102908
102909
102910
102911
102912
102913
102914
102915
102916
102917
102918
102924
102926
102941
102944
102945
102946
102947
102976
102980
103072
103073
103075
103076
103077
103078
103079
103080
103081
103082
103083
103084
103089
103099
103131
103138
103139
103140
103141
103142
103143
103144
103145
103146
103147
103148
103149
103150
103151
103152
103153
103154
103182
103183
103184
103185
103187
103188
103200
103204
103205
103207
103208
103211
103217
103236
103237
103238
103239
103240
103241
103242
103256
103314
103319
103321
103322
103323
103325
103326
103327
103328
103329
103330
103331
103332
103336
103337
103338
103340
103341
103342
103343
103344
103346
103347
103348
103349
103350
103351
103352
103353
103354
103355
103356
103359
103360
103361
103362
103364
103365
103366
103367
103369
103370
103371
103372
103373
103374
103376
103377
103378
103379
103380
103382
103384
103385
103388
103390
103391
103393
103394
103395
103396
103397
103398
103400
103402
103403
103404
103406
103407
108786
108787
108788
108793
108794
108795
108796
108797
108798
108800
108801
108802
108805
108807
108808
108809
108810
108811
108814
108818
108819
108820
108821
108824
108828
108829
108831
108832
108835
108836
108837
108838
108839
108840
108842
108844
108846
108847
108848
108849
108850
108851
108852
108853
108854
108855
108856
108858
108859
108860
108861
108862
108864
108866
108867
108868
108869
108870
108871
108872
108873
108874
108875
108876
108877
108879
108881
108883
108884
108885
108886
108887
108888
108889
108890
108891
108892
108894
108897
108898
108900
108902
108908
108909
108910
108912
108913
108914
108915
108917
108918
108919
108920
108921
108922
108923
108926
108927
108929
108930
108933
108934
108935
108936
108937
108938
108939
108940
108942
108943
108944
108945
108947
108948
108949
108950
108951
108953
108954
108955
108956
108957
108963
108967
108968
108969
108970
108971
108972
108973
108974
108976
108979
108981
108982
108983
108984
108985
108988
108990
108991
108998
109000
109001
109002
109003
109005
109006
109007
109008
109009
109010
109012
109013
109014
109015
109016
109017
109018
109019
109022
109025
109027
109028
109031
109032
109033
109036
109037
109038
109039
109040
109042
109043
109044
109045
109047
109048
109049
109050
109051
109052
109053
109054
109055
109056
109057
109058
109059
109060
109061
109062
109063
109064
109065
109066
109067
109068
109069
109070
109071
109072
109073
109074
109075
109078
109079
109080
109081
109082
109083
109084
109085
109086
109088
109090
109091
109092
109093
109094
109095
109096
109098
109099
109100
109101
109102
109103
109104
109105
109106
109109
109111
109116
109118
109119
109120
109121
109122
109123
109124
109125
109127
109128
109129
109130
109131
109132
109134
109135
109138
109140
109143
109144
109145
109146
109147
109148
109153
109154
109155
109156
109157
109158
109160
109161
109163
109164
109165
109166
109167
109168
109171
109174
109175
109176
109178
109182
109183
109184
109186
109187
109188
109190
109193
109196
109197
109198
109199
109204
109205
109206
109207
109209
109210
109211
109212
109213
109214
109215
109217
109221
109223
109224
109225
109226
109229
109232
109233
109234
109235
109236
109242
109243
109244
109245
109246
109248
109249
109250
109251
109252
109253
109254
109255
109256
109257
109258
109259
109260
109263
109268
109269
109270
109271
109272
109273
109274
109278
109282
109283
109286
109288
109289
109290
109291
109296
109297
109298
109300
109302
109303
109304
109305
109306
109307
109309
109310
109311
109312
109313
109318
109319
109321
109324
109328
109329
109333
109335
109338
109341
109342
109343
109344
109345
109346
109347
109348
109349
109350
109351
109352
109353
109354
109355
109356
109357
109358
109359
109360
109362
109367
109368
109370
109371
109372
109373
109374
109377
109378
109383
109384
109385
109386
109387
109390
109394
109396
109397
109398
109400
109401
109402
109404
109407
109408
109409
109413
109415
109416
109417
109419
109422
109423
109424
109427
109431
109435
109436
109437
109438
109439
109442
109443
109450
109453
109455
109456
109458
109460
109462
109463
109466
109470
109471
109473
109474
109476
109479
109480
109482
109483
109485
109486
109487
109493
109494
109495
109498
109499
109501
109502
109503
109511
109513
109515
109516
109517
109521
109522
109523
109524
109525
109526
109527
109528
109531
109532
109533
109534
109537
109539
109541
109545
109546
109550
109551
109554
109555
109557
109558
109559
109562
109563
109564
109565
109566
109567
109568
109569
109570
109573
109574
109576
109577
109578
109579
109583
109585
109586
109587
109588
109589
109590
109591
109592
109593
109594
109598
109601
109603
109604
109605
109606
109608
109609
109610
109612
109614
109615
109623
109627
109629
109630
109633
109634
109635
109636
109637
109641
109643
109645
109647
109650
109651
109652
109657
109658
109659
109661
109662
109664
109665
109666
109667
109668
109669
109670
109674
109676
109678
109679
109680
109681
109682
109684
109685
109686
109687
109688
109690
109693
109697
109698
109700
109704
109709
109710
109715
109716
109717
109720
109721
109722
109727
109728
109731
109733
109734
109735
109737
109741
109742
109746
109747
109750
109751
109752
109753
109756
109757
109759
109769
109771
109772
109778
109784
109786
109797
109799
109800
109803
109806
109810
109812
109814
109816
109818
109819
109820
109821
109823
109824
109825
109826
109827
109828
109829
109831
109832
109833
109835
109836
109837
109839
109840
109842
109844
109845
109846
109847
109848
109849
109850
109852
109853
109854
109856
109857
109859
109860
109861
109863
109864
109866
109867
109868
109869
109870
109873
109874
109876
109877
109878
109879
109882
109884
109885
109886
109887
109888
109889
109890
109892
109894
109895
109896
109898
109899
109900
109901
109902
109903
109910
109913
109914
109915
109916
109917
109918
109919
109920
109921
109922
109923
109925
109926
109927
109928
109929
109930
109931
109933
109935
109936
109937
109938
109940
109941
109944
110466
110467
116239
116240
116241
116249
116250
116251
116252
116254
116255
116256
116257
116259
116262
116263
116264
116265
116268
116269
116270
116271
116272
116273
116274
116275
116276
116278
116279
116280
116281
116282
116283
116284
116285
116286
116287
116288
116289
116290
116293
116294
116295
116297
116299
116300
116302
116303
116304
116305
116306
116307
116308
116311
116312
116313
116314
116315
116317
116318
116319
116320
116321
116322
116323
116324
116325
116326
116327
116328
116329
116330
116331
116332
116333
116334
116337
116338
116339
116340
116341
116342
116343
116344
116345
116347
116348
116349
116350
116352
116353
116354
116355
116356
116359
116360
116361
116362
116363
116364
116366
116367
116368
116369
116370
116371
116372
116373
116374
116375
116376
116377
116379
116380
116381
116382
116383
116384
116385
116386
116387
116388
116389
116390
116391
116393
116394
116395
116397
116398
116399
116400
116401
116403
116404
116406
116407
116408
116409
116410
116411
116413
116414
116415
116416
116417
116418
116419
116420
116422
116423
116425
116427
116431
116436
116437
116438
116439
116440
116441
116442
116443
116444
116445
116446
116447
116448
116449
116450
116451
116452
116455
116456
116457
116458
116459
116460
116461
116462
116463
116464
116465
116466
116467
116470
116471
116472
116473
116475
116476
116477
116478
116480
116481
116483
116485
116488
116489
116490
116498
116500
116502
116503
116504
116505
116508
116510
116513
116514
116515
116517
116519
116520
116521
116522
116523
116524
116525
116526
116527
116528
116529
116530
116531
116534
116535
116536
116537
116539
116540
116541
116542
116543
116544
116545
116546
116547
116548
116549
116550
116552
116553
116554
116555
116556
116557
116558
116559
116560
116561
116563
116565
116566
116568
116569
116570
116571
116572
116573
116574
116575
116576
116577
116579
116580
116582
116584
116585
116586
116587
116588
116589
116590
116591
116592
116593
116594
116595
116596
116597
116598
116599
116600
116601
116605
116606
116607
116608
116609
116610
116614
116615
116616
116617
116618
116619
116620
116621
116622
116624
116626
116627
116628
116629
116632
116633
116635
116636
116637
116638
116639
116640
116641
116642
116643
116644
116645
116646
116648
116649
116650
116651
116652
116653
116654
116655
116656
116657
116659
116660
116661
116662
116663
116664
116665
116666
116669
116670
116672
116673
116676
116677
116678
116679
116680
116681
116682
116685
116686
116687
116688
116689
116691
116692
116693
116694
116695
116696
116697
116699
116702
116703
116704
116705
116708
116709
116710
116711
116712
116713
116714
116715
116716
116717
116718
116719
116720
116721
116724
116726
116728
116729
116730
116731
116732
116733
116734
116735
116737
116738
116739
116741
116742
116743
116744
116745
116747
116748
116749
116750
116751
116752
116753
116754
116755
116756
116758
116759
116760
116761
116762
116765
116766
116767
116768
116769
116771
116772
116773
116774
116775
116776
116777
116779
116780
116781
116782
116784
116785
116788
116789
116790
116791
116792
116793
116796
116797
116798
116799
116800
116803
116804
116805
116806
116807
116808
116810
116811
116812
116813
116815
116818
116819
116820
116821
116822
116824
116825
116827
116828
116829
116830
116831
116832
116833
116834
116835
116837
116838
116839
116840
116842
116843
116844
116847
116852
116854
116856
116858
116859
116862
116865
116866
116870
116871
116874
116877
116878
116881
116882
116885
116886
116887
116888
116890
116891
116892
116894
116896
116897
116898
116899
116901
116904
116905
116906
116907
116908
116909
116910
116911
116912
116913
116915
116916
116917
116918
116919
116921
116922
116924
116926
116928
116929
116930
116931
116932
116933
116934
116936
116937
116938
116939
116940
116941
116942
116943
116944
116946
116947
116948
116949
116950
116951
116952
116953
116955
116956
116957
116958
116959
116960
116961
116962
116964
116968
116969
116970
116971
116972
116973
116974
116975
116976
116978
116979
116980
116981
116982
116983
116984
116986
116987
116988
116989
116990
116992
116993
116994
116997
116998
116999
117000
117001
117002
117003
117004
117005
117006
117008
117009
117010
117011
117012
117013
117014
117015
117016
117018
117019
117021
117023
117024
117025
117026
117027
117028
117029
117030
117037
117038
117039
117040
117041
117042
117043
117045
117046
117047
117048
117049
117050
117051
117052
117053
117054
117058
117059
117060
117062
117063
117065
117066
117067
117068
117069
117071
117072
117073
117074
117075
117076
117077
117078
117079
117081
117082
117084
117085
117086
117087
117088
117089
117090
117091
117095
117096
117097
117098
117099
117100
117101
117102
117103
117104
117105
117106
117108
117115
117116
117118
117124
117125
117126
117127
117128
117130
117135
117136
117137
117138
117139
117140
117142
117144
117145
117146
117148
117149
117152
117153
117154
117155
117156
117161
117162
117163
117164
117168
117169
117171
117175
117177
117178
117179
117180
117181
117182
117187
117188
117191
117192
117195
117199
117200
117203
117204
117206
117207
117208
117209
117210
117211
117212
117213
117214
117221
117232
117233
117235
117238
117239
117240
117241
117242
117243
117244
117246
117247
117248
117249
117250
117251
117255
117257
117258
117259
117260
117261
117262
117263
117265
117266
117267
117268
117269
117270
117271
117273
117274
117275
117276
117278
117279
117280
117282
117285
117286
117287
117288
117290
117292
117293
117294
117295
117296
117298
117299
117301
117302
117303
117304
117305
117306
117307
117309
117310
117311
117312
117313
117314
117316
117317
117318
117319
117320
117322
117325
117326
117332
117334
117335
117336
117339
117340
117343
117344
117345
117346
117347
117351
117352
117353
117354
117356
117357
117358
117359
117360
117361
117363
117364
117365
117366
117367
117368
117369
117370
117371
117372
117373
117377
117378
117379
117380
117381
117382
117383
117384
117387
117390
117391
117392
117393
117394
117395
117396
117400
117402
117403
117408
117410
117411
117412
117413
117414
117415
117416
117417
117420
117422
117424
117425
117426
117427
117428
117429
117430
117433
117434
117435
117436
117438
117440
117441
117443
117444
117461
117463
117464
117465
117466
117467
117468
117469
117470
117474
117477
117478
117479
117480
117481
117482
117483
117504
117505
117506
117509
117510
117511
117512
117515
117516
117517
117518
117519
117520
117521
117522
117523
117553
117554
117555
117556
117557
117558
117559
117560
117562
117563
117565
117566
117567
117568
117569
117570
117571
117572
117574
117575
117577
117578
117579
117583
117584
117585
117586
117588
117589
117590
117592
117593
117594
117595
117597
117598
117599
117600
117607
117609
117612
117613
117615
117619
117621
117622
117623
117624
117625
117628
117629
117631
117634
117636
117637
117638
117641
117642
117644
117646
117647
117649
117651
117653
117654
117655
117656
117657
117658
117659
117660
117662
117663
117666
117668
117734
117735
117737
117739
117743
117744
117745
117746
117747
117748
117750
117751
117752
117753
117754
117755
117756
117757
117761
117763
117764
117765
117766
117768
117771
117772
117774
117776
117777
117778
117779
117780
117781
117782
117784
117785
117786
117787
117788
117790
117791
117792
117795
117800
117803
117805
117806
117810
117811
117814
117815
117816
117817
117822
117824
117825
117830
117831
117832
117833
117834
117838
117839
117841
117842
117844
117845
117846
117847
117850
117853
117854
117860
117861
117864
117865
117866
117867
117869
117870
117877
117881
117883
117884
117889
117892
117894
117895
117897
117904
117907
117913
117914
117917
117918
117919
117920
117921
117927
117928
117929
117930
117933
117934
117935
117936
117937
117938
117940
117941
117944
117945
117946
117947
117948
117951
117953
117954
117955
117957
117958
117960
117963
117966
117967
117973
117974
117975
117976
117977
117978
117980
117981
117983
117986
117988
117989
117990
117991
117992
117993
117995
117996
117998
117999
118001
118002
118003
118004
118005
118006
118007
118009
118010
118011
118012
118014
118015
118016
118017
118018
118019
118021
118023
118024
118025
118026
118028
118029
118030
118032
118033
118035
118036
118037
118038
118039
118044
118045
118047
118048
118049
118050
118051
118052
118053
118055
118056
118058
118059
118063
118064
118065
118067
118068
118069
118071
118072
118073
118074
118076
118079
118080
118081
118082
118084
118086
118087
118088
118089
118091
118092
118093
118095
118096
118097
118100
118101
118102
118105
118109
118110
118112
118114
118115
118116
118117
118118
118119
118120
118121
118127
118128
118132
118133
118137
118138
118139
118140
118143
118144
118145
118148
118149
118150
118151
118152
118154
118155
118157
118158
118159
118160
118163
118164
118165
118171
118174
118176
118177
118178
118181
118183
118190
118737
118739
118740
118741
118742
118743
118744
118746
118747
118748
118749
118750
118751
118754
118755
118756
118757
118758
118761
118798
118799
118801
118802
118803
118804
118805
118806
118807
118808
118809
118810
118811
118815
118816
118818
118819
118820
118822
118823
118824
118825
118826
118827
118828
118829
118830
118831
118832
118834
118835
118836
118837
118838
118839
118840
118842
118843
118844
118846
118847
118852
118853
118855
118856
118858
118860
118865
118866
118869
118870
118872
118873
118991
118993
118995
124356
124358
124359
124362
124363
124364
124365
124366
124376
124377
124378
124379
124380
124388
124390
124393
124395
124397
124399
124400
124401
124402
124403
124405
124406
124407
124408
124411
124412
124413
124414
124415
124417
124418
124421
124422
124425
124430
124431
124432
124433
124434
124435
124436
124439
124441
124442
124443
124445
124446
124448
124449
124450
124452
124453
124457
124459
124460
124461
124464
124466
124467
124469
124470
124473
124475
124476
124477
124480
124482
124483
124484
124485
124486
124487
124491
124493
124494
124507
124508
124510
124511
124512
124516
124518
124519
124520
124521
124522
124523
124524
124525
124526
124527
124528
124530
124531
124532
124533
124535
124536
124538
124539
124540
124542
124543
124545
124546
124547
124548
124549
124550
124551
124552
124553
124554
124555
124556
124557
124558
124561
124562
124563
124564
124565
124566
124567
124568
124571
124575
124579
124580
124582
124583
124584
124585
124588
124591
124592
124593
124594
124595
124598
124599
124602
124606
124610
124611
124612
124613
124614
124618
124619
124620
124621
124622
124625
124626
124627
124631
124632
124636
124637
124640
124644
124647
124648
124649
124650
124651
124653
124654
124655
124656
124657
124658
124659
124660
124663
124664
124665
124666
124667
124670
124672
124674
124676
124678
124680
124682
124683
124684
124685
124686
124687
124688
124689
124690
124691
124692
124693
124694
124695
124696
124697
124698
124699
124700
124701
124704
124705
124706
124708
124709
124711
124712
124713
124714
124715
124716
124717
124719
124721
124722
124724
124725
124726
124728
124730
124731
124732
124733
124734
124735
124737
124738
124739
124740
124741
124742
124743
124744
124745
124746
124747
124749
124750
124751
124752
124755
124757
124758
124760
124761
124762
124764
124769
124770
124771
124773
124775
124780
124782
124783
124785
124788
124789
124790
124791
124792
124793
124795
124796
124797
124798
124799
124801
124806
124807
124808
124810
124811
124812
124813
124814
124815
124816
124817
124818
124819
124820
124822
124824
124825
124826
124827
124828
124829
124831
124833
124834
124835
124836
124837
124838
124840
124841
124843
124844
124845
124846
124847
124848
124849
124850
124851
124853
124854
124855
124857
124859
124860
124861
124864
124865
124866
124867
124873
124874
124876
124877
124878
124879
124880
124881
124883
124884
124885
124887
124888
124889
124890
124891
124893
124896
124898
124899
124900
124901
124905
124909
124910
124911
124912
124917
124918
124919
124922
124923
124924
124926
124927
124929
124930
124931
124932
124933
124934
124935
124936
124937
124941
124942
124943
124944
124945
124946
124947
124948
124951
124953
124955
124957
124958
124959
124964
124966
124967
124970
124971
124972
124978
124982
124983
124984
124986
124987
124989
124992
124993
124996
124997
124999
125002
125003
125007
125010
125011
125012
125013
125014
125018
125019
125020
125021
125023
125024
125026
125030
125031
125032
125036
125037
125038
125040
125044
125045
125048
125049
125051
125052
125053
125055
125058
125059
125060
125063
125064
125066
125067
125068
125073
125077
125078
125079
125080
125083
125088
125089
125090
125091
125093
125095
125096
125097
125098
125101
125104
125153
125154
125157
125158
125159
125160
125162
125163
125164
125165
125167
125168
125169
125170
125171
125172
125173
125174
125176
125177
125178
125180
125181
125184
125185
125186
125187
125188
125189
125190
125191
125194
125196
125197
125198
125199
125200
125202
125203
125204
125207
125208
125209
125210
125211
125212
125213
125214
125215
125222
125223
125224
125225
125226
125227
125228
125229
125230
125231
125233
125235
125236
125237
125238
125239
125241
125242
125245
125246
125247
125256
125258
125262
125264
125265
125270
125271
125272
125275
125279
125280
125281
125283
125285
125286
125287
125288
125289
125290
125292
125294
125295
125296
125297
125298
125299
125300
125301
125302
125303
125306
125308
125309
125320
125322
125326
125327
125330
125332
125333
125334
125335
125336
125337
125339
125341
125343
125344
125346
125347
125348
125349
125350
125351
125352
125353
125354
125355
125357
125359
125360
125365
125367
125368
125369
125370
125372
125373
125374
125375
125376
125377
125380
125383
125384
125385
125387
125388
125389
125390
125391
125392
125393
125394
125395
125397
125398
125400
125403
125407
125408
125409
125410
125411
125412
125415
125417
125420
125421
125422
125427
125430
125431
125432
125434
125435
125436
125438
125439
125441
125442
125443
125444
125446
125448
125450
125451
125453
125456
125459
125460
125462
125463
125464
125465
125466
125470
125471
125473
125478
125481
125485
125486
125488
125542
125543
125544
125546
125547
125548
125549
125550
125551
125552
125555
125558
125559
125560
125561
125562
125564
125567
125568
125569
125570
125571
125572
125574
125575
125576
125578
125579
125580
125583
125584
125585
125586
125587
125588
125591
125592
125593
125595
125596
125597
125598
125599
125600
125601
125602
125607
125610
125611
125612
125613
125614
125615
125616
125618
125621
125623
125626
125627
125628
125629
125630
125633
125634
125636
125639
125640
125643
125648
125649
125650
125653
125657
125659
125663
125668
125669
125674
125675
125680
125681
125682
125684
125685
125686
125689
125690
125692
125693
125697
125699
125705
125706
125707
125708
125709
125710
125711
125712
125717
125720
125721
125722
125725
125726
125729
125735
125742
125743
125744
125745
125746
125748
125749
125750
125751
125752
125758
125759
125761
125768
125769
125770
125772
125774
125776
125778
125780
125782
125783
125784
125786
125787
125789
125790
125792
125794
125795
125798
125799
125801
125802
125804
125806
125807
125809
125810
125811
125812
125813
125814
125815
125819
125820
125821
125822
125823
125825
125828
125829
125830
125831
125834
125835
125837
125838
125841
125842
125844
125845
125848
125849
125854
125862
125863
125867
125868
125869
125870
125871
125872
125873
125874
125875
125877
125878
125879
125880
125881
125882
125883
125884
125885
125886
125887
125889
125890
125892
125894
125895
125896
125897
125898
125899
125900
125902
125903
125905
125906
125907
125908
125909
125910
125911
125912
125914
125915
125917
125948
125949
126537
126657
126658
126660
126662
126663
126666
126667
126668
126669
126670
126671
126672
126673
126675
126677
126678
126679
126680
126681
126683
126684
126686
126687
126688
126691
126692
126694
126695
126696
126697
126698
