1
2
3
10
29
30
69
70
71
90
122
123
124
153
154
155
156
157
158
159
160
161
162
163
196
197
198
199
200
208
210
212
213
214
215
216
225
226
227
228
229
230
265
267
268
269
270
283
284
285
286
287
288
310
311
312
318
319
320
323
324
325
326
338
339
340
341
342
355
356
357
358
359
360
361
366
367
369
384
411
412
413
414
415
424
448
449
487
499
500
501
502
503
504
505
506
507
508
556
557
558
559
560
561
562
563
564
577
578
579
606
607
608
609
610
611
612
613
614
615
616
617
688
691
692
693
694
695
696
697
707
714
715
716
717
755
771
772
773
778
779
780
785
787
788
789
790
791
792
793
794
795
796
834
835
836
837
838
839
840
841
842
843
862
898
936
937
938
939
962
1058
1059
1060
1061
1080
1089
1090
1168
1169
1172
1178
1205
1206
1211
1212
1233
1245
1246
1262
1263
1280
1281
1282
1283
1284
1308
1313
1315
1316
1373
1374
1375
1376
1388
1389
1390
1391
1392
1393
1394
1395
1403
1404
1405
1406
1407
1408
1417
1418
1446
1447
1448
1449
1450
1451
1461
1462
1463
1464
1467
1468
1508
1509
1510
1511
1558
1559
1561
1565
1566
1567
1568
1569
1570
1571
1572
1573
1608
1609
1610
1611
1612
1613
1614
1618
1619
1620
1621
1661
1662
1663
1664
1665
1666
1667
1668
1669
1670
1671
1672
1673
1674
1692
1693
1700
1701
1702
1703
1704
1705
1709
1710
1715
1716
1721
1722
1723
1724
1747
1756
1757
1758
1759
1760
1761
1763
1764
1766
1776
1810
1811
1812
1813
1937
1942
1944
1945
1950
1955
1956
1957
1958
1979
1980
1981
1992
1993
1994
1995
1996
1997
1998
1999
2000
2001
2036
2037
2038
2039
2040
2061
2062
2063
2064
2065
2075
2076
2079
2080
2081
2082
2083
2084
2088
2089
2090
2091
2092
2093
2094
2098
2099
2100
2101
2106
2107
2108
2109
2110
2132
2133
2134
2135
2136
2148
2149
2150
2151
2152
2153
2154
2158
2159
2160
2179
2180
2181
2186
2187
2189
2190
2191
2219
2226
2249
2250
2251
2252
2253
2254
2279
2289
2290
2296
2306
2317
2321
2322
2335
2336
2337
2338
2339
2340
2341
2342
2343
2344
2364
2365
2366
2367
2368
2381
2382
2383
2384
2385
2386
2387
2409
2410
2411
2412
2414
2415
2416
2417
2418
2419
2420
2421
2431
2437
2438
2439
2440
2458
2459
2460
2486
2487
2488
2489
2490
2491
2492
2493
2494
2495
2496
2508
2510
2513
2514
2515
2530
2531
2532
2533
2545
2546
2547
2548
2551
2552
2559
2560
2561
2562
2563
2564
2565
2566
2589
2590
2591
2598
2600
2601
2602
2603
2604
2605
2606
2644
2645
2646
2647
2648
2649
2650
2651
2652
2653
2654
2655
2656
2755
2758
2812
2813
2826
2827
2828
2829
2839
2840
2841
2842
2866
2867
2868
2878
2879
2880
2885
2888
2889
2894
2897
2898
2899
2900
2901
2906
2930
2931
2932
2933
3024
3025
3026
3027
3028
3029
3030
3031
3032
3033
3034
3049
3050
3051
3052
3062
3065
3066
3067
3068
3069
3070
3071
3072
3086
3100
3110
3123
3124
3125
3126
3128
3129
3130
3157
3158
3159
3163
3190
3191
3219
3220
3221
3222
3223
3224
3232
3276
3277
3278
3279
3288
3291
3292
3345
3352
3353
3354
3356
3357
3358
3359
3360
3416
3417
3418
3419
3423
3424
3425
3436
3437
3438
3439
3440
3462
3463
3464
3473
3474
3475
3476
3477
3488
3490
3491
3492
3493
3495
3496
3497
3498
3514
3515
3562
3563
3564
3565
3566
3567
3568
3569
3593
3594
3595
3604
3605
3606
3607
3608
3620
3621
3622
3623
3624
3637
3638
3667
3668
3697
3698
3699
3700
3702
3703
3704
3705
3706
3707
3709
3710
3711
3719
3720
3721
3735
3736
3737
3738
3739
3753
3761
3762
3763
3764
3765
3767
3768
3769
3770
3771
3772
3779
3780
3781
3782
3783
3793
3794
3795
3804
3817
3837
3838
3839
3840
3841
3842
3843
3868
3869
3870
3871
3875
3876
3877
3902
3903
3904
3905
3906
3923
3924
3925
3926
3937
3942
3943
3944
3945
3965
3966
3967
3968
3971
3972
3973
3975
3997
3998
3999
4000
4001
4002
4003
4004
4018
4019
4020
4021
4022
4023
4024
4025
4026
4027
4028
4029
4030
4031
4041
4044
4045
4046
4047
4048
4049
4056
4062
4063
4099
4100
4101
4102
4103
4104
4105
4106
4107
4126
4127
4128
4129
4130
4131
4132
4133
4134
4135
4136
4137
4138
4139
4140
4141
4142
4143
4144
4145
4183
4184
4185
4186
4187
4188
4189
4190
4191
4192
4205
4214
4229
4230
4231
4232
4233
4234
4235
4236
4237
4238
4239
4250
4264
4265
4266
4267
4274
4275
4276
4277
4280
4281
4282
4311
4312
4313
4314
4315
4316
4317
4318
4339
4340
4341
4342
4343
4344
4368
4369
4370
4371
4372
4373
4374
4414
4415
4466
4467
4487
4488
4489
4490
4491
4506
4519
4520
4521
4522
4541
4542
4554
4560
4561
4562
4607
4608
4609
4610
4611
4612
4613
4614
4615
4616
4617
4618
4645
4647
4648
4649
4650
4651
4652
4653
4654
4655
4656
4657
4676
4677
4678
4679
4680
4681
4682
4707
4708
4709
4710
4711
4712
4713
4717
4720
4746
4762
4764
4765
4780
4788
4789
4790
4791
4797
4798
4799
4800
4801
4802
4803
4804
4805
4881
4882
4883
4897
4898
4899
4912
4913
4914
4915
4916
4917
4927
4928
4929
4930
4939
4943
4945
4946
4947
4948
4949
4950
4951
4961
4962
4963
4964
4965
4980
4987
5060
5061
5062
5063
5064
5065
5066
5067
5079
5080
5081
5095
5099
5119
5120
5121
5122
5123
5146
5161
5172
5176
5177
5178
5179
5183
5185
5186
5221
5222
5223
5257
5258
5259
5260
5261
5262
5263
5264
5265
5266
5307
5308
5309
5310
5323
5349
5350
5351
5352
5353
5354
5355
5356
5357
5366
5367
5368
5369
5370
5371
5377
5378
5379
5380
5381
5382
5384
5385
5386
5418
5419
5420
5421
5422
5429
5430
5431
5432
5433
5434
5441
5474
5475
5476
5483
5484
5576
5577
5578
5579
5580
5591
5592
5593
5594
5595
5596
5603
5604
5612
5613
5614
5615
5616
5626
5627
5628
5632
5633
5634
5635
5636
5637
5638
5639
5644
5645
5654
5671
5683
5704
5705
5706
5722
5723
5760
5761
5762
5763
5790
5793
5798
5817
5825
5832
5833
5834
5835
5836
5837
5838
5839
5840
5841
5842
5843
5862
5863
5864
5891
5892
5893
5894
5895
5896
5897
5898
5899
5908
5909
5910
5911
5912
5913
5914
5915
5929
5930
5947
5948
5949
5950
5951
5952
5953
5954
5955
5956
5957
5958
5959
5978
6011
6012
6013
6014
6015
6016
6017
6018
6019
6020
6056
6106
6107
6108
6109
6110
6111
6112
6113
6114
6115
6116
6117
6118
6119
6134
6135
6160
6161
6162
6163
6164
6165
6166
6177
6253
6259
6260
6261
6262
6263
6264
6265
6300
6301
6302
6303
6304
6305
6306
6307
6308
6309
6327
6328
6402
6403
6404
6405
6406
6407
6408
6409
6410
6411
6412
6413
6414
6415
6416
6417
6437
6438
6439
6440
6441
6442
6443
6444
6445
6446
6458
6459
6460
6461
6462
6463
6465
6466
6467
6468
6490
6491
6492
6493
6495
6496
6497
6498
6504
6505
6510
6511
6515
6516
6517
6518
6519
6520
6521
6522
6523
6524
6533
6534
6535
6536
6537
6541
6542
6543
6647
6648
6649
6650
6651
6652
6653
6654
6655
6656
6680
6681
6682
6683
6684
6685
6693
6727
6753
6754
6755
6759
6760
6761
6762
6763
6764
6765
6766
6768
6769
6770
6771
6772
6773
6806
6807
6808
6809
6810
6811
6812
6813
6814
6815
6816
6817
6915
6916
6917
6918
6919
6920
6928
6929
6930
6934
6935
6936
6937
6938
6939
6940
6941
6942
6943
6944
6945
6946
6947
6957
6958
6959
6960
6961
6962
6963
6964
7001
7002
7003
7004
7005
7006
7007
7008
7009
7010
7011
7012
7013
7014
7028
7029
7030
7031
7040
7041
7042
7043
7044
7047
7048
7049
7050
7051
7052
7053
7054
7105
7106
7133
7157
7158
7159
7160
7162
7163
7164
7166
7181
7182
7183
7184
7185
7186
7187
7209
7210
7211
7212
7213
7214
7215
7229
7250
7251
7252
7253
7254
7255
7256
7307
7308
7309
7310
7311
7312
7313
7314
7342
7343
7344
7345
7352
7353
7354
7355
7356
7357
7358
7359
7360
7361
7366
7370
7371
7385
7386
7393
7394
7395
7396
7397
7409
7410
7440
7445
7446
7459
7471
7472
7473
7474
7475
7476
7477
7481
7482
7483
7484
7485
7486
7487
7492
7493
7494
7495
7496
7507
7508
7509
7510
7511
7512
7513
7545
7546
7547
7548
7550
7551
7552
7553
7554
7555
7559
7560
7561
7562
7563
7564
7574
7575
7593
7594
7597
7598
7599
7615
7616
7617
7618
7619
7620
7630
7631
7672
7673
7674
7675
7676
7677
7678
7680
7681
7682
7683
7721
7722
7723
7724
7758
7759
7760
7761
7762
7763
7764
7765
7766
7767
7786
7787
7788
7789
7790
7791
7794
7795
7796
7808
7809
7813
7816
7817
7818
7819
7820
7821
7827
7828
7829
7830
7831
7840
7843
7844
7849
7850
7851
7852
7853
7854
7855
7857
7858
7859
7860
7861
7862
7863
7864
7880
7881
7882
7883
7887
7888
7889
7890
7891
7892
7896
7897
7898
7899
7900
7901
7902
7903
7904
7911
7912
7913
7914
7915
7916
7917
7932
7933
7934
7935
7936
7937
7945
7946
7947
7950
7951
7952
7977
7978
7979
7980
7981
7982
7983
7984
7997
7998
7999
8000
8001
8002
8003
8004
8021
8027
8028
8029
8031
8032
8033
8034
8035
8036
8037
8045
8046
8047
8048
8054
8055
8056
8057
8062
8064
8067
8068
8069
8070
8071
8072
8073
8074
8075
8076
8077
8078
8080
8085
8109
8110
8111
8112
8113
8114
8115
8116
8117
8118
8119
8120
8121
8129
8130
8131
8132
8133
8134
8135
8136
8137
8138
8152
8153
8154
8155
8156
8157
8158
8159
8160
8161
8162
8168
8169
8170
8171
8172
8174
8175
8176
8177
8178
8179
8180
8181
8182
8183
8184
8185
8186
8187
8188
8189
8190
8191
8192
8193
8194
8195
8196
8210
8212
8213
8214
8215
8216
8217
8218
8219
8220
8221
8222
8223
8237
8238
8239
8240
8241
8242
8243
8244
8264
8265
8266
8267
8268
8269
8270
8271
8272
8273
8274
8275
8292
8293
8294
8295
8296
8297
8298
8307
8308
8309
8310
8311
8315
8316
8317
8318
8325
8326
8327
8328
8329
8335
8336
8337
8338
8339
8340
8341
8342
8343
8344
8351
8357
8358
8364
8365
8366
8370
8371
8372
8382
8383
8384
8385
8393
8394
8395
8396
8397
8398
8402
8407
8408
8410
8411
8412
8414
8415
8420
8421
8422
8423
8430
8431
8433
8434
8435
8436
8437
8438
8439
8449
8468
8488
8489
8490
8491
8502
8575
8576
8577
8578
8582
8583
8584
8585
8586
8589
8590
8594
8595
8596
8597
8598
8599
8600
8617
8618
8619
8636
8637
8638
8639
8644
8648
8649
8654
8655
8672
8677
8678
8679
8680
8681
8682
8690
8691
8692
8693
8694
8695
8701
8702
8710
8711
8712
8713
8714
8715
8716
8717
8726
8727
8728
8734
8735
8736
8771
8773
8774
8782
8783
8784
8798
8800
8801
8805
8808
8809
8811
8812
8817
8818
8819
8820
8821
8822
8824
8841
8842
8843
8844
8845
8855
8856
8857
8858
8860
8861
8862
8863
8864
8865
8866
8867
8868
8869
8870
8871
8872
8878
8879
8885
8886
8888
8889
8890
8891
8892
8893
8900
8901
8909
8910
8912
8913
8916
8917
8918
8919
8920
8934
8935
8936
8942
8953
8963
8972
8973
8974
8975
8986
8987
9009
9010
9011
9023
9024
9025
9026
9027
9028
9056
9064
9065
9066
9067
9086
9087
9088
9089
9090
9091
9092
9093
9094
9095
9096
9097
9098
9099
9100
9106
9107
9131
9132
9133
9134
9135
9136
9137
9138
9139
9140
9141
9149
9150
9151
9152
9153
9154
9155
9156
9157
9158
9160
9168
9169
9170
9171
9172
9173
9174
9175
9176
9177
9178
9179
9180
9181
9182
9183
9184
9185
9186
9187
9188
9189
9190
9191
9192
9193
9194
9195
9196
9214
9215
9216
9217
9221
9222
9223
9224
9225
9226
9227
9228
9229
9230
9231
9232
9233
9260
9261
9262
9263
9264
9265
9266
9267
9268
9269
9276
9282
9283
9287
9288
9289
9290
9291
9292
9293
9294
9295
9296
9297
9298
9299
9300
9301
9309
9328
9329
9330
9331
9332
9333
9334
9335
9336
9337
9338
9339
9345
9346
9347
9348
9352
9358
9359
9360
9361
9362
9363
9364
9365
9366
9367
9368
9369
9370
9371
9372
9373
9374
9375
9378
9379
9380
9381
9382
9383
9384
9385
9386
9400
9401
9403
9404
9408
9409
9410
9411
9412
9413
9414
9415
9416
9417
9418
9419
9434
9435
9444
9445
9446
9447
9448
9449
9450
9451
9459
9464
9465
9466
9467
9469
9470
9471
9472
9478
9479
9480
9495
9496
9497
9498
9499
9500
9506
9517
9546
9547
9548
9549
9550
9551
9552
9553
9554
9555
9558
9564
9569
9570
9571
9572
9578
9579
9580
9581
9582
9583
9592
9595
9596
9597
9598
9599
9600
9602
9603
9611
9612
9613
9614
9633
9634
9635
9636
9637
9638
9639
9671
9709
9710
9711
9712
9725
9726
9727
9728
9733
9734
9735
9737
9738
9740
9742
9743
9744
9745
9749
9750
9751
9752
9753
9757
9758
9759
9760
9762
9763
9768
9772
9778
9779
9780
9781
9782
9783
9784
9841
9846
9847
9859
9861
9868
9869
9870
9871
9872
9873
9874
9875
9876
9878
9879
9880
9881
9882
9883
9884
9885
9886
9894
9895
9896
9897
9898
9899
9900
9926
9927
9928
9934
9942
9943
9944
9945
9946
9955
9956
9957
9958
9959
9960
9961
9972
9973
9974
9978
9979
10042
10046
10047
10050
10056
10057
10058
10059
10071
10072
10073
10074
10075
10076
10079
10080
10081
10082
10083
10084
10085
10086
10087
10088
10090
10091
10105
10111
10112
10113
10114
10115
10116
10125
10126
10128
10129
10130
10131
10132
10133
10134
10135
10136
10137
10143
10144
10145
10156
10158
10194
10217
10218
10219
10220
10223
10224
10233
10234
10235
10236
10237
10238
10251
10252
10257
10260
10261
10276
10277
10278
10291
10292
10307
10308
10309
10310
10311
10333
10334
10335
10376
10377
10378
10379
10380
10381
10382
10383
10384
10385
10386
10387
10421
10422
10423
10424
10425
10426
10427
10428
10429
10430
10431
10432
10445
10446
10447
10476
10477
10491
10494
10495
10496
10497
10498
10499
10534
10535
10538
10539
10550
10551
10552
10553
10566
10567
10568
10569
10598
10623
10624
10625
10626
10627
10628
10704
10705
10706
10707
10708
10765
10766
10767
10768
10769
10770
10771
10772
10773
10774
10775
10777
10779
10780
10781
10782
10785
10794
10815
10817
10818
10819
10820
10821
10822
10830
10831
10832
10833
10834
10835
10836
10837
10838
10839
10840
10841
10842
10843
10844
10870
10871
10872
10873
10875
10876
10877
10884
10885
10886
10887
10888
10889
10890
10891
10892
10893
10903
10904
10905
10906
10916
10917
10918
10919
10935
10988
10993
11002
11003
11030
11031
11032
11033
11034
11035
11036
11037
11038
11039
11040
11041
11042
11043
11044
11054
11055
11056
11069
11070
11071
11080
11081
11082
11083
11087
11088
11089
11090
11091
11092
11104
11105
11114
11115
11116
11122
11127
11131
11158
11159
11160
11170
11172
11173
11174
11175
11176
11177
11178
11182
11188
11189
11190
11191
11192
11193
11194
11195
11205
11206
11207
11208
11209
11230
11231
11232
11238
11239
11241
11242
11243
11244
11245
11246
11250
11251
11252
11253
11254
11255
11256
11264
11265
11266
11267
11268
11277
11278
11279
11280
11281
11282
11294
11295
11296
11298
11299
11300
11308
11309
11310
11326
11327
11328
11334
11336
11339
11340
11341
11342
11353
11354
11355
11356
11357
11358
11359
11361
11367
11368
11369
11370
11371
11375
11376
11377
11378
11379
11380
11381
11385
11386
11387
11388
11389
11397
11398
11399
11400
11410
11411
11412
11425
11426
11427
11428
11429
11466
11476
11477
11484
11485
11486
11487
11488
11498
11499
11500
11501
11502
11503
11504
11505
11506
11510
11511
11512
11515
11516
11517
11518
11519
11520
11548
11549
11550
11551
11552
11564
11565
11566
11567
11568
11569
11570
11571
11574
11575
11581
11582
11583
11584
11585
11587
11619
11620
11621
11622
11623
11625
11626
11627
11628
11629
11638
11639
11640
11643
11644
11645
11646
11687
11691
11692
11693
11700
11701
11702
11703
11704
11764
11765
11766
11767
11768
11769
11770
11771
11780
11782
11783
11808
11809
11810
11811
11812
11813
11827
11828
11868
11869
11870
11871
11872
11873
11884
11885
11886
11887
11891
11892
11893
11901
11902
11903
11904
11905
11908
11909
11910
11911
11917
11918
11919
11932
11933
11934
11935
11936
11937
11938
11939
11953
11955
11956
11960
11973
11974
11975
11976
11980
11981
11982
11983
11984
11985
11986
12002
12003
12004
12005
12027
12035
12036
12037
12038
12039
12040
12041
12044
12045
12048
12049
12050
12056
12057
12058
12059
12070
12073
12089
12090
12091
12092
12093
12094
12095
12096
12134
12135
12136
12137
12138
12139
12140
12141
12142
12143
12153
12159
12178
12185
12200
12202
12203
12204
12205
12211
12241
12242
12243
12248
12249
12250
12251
12252
12253
12254
12255
12256
12257
12258
12285
12286
12287
12288
12297
12299
12300
12301
12303
12304
12305
12306
12307
12308
12309
12310
12311
12312
12313
12314
12337
12346
12350
12351
12352
12353
12354
12355
12356
12357
12358
12379
12380
12385
12390
12391
12408
12409
12410
12422
12423
12424
12425
12426
12428
12429
12439
12440
12441
12442
12452
12453
12454
12455
12456
12464
12465
12466
12467
12473
12474
12475
12481
12486
12496
12497
12498
12510
12511
12513
12514
12515
12516
12517
12518
12519
12538
12539
12540
12541
12542
12550
12551
12552
12553
12554
12555
12556
12570
12571
12572
12573
12574
12575
12589
12590
12598
12599
12601
12602
12603
12604
12605
12606
12607
12608
12609
12610
12611
12612
12613
12614
12615
12616
12617
12618
12619
12620
12621
12622
12660
12661
12662
12663
12664
12665
12666
12667
12668
12669
12670
12674
12675
12676
12677
12678
12679
12680
12681
12682
12683
12709
12710
12711
12751
12752
12753
12754
12761
12762
12763
12764
12765
12766
12767
12768
12769
12770
12771
12772
12773
12774
12775
12776
12777
12778
12779
12780
12817
12818
12819
12820
12821
12822
12823
12824
12825
12826
12827
12828
12829
12833
12834
12835
12836
12837
12838
12839
12840
12841
12842
12843
12850
12851
12852
12853
12854
12855
12875
12876
12877
12878
12879
12880
12881
12882
12883
12884
12885
12886
12887
12888
12889
12890
12905
12906
12907
12908
12909
12910
12911
12917
12927
12928
12929
12930
12931
12932
12936
12937
12938
12939
12942
12943
12944
12945
12946
12947
12948
12949
12950
12953
12954
12955
12956
12961
12962
12963
12964
12969
12970
12998
12999
13000
13001
13002
13003
13004
13015
13016
13017
13018
13019
13020
13021
13022
13031
13033
13034
13035
13036
13037
13041
13042
13043
13044
13045
13046
13047
13048
13049
13050
13051
13052
13053
13054
13055
13056
13057
13058
13067
13068
13069
13070
13071
13072
13073
13077
13078
13079
13080
13081
13082
13085
13090
13109
13129
13130
13153
13154
13155
13156
13157
13158
13159
13160
13161
13162
13163
13164
13165
13166
13191
13192
13193
13194
13204
13215
13234
13235
13236
13276
13277
13278
13279
13280
13281
13282
13291
13292
13293
13294
13295
13296
13313
13314
13315
13316
13317
13318
13319
13320
13335
13336
13337
13338
13339
13340
13342
13343
13346
13347
13348
13349
13350
13358
13360
13361
13366
13367
13381
13385
13389
13390
13391
13392
13393
13394
13397
13398
13399
13400
13401
13436
13451
13452
13464
13465
13466
13467
13468
13469
13470
13492
13494
13495
13496
13497
13498
13499
13512
13528
13529
13530
13531
13532
13558
13559
13560
13561
13562
13563
13564
13565
13566
13567
13568
13569
13570
13571
13572
13573
13585
13586
13608
13609
13615
13617
13619
13620
13626
13655
13656
13657
13658
13659
13660
13661
13662
13673
13674
13675
13676
13677
13678
13679
13680
13681
13682
13691
13700
13701
13706
13714
13715
13737
13778
13793
13874
13875
13876
13877
13878
13879
13880
13881
13882
13883
13884
13910
13911
13912
13913
13914
13935
13967
13968
13969
13970
13971
13972
13984
13985
13986
13987
13988
13989
13990
14008
14009
14010
14011
14018
14019
14020
14022
14023
14029
14030
14031
14032
14033
14034
14035
14037
14038
14039
14040
14041
14047
14048
14049
14050
14051
14052
14053
14054
14055
14056
14057
14058
14059
14061
14064
14065
14071
14077
14083
14084
14103
14104
14105
14106
14107
14108
14113
14114
14115
14116
14117
14118
14119
14120
14135
14136
14137
14138
14139
14140
14141
14142
14143
14144
14145
14146
14147
14148
14149
14164
14232
14241
14254
14255
14263
14264
14265
14266
14267
14268
14269
14280
14281
14282
14283
14284
14286
14287
14288
14289
14290
14291
14292
14293
14294
14295
14296
14297
14298
14299
14300
14302
14303
14304
14306
14307
14308
14309
14310
14311
14312
14313
14314
14336
14353
14354
14355
14356
14357
14358
14359
14360
14361
14362
14363
14375
14486
14498
14528
14545
14546
14547
14548
14549
14562
14564
14569
14570
14571
14577
14581
14582
14583
14585
14600
14601
14602
14603
14620
14621
14627
14628
14643
14644
14645
14646
14647
14648
14658
14659
14660
14661
14662
14663
14664
14665
14666
14667
14668
14669
14670
14671
14692
14693
14694
14695
14697
14698
14699
14700
14714
14715
14716
14717
14720
14721
14730
14731
14732
14743
14744
14745
14746
14747
14748
14752
14753
14754
14755
14756
14757
14758
14759
14760
14761
14762
14763
14764
14765
14766
14767
14768
14769
14818
14823
14824
14825
14828
14830
14831
14832
14833
14834
14835
14836
14837
14838
14839
14846
14847
14848
14849
14850
14851
14852
14889
14914
14915
14926
14927
14928
14929
14930
14932
14933
14934
14935
14950
14975
14976
14977
14978
14979
14980
14981
14982
14989
14990
14991
14992
14993
14994
14995
14996
14997
14998
14999
15000
15001
15002
15003
15004
15005
15006
15007
15008
15010
15011
15012
15061
15062
15063
15064
15065
15066
15067
15068
15069
15070
15082
15083
15101
15124
15125
15126
15127
15128
15129
15130
15138
15139
15146
15153
15154
15155
15156
15157
15158
15159
15160
15161
15162
15174
15230
15231
15232
15233
15234
15235
15236
15237
15263
15264
15265
15266
15267
15269
15270
15271
15272
15273
15274
15275
15318
15333
15334
15335
15336
15337
15338
15367
15368
15369
15370
15371
15372
15407
15408
15409
15419
15431
15432
15433
15434
15439
15440
15441
15456
15457
15458
15459
15460
15471
15500
15501
15502
15503
15504
15505
15506
15507
15508
15509
15518
15519
15520
15521
15522
15523
15524
15525
15526
15527
15528
15529
15530
15531
15532
15533
15534
15535
15536
15537
15538
15539
15540
15541
15542
15551
15552
15554
15555
15556
15557
15558
15559
15560
15561
15562
15564
15565
15566
15567
15568
15569
15570
15571
15578
15579
15580
15581
15582
15583
15584
15585
15586
15587
15588
15589
15590
15591
15592
15593
15594
15604
15605
15606
15607
15608
15609
15626
15627
15628
15629
15630
15631
15655
15656
15659
15670
15671
15672
15673
15681
15682
15683
15684
15690
15691
15692
15693
15694
15695
15696
15697
15698
15699
15700
15701
15702
15710
15727
15736
15747
15748
15749
15750
15751
15755
15784
15795
15796
15797
15798
15799
15803
15821
15822
15823
15824
15825
15826
15827
15839
15840
15841
15842
15843
15844
15845
15846
15847
15848
15863
15864
15865
15866
15878
15885
15886
15887
15888
15889
15890
15898
15922
15926
15927
15928
15929
15930
15931
15932
15972
15973
15974
15975
15976
15978
15979
15980
15981
15982
15983
15984
16025
16026
16027
16028
16031
16050
16051
16052
16053
16054
16062
16063
16086
16087
16088
16089
16090
16104
16105
16106
16107
16108
16109
16110
16111
16112
16113
16114
16115
16116
16117
16118
16119
16120
16133
16135
16136
16137
16138
16139
16140
16141
16142
16143
16144
16145
16146
16147
16148
16149
16150
16186
16196
16202
16203
16222
16230
16231
16232
16233
16234
16235
16236
16237
16238
16239
16240
16241
16255
16256
16257
16258
16259
16260
16261
16262
16265
16266
16267
16268
16302
16313
16322
16323
16324
16325
16326
16327
16328
16340
16341
16342
16343
16346
16347
16349
16350
16363
16364
16365
16375
16376
16377
16378
16391
16399
16400
16401
16402
16403
16404
16405
16423
16424
16425
16426
16427
16428
16429
16435
16436
16453
16454
16455
16456
16457
16458
16459
16460
16461
16462
16467
16468
16483
16493
16494
16495
16496
16497
16498
16499
16500
16501
16502
16503
16504
16505
16506
16510
16541
16546
16549
16550
16551
16552
16553
16554
16555
16556
16557
16558
16559
16565
16566
16567
16568
16569
16570
16571
16572
16586
16587
16588
16589
16603
16604
16605
16606
16607
16608
16620
16621
16622
16623
16624
16652
16653
16654
16655
16656
16657
16658
16659
16660
16661
16662
16663
16664
16665
16672
16682
16683
16684
16685
16692
16693
16708
16721
16734
16735
16736
16737
16738
16739
16740
16741
16742
16743
16744
16745
16746
16747
16748
16749
16750
16751
16752
16764
16765
16766
16767
16768
16769
16770
16771
16772
16795
16797
16801
16814
16815
16823
16824
16825
16826
16827
16837
16889
16890
16891
16892
16893
16894
16895
16896
16897
16898
16959
16960
16961
16962
16963
16964
16965
16966
16967
16968
16969
16970
16975
16976
16992
17010
17011
17012
17013
17057
17058
17059
17060
17061
17062
17063
17064
17096
17097
17146
17147
17148
17149
17150
17151
17152
17153
17154
17155
17212
17213
17214
17215
17216
17237
17238
17262
17263
17264
17265
17266
17267
17286
17290
17291
17292
17293
17294
17295
17296
17312
17313
17326
17327
17328
17329
17330
17346
17358
17359
17366
17367
17372
17373
17377
17378
17405
17406
17407
17408
17409
17410
17411
17412
17413
17414
17415
17416
17417
17418
17420
17436
17437
17438
17439
17440
17441
17442
17450
17451
17452
17453
17462
17463
17464
17465
17466
17467
17488
17500
17509
17510
17511
17512
17513
17514
17515
17516
17517
17518
17519
17520
17521
17522
17523
17524
17525
17526
17527
17528
17529
17540
17544
17557
17563
17564
17575
17581
17611
17622
17628
17629
17635
17636
17637
17639
17640
17641
17642
17643
17644
17645
17646
17647
17648
17649
17650
17651
17652
17653
17667
17668
17669
17670
17671
17672
17673
17674
17675
17676
17677
17678
17679
17680
17681
17682
17683
17684
17685
17686
17687
17688
17689
17690
17691
17692
17693
17694
17695
17696
17697
17698
17699
17700
17701
17702
17703
17704
17705
17711
17712
17713
17714
17715
17716
17717
17718
17719
17720
17721
17722
17735
17736
17737
17738
17739
17740
17741
17742
17749
17750
17751
17752
17758
17759
17760
17761
17762
17772
17773
17774
17775
17776
17777
17778
17779
17780
17781
17801
17802
17803
17804
17805
17806
17811
17821
17822
17823
17824
17825
17837
17838
17839
17840
17841
17842
17843
17844
17845
17860
17861
17862
17863
17864
17869
17870
17871
17872
17873
17874
17879
17880
17881
17896
17897
17898
17899
17900
17901
17902
17903
17904
17905
17906
17907
17908
17909
17910
17911
17912
17950
17963
17965
17966
17967
17968
17969
17970
17971
17972
17973
17985
17986
17987
17988
17989
17990
17991
17992
17993
17994
17995
17996
18016
18017
18018
18019
18020
18021
18022
18023
18024
18025
18026
18027
18028
18029
18038
18039
18040
18041
18042
18043
18044
18045
18046
18047
18048
18050
18051
18052
18053
18057
18058
18059
18060
18061
18062
18063
18064
18065
18066
18067
18068
18076
18077
18078
18079
18087
18088
18089
18090
18091
18092
18093
18094
18095
18096
18097
18098
18099
18100
18101
18102
18103
18104
18105
18106
18107
18108
18109
18140
18141
18142
18143
18144
18145
18146
18147
18157
18169
18185
18186
18187
18188
18189
18190
18192
18193
18194
18195
18196
18200
18201
18202
18203
18204
18205
18206
18207
18208
18209
18210
18217
18218
18247
18248
18249
18250
18251
18252
18269
18270
18271
18272
18273
18294
18295
18296
18297
18298
18325
18326
18327
18328
18356
18357
18397
18398
18403
18404
18405
18435
18436
18445
18446
18478
18479
18480
18481
18499
18530
18531
18532
18533
18562
18563
18564
18565
18569
18570
18571
18572
18573
18574
18575
18576
18577
18579
18580
18581
18582
18583
18584
18585
18619
18620
18621
18622
18623
18624
18625
18628
18629
18630
18631
18666
18667
18668
18669
18670
18671
18672
18673
18674
18675
18685
18693
18694
18695
18761
18762
18763
18790
18791
18792
18793
18794
18795
18796
18797
18798
18799
18800
18868
18869
18870
18872
18873
18874
18875
18876
18877
18878
18879
18883
18892
18893
18894
18895
18896
18897
18898
18919
18920
18921
18922
18923
18924
18925
18926
18927
18928
18929
18936
18950
18951
18952
18959
18960
18961
18962
18963
18970
18971
18972
18973
18974
18975
18976
18982
18983
18990
19007
19008
19009
19010
19011
19012
19022
19023
19024
19025
19026
19027
19031
19032
19041
19042
19043
19044
19045
19046
19047
19048
19049
19050
19051
19052
19053
19054
19061
19083
19084
19085
19086
19087
19091
19097
19098
19099
19100
19110
19117
19118
19119
19120
19131
19150
19151
19156
19157
19162
19163
19164
19165
19166
19167
19168
19169
19170
19185
19186
19187
19188
19189
19190
19191
19192
19193
19223
19224
19225
19226
19227
19228
19229
19230
19231
19232
19233
19234
19235
19242
19249
19250
19251
19326
19327
19328
19329
19330
19331
19332
19333
19334
19335
19336
19337
19353
19354
19355
19356
19357
19358
19359
19370
19371
19372
19373
19374
19375
19380
19381
19387
19388
19401
19402
19434
19435
19436
19437
19438
19439
19461
19462
19463
19464
19465
19466
19467
19468
19469
19470
19471
19479
19480
19481
19482
19483
19484
19485
19497
19504
19505
19506
19507
19508
19509
19510
19511
19544
19545
19546
19551
19552
19566
19567
19568
19569
19576
19577
19582
19583
19589
19594
19599
19600
19601
19602
19617
19633
19634
19649
19650
19651
19652
19654
19655
19656
19657
19677
19678
19679
19680
19689
19690
19698
19708
19724
19725
19726
19727
19742
19743
19745
19746
19747
19748
19749
19781
19782
19783
19784
19785
19793
19794
19795
19796
19797
19815
19834
19835
19836
19872
19873
19874
19893
19939
19942
19943
19944
19945
19946
19947
19948
19949
19950
19951
19952
19953
19954
19955
19956
19958
19959
19973
19974
19975
19976
19977
19978
19979
19980
19981
19982
19983
19984
19985
19986
19987
19988
19989
19990
19991
19992
19993
19994
19995
19996
19997
19998
19999
20000
20001
20002
20003
20004
20005
20006
20007
20008
20009
20010
20011
20012
20018
20019
20020
20021
20022
20023
20024
20025
20026
20027
20028
20029
20030
20031
20032
20033
20034
20035
20036
20050
20051
20052
20053
20054
20055
20056
20057
20058
20059
20060
20061
20062
20063
20064
20065
20066
20067
20068
20069
20075
20089
20090
20117
20118
20119
20123
20124
20125
20126
20127
20128
20129
20130
20140
20141
20142
20143
20144
20148
20149
20150
20162
20163
20164
20165
20166
20167
20168
20169
20188
20189
20190
20196
20197
20198
20199
20200
20201
20202
20203
20225
20226
20227
20229
20230
20231
20232
20233
20234
20235
20236
20237
20238
20239
20240
20241
20242
20261
20262
20263
20264
20265
20266
20267
20268
20269
20270
20271
20272
20273
20274
20299
20301
20304
20305
20306
20307
20308
20309
20310
20311
20312
20313
20314
20315
20316
20317
20318
20330
20331
20332
20333
20334
20335
20336
20337
20338
20339
20340
20341
20342
20343
20344
20345
20346
20347
20348
20349
20350
20351
20352
20353
20354
20355
20356
20357
20358
20359
20360
20361
20362
20364
20365
20366
20367
20368
20369
20370
20371
20372
20373
20374
20375
20376
20377
20378
20379
20380
20381
20382
20383
20384
20385
20386
20387
20388
20389
20390
20406
20407
20408
20409
20410
20411
20412
20413
20414
20415
20416
20420
20421
20425
20426
20442
20443
20444
20445
20446
20494
20495
20496
20497
20498
20500
20501
20502
20503
20504
20505
20506
20507
20508
20509
20510
20515
20517
20518
20519
20520
20521
20522
20523
20524
20556
20557
20558
20559
20560
20561
20562
20563
20564
20565
20566
20567
20584
20585
20586
20587
20588
20589
20590
20591
20592
20593
20594
20595
20596
20597
20606
20607
20608
20609
20610
20611
20612
20613
20614
20615
20624
20625
20626
20627
20651
20668
20669
20670
20671
20679
20680
20681
20682
20683
20684
20685
20709
20710
20711
20712
20719
20720
20721
20722
20723
20724
20725
20726
20727
20728
20729
20730
20731
20732
20739
20740
20746
20771
20772
20773
20774
20781
20789
20790
20791
20817
20818
20846
20847
20859
20860
20861
20862
20878
20879
20880
20881
20882
20883
20894
20895
20896
20897
20898
20899
20900
20901
20902
20903
20904
20905
20915
20916
20917
20927
20928
20932
20933
20934
20935
20936
20937
20940
20941
20957
20958
20959
20960
20961
20962
20964
20965
20966
20967
20968
20979
20980
20981
20982
20998
20999
21000
21001
21003
21021
21022
21023
21024
21025
21026
21027
21029
21030
21031
21032
21033
21034
21035
21036
21037
21046
21057
21058
21059
21060
21061
21062
21063
21064
21078
21079
21080
21081
21082
21083
21084
21088
21089
21090
21091
21092
21156
21157
21167
21168
21169
21181
21184
21185
21186
21187
21188
21189
21209
21252
21253
21254
21255
21256
21266
21303
21332
21333
21334
21335
21336
21337
21338
21339
21340
21341
21342
21343
21344
21345
21349
21362
21363
21364
21365
21366
21367
21391
21392
21393
21394
21395
21396
21397
21398
21399
21444
21452
21453
21454
21455
21456
21457
21458
21469
21470
21478
21479
21480
21481
21482
21484
21485
21486
21487
21488
21489
21490
21491
21519
21520
21521
21522
21523
21524
21525
21526
21527
21528
21531
21537
21538
21539
21540
21541
21542
21543
21545
21546
21547
21549
21550
21556
21557
21558
21559
21560
21561
21562
21563
21564
21589
21592
21595
21596
21604
21605
21618
21627
21628
21640
21668
21669
21670
21681
21682
21683
21684
21685
21711
21712
21713
21714
21715
21716
21722
21723
21725
21732
21733
21734
21735
21736
21737
21744
21745
21769
21771
21774
21775
21776
21779
21780
21781
21796
21797
21798
21799
21800
21808
21809
21822
21823
21824
21825
21850
21853
21856
21857
21858
21859
21860
21861
21862
21863
21864
21865
21866
21867
21868
21869
21870
21883
21884
21885
21886
21887
21888
21889
21890
21891
21892
21893
21894
21895
21896
21897
21898
21899
21900
21901
21902
21903
21904
21905
21906
21907
21908
21909
21910
21911
21912
21913
21914
21915
21916
21917
21931
21932
21933
21934
21935
21936
21937
21938
21978
21979
22007
22019
22020
22021
22049
22050
22058
22059
22060
22061
22062
22063
22064
22065
22066
22082
22083
22087
22088
22089
22093
22094
22095
22096
22097
22098
22099
22100
22101
22102
22103
22104
22105
22106
22107
22123
22124
22125
22126
22127
22143
22144
22145
22146
22172
22173
22174
22175
22176
22177
22186
22187
22188
22189
22197
22199
22200
22201
22202
22225
22232
22233
22234
22235
22236
22237
22238
22239
22256
22257
22258
22259
22260
22261
22264
22265
22266
22267
22268
22271
22272
22273
22274
22275
22276
22280
22281
22294
22295
22296
22312
22313
22318
22319
22320
22321
22322
22323
22324
22325
22345
22346
22347
22348
22349
22350
22351
22352
22358
22359
22362
22363
22364
22365
22368
22369
22370
22371
22372
22383
22396
22397
22398
22419
22420
22421
22427
22428
22429
22436
22437
22438
22439
22440
22450
22451
22459
22460
22482
22527
22528
22529
22530
22557
22558
22570
22571
22572
22573
22574
22575
22577
22578
22579
22592
22593
22614
22643
22644
22645
22646
22647
22648
22664
22665
22666
22667
22668
22700
22701
22702
22703
22704
22729
22730
22731
22738
22739
22740
22741
22743
22744
22745
22752
22753
22754
22758
22759
22760
22761
22762
22763
22764
22765
22766
22767
22768
22769
22770
22771
22772
22773
22774
22778
22779
22780
22781
22782
22783
22784
22785
22786
22787
22788
22789
22790
22791
22792
22793
22794
22795
22796
22797
22798
22799
22800
22801
22802
22803
22804
22805
22806
22807
22808
22813
22814
22838
22839
22840
22841
22842
22843
22844
22845
22870
22871
22881
22882
22894
22898
22899
22900
22901
22915
22916
22917
22918
22919
22920
22921
22922
22923
22934
22935
22936
22937
22938
22939
22942
22943
22944
22964
22965
22966
22967
22968
22978
22979
22980
22981
22982
22983
22984
22985
22995
23001
23024
23025
23027
23028
23042
23053
23054
23058
23059
23063
23070
23078
23079
23091
23092
23108
23115
23122
23123
23127
23143
23149
23150
23151
23152
23153
23154
23155
23156
23157
23162
23163
23164
23165
23168
23169
23170
23171
23187
23188
23189
23197
23198
23199
23200
23213
23224
23246
23247
23248
23249
23250
23251
23252
23253
23254
23255
23256
23257
23258
23259
23260
23261
23262
23263
23264
23265
23320
23321
23351
23374
23375
23376
23377
23378
23379
23380
23381
23396
23397
23418
23419
23420
23421
23435
23436
23457
23458
23459
23461
23493
23494
23495
23496
23497
23498
23499
23500
23501
23502
23503
23504
23505
23506
23507
23508
23509
23510
23522
23523
23524
23547
23555
23556
23557
23558
23559
23560
23561
23609
23610
23611
23612
23613
23614
23658
23659
23664
23685
23686
23693
23694
23697
23703
23704
23705
23708
23709
23712
23736
23737
23738
23739
23740
23742
23743
23744
23745
23747
23748
23749
23750
23751
23752
23753
23754
23755
23756
23757
23758
23800
23801
23807
23808
23818
23819
23820
23821
23822
23823
23824
23825
23826
23827
23828
23829
23830
23831
23832
23833
23834
23835
23836
23925
23926
23927
23929
23930
23931
23935
23936
23937
23938
23967
23968
23969
23970
23971
23972
23973
23974
23975
23976
23986
23987
23988
23989
23990
23991
23992
24003
24004
24006
24035
24037
24041
24042
24050
24051
24052
24053
24055
24056
24057
24059
24061
24062
24073
24074
24089
24090
24096
24098
24117
24118
24139
24142
24160
24172
24173
24174
24175
24176
24180
24208
24209
24210
24211
24212
24213
24214
24215
24216
24217
24218
24219
24232
24233
24253
24268
24269
24270
24271
24282
24283
24284
24292
24293
24294
24295
24296
24297
24303
24304
24305
24306
24307
24308
24309
24310
24317
24318
24319
24320
24324
24342
24343
24344
24345
24355
24356
24357
24366
24367
24368
24369
24370
24382
24410
24411
24412
24413
24414
24445
24446
24447
24448
24449
24470
24471
24476
24478
24479
24480
24481
24482
24483
24484
24488
24489
24490
24491
24492
24493
24494
24497
24498
24499
24500
24501
24502
24503
24507
24508
24509
24510
24511
24535
24536
24537
24554
24555
24562
24581
24601
24631
24638
24648
24649
24654
24655
24740
24741
24742
24743
24744
24745
24746
24747
24748
24755
24760
24761
24762
24771
24772
24781
24788
24789
24790
24808
24809
24811
24812
24813
24821
24827
24828
24839
24840
24845
24850
24853
24854
24855
24856
24857
24858
24875
24891
24892
24893
24894
24895
24898
24899
24900
24914
24915
24916
24917
24918
24923
24960
24961
24962
24994
24995
24996
24997
24998
24999
25000
25006
25007
25008
25009
25010
25011
25012
25013
25014
25020
25021
25022
25023
25024
25026
25027
25041
25042
25047
25048
25049
25050
25051
25052
25068
25069
25070
25071
25072
25076
25077
25078
25100
25114
25115
25116
25119
25120
25125
25126
25127
25128
25155
25156
25157
25158
25159
25160
25180
25208
25209
25210
25214
25215
25216
25217
25218
25236
25237
25238
25239
25240
25241
25242
25243
25244
25250
25251
25252
25253
25254
25255
25256
25257
25258
25259
25306
25312
25324
25325
25326
25327
25328
25329
25330
25331
25352
25374
25375
25379
25380
25381
25386
25390
25391
25392
25401
25420
25421
25422
25423
25457
25481
25482
25483
25484
25485
25495
25510
25511
25512
25538
25539
25540
25541
25557
25558
25559
25560
25561
25562
25563
25594
25617
25618
25627
25628
25629
25638
25639
25640
25650
25667
25669
25670
25683
25689
25690
25698
25699
25700
25701
25710
25711
25747
25757
25758
25759
25763
25802
25805
25806
25807
25808
25811
25833
25834
25835
25836
25837
25838
25839
25840
25841
25868
25869
25870
25871
25879
25880
25881
25882
25883
25885
25886
25887
25888
25895
25901
25902
25980
25981
25982
25983
25984
25985
25986
25987
25988
25989
25990
25991
25993
25994
25996
25997
26008
26024
26025
26026
26027
26028
26029
26030
26031
26032
26044
26049
26050
26051
26052
26053
26054
26058
26059
26068
26081
26114
26115
26116
26124
26125
26126
26127
26140
26141
26148
26149
26150
26162
26163
26164
26165
26166
26181
26182
26183
26184
26185
26186
26201
26202
26229
26230
26231
26232
26233
26259
26265
26266
26267
26268
26269
26270
26271
26272
26273
26274
26275
26356
26357
26358
26359
26360
26361
26362
26363
26364
26365
26366
26367
26398
26399
26400
26401
26402
26403
26404
26406
26407
26408
26409
26419
26448
26449
26478
26479
26480
26489
26490
26491
26492
26493
26494
26495
26496
26522
26523
26524
26536
26564
26581
26582
26616
26617
26618
26619
26656
26657
26658
26662
26663
26664
26665
26673
26674
26675
26695
26696
26697
26716
26717
26718
26719
26720
26721
26722
26723
26724
26725
26727
26728
26735
26736
26745
26746
26747
26749
26750
26762
26763
26764
26767
26791
26792
26793
26794
26795
26796
26812
26817
26818
26819
26820
26823
