1
2
3
4
5
6
7
8
9
10
11
12
13
14
15
16
17
18
19
20
21
22
23
24
25
26
27
28
29
30
90
104
105
106
107
108
109
110
111
112
113
122
123
124
125
126
127
128
129
130
131
132
133
134
135
136
137
138
139
140
141
142
143
144
145
146
147
186
187
188
189
190
191
192
193
194
195
211
212
213
214
215
216
217
218
219
220
221
222
223
224
225
226
227
228
229
230
231
232
304
305
338
339
340
341
342
343
344
345
346
347
348
349
350
351
352
353
354
371
372
373
374
375
376
377
378
379
380
381
382
383
384
404
405
406
407
408
409
410
423
426
427
428
429
430
431
458
459
460
461
462
463
464
465
466
467
468
469
470
471
472
473
474
475
476
477
478
479
531
532
533
534
535
536
537
538
539
540
541
542
543
544
545
546
547
548
549
550
551
552
553
554
555
577
578
579
580
581
582
583
584
585
586
587
588
589
590
591
592
593
594
595
596
597
598
599
600
601
602
631
632
633
634
635
636
637
638
639
640
641
642
643
644
645
646
647
673
674
675
676
677
678
679
680
681
682
683
684
685
686
702
703
704
705
706
718
732
733
734
735
736
737
738
739
740
741
742
743
744
745
813
814
815
816
817
818
819
820
821
822
823
824
825
826
827
828
829
830
831
832
833
863
864
865
866
867
868
869
870
871
872
873
941
947
948
949
950
951
979
980
981
982
983
984
985
986
987
988
989
990
991
992
993
994
995
996
997
998
999
1000
1001
1002
1003
1004
1005
1006
1048
1049
1050
1051
1052
1053
1054
1055
1056
1057
1067
1068
1069
1077
1078
1079
1080
1081
1082
1083
1084
1085
1086
1087
1088
1192
1193
1194
1195
1196
1197
1198
1233
1234
1235
1261
1262
1263
1285
1286
1287
1288
1289
1290
1291
1292
1293
1294
1295
1296
1297
1298
1299
1300
1301
1302
1303
1304
1305
1306
1307
1308
1309
1310
1311
1312
1313
1314
1373
1374
1375
1376
1377
1378
1379
1380
1381
1382
1383
1384
1385
1386
1387
1417
1418
1419
1420
1421
1422
1423
1424
1425
1426
1467
1468
1514
1515
1516
1517
1518
1519
1520
1521
1522
1523
1524
1525
1526
1527
1528
1529
1553
1560
1562
1587
1588
1589
1590
1591
1592
1593
1594
1595
1596
1597
1598
1599
1600
1601
1602
1603
1604
1605
1606
1607
1618
1619
1620
1621
1622
1623
1624
1625
1626
1627
1628
1629
1630
1631
1632
1633
1634
1635
1636
1637
1638
1639
1640
1641
1642
1643
1644
1645
1646
1647
1648
1649
1650
1651
1652
1686
1692
1693
1694
1695
1696
1697
1698
1699
1713
1714
1717
1718
1719
1720
1721
1722
1723
1724
1725
1726
1727
1728
1729
1753
1754
1755
1764
1778
1779
1780
1781
1782
1783
1784
1785
1786
1787
1788
1789
1790
1791
1792
1793
1794
1795
1796
1797
1798
1799
1800
1801
1802
1830
1831
1839
1840
1882
1883
1884
1885
1886
1887
1888
1889
1890
1891
1892
1893
1894
1895
1896
1897
1898
1899
1900
1901
1902
1943
1944
1945
1946
1947
1948
1949
1950
2014
2015
2016
2017
2018
2019
2020
2021
2022
2023
2024
2025
2026
2027
2028
2029
2030
2031
2032
2033
2034
2035
2055
2056
2057
2058
2059
2060
2075
2076
2077
2078
2079
2080
2081
2082
2083
2084
2085
2086
2132
2133
2134
2135
2136
2137
2138
2139
2140
2141
2142
2143
2144
2145
2146
2147
2166
2167
2168
2192
2194
2195
2196
2197
2198
2199
2200
2201
2202
2203
2204
2226
2227
2228
2229
2230
2231
2232
2233
2234
2235
2236
2237
2238
2239
2240
2241
2242
2243
2244
2245
2260
2261
2262
2263
2264
2265
2266
2267
2268
2269
2270
2271
2272
2273
2274
2275
2276
2277
2278
2279
2306
2307
2308
2309
2317
2318
2319
2320
2361
2362
2363
2364
2365
2366
2367
2368
2369
2370
2371
2372
2373
2374
2375
2376
2377
2378
2379
2380
2400
2401
2402
2413
2414
2415
2416
2417
2418
2419
2420
2421
2422
2423
2424
2425
2426
2427
2428
2429
2430
2431
2432
2457
2458
2459
2460
2461
2462
2463
2464
2465
2466
2467
2468
2469
2470
2471
2472
2473
2474
2475
2476
2477
2478
2479
2480
2481
2508
2530
2531
2532
2533
2534
2535
2536
2537
2538
2539
2540
2541
2542
2543
2544
2574
2575
2576
2577
2578
2579
2580
2581
2582
2583
2584
2585
2586
2587
2588
2600
2601
2602
2603
2604
2605
2606
2607
2608
2609
2610
2611
2612
2613
2614
2615
2616
2617
2618
2619
2620
2621
2622
2623
2624
2625
2626
2627
2628
2629
2630
2631
2632
2633
2634
2635
2636
2682
2683
2684
2685
2686
2687
2688
2689
2690
2691
2692
2693
2694
2695
2696
2697
2698
2699
2700
2701
2702
2703
2752
2755
2767
2768
2769
2770
2771
2772
2773
2774
2775
2776
2777
2815
2816
2817
2818
2819
2820
2821
2822
2823
2836
2837
2838
2855
2856
2857
2858
2859
2895
2923
2924
2925
2926
2927
2928
2929
2946
2947
2948
2949
2950
2951
2952
2953
2954
2955
2956
2957
2958
2959
2960
2993
2994
2995
2996
3002
3003
3004
3005
3006
3007
3008
3009
3010
3011
3012
3013
3014
3015
3016
3017
3018
3019
3020
3046
3047
3048
3061
3064
3065
3077
3078
3079
3080
3081
3082
3083
3084
3085
3110
3111
3112
3170
3171
3172
3173
3174
3175
3176
3177
3178
3179
3180
3181
3182
3183
3184
3185
3186
3187
3188
3189
3190
3191
3213
3214
3215
3216
3217
3218
3219
3220
3221
3222
3223
3224
3225
3226
3227
3228
3229
3230
3231
3232
3233
3234
3235
3236
3237
3238
3239
3240
3241
3242
3290
3297
3298
3299
3300
3301
3302
3303
3313
3325
3326
3327
3328
3329
3330
3331
3332
3345
3362
3363
3371
3372
3373
3374
3375
3376
3377
3378
3379
3380
3381
3382
3383
3384
3385
3386
3387
3388
3389
3390
3416
3427
3428
3429
3430
3431
3432
3433
3434
3468
3469
3470
3471
3472
3483
3489
3490
3491
3492
3493
3505
3506
3507
3508
3509
3510
3511
3512
3513
3589
3590
3591
3592
3593
3594
3595
3596
3597
3598
3599
3600
3601
3602
3603
3658
3659
3673
3674
3677
3678
3689
3690
3691
3692
3693
3694
3695
3696
3697
3698
3699
3700
3701
3702
3703
3704
3705
3706
3707
3728
3729
3730
3731
3732
3733
3734
3735
3736
3737
3738
3754
3755
3756
3757
3758
3759
3760
3761
3762
3763
3764
3765
3766
3767
3768
3769
3790
3791
3792
3793
3794
3806
3807
3813
3814
3815
3816
3817
3820
3821
3822
3823
3824
3825
3826
3827
3828
3829
3830
3831
3832
3833
3834
3835
3836
3853
3854
3855
3856
3857
3858
3859
3860
3861
3862
3863
3864
3865
3866
3867
3890
3891
3892
3893
3894
3895
3896
3897
3898
3899
3900
3901
3912
3914
3915
3916
3917
3918
3919
3920
3921
3922
3931
3932
3933
3934
3935
3936
3937
3938
3939
3940
3941
3955
3956
3957
3958
3959
3960
3961
3962
3963
3964
3996
3997
3998
3999
4000
4001
4002
4003
4004
4005
4006
4007
4008
4009
4010
4011
4012
4013
4014
4015
4016
4017
4018
4019
4020
4062
4063
4064
4065
4066
4067
4068
4069
4070
4071
4072
4073
4074
4075
4076
4077
4078
4079
4080
4081
4082
4083
4084
4085
4086
4087
4088
4089
4090
4122
4123
4158
4159
4160
4161
4162
4163
4164
4165
4166
4167
4168
4169
4170
4171
4172
4173
4174
4175
4176
4177
4178
4179
4180
4181
4203
4204
4214
4215
4216
4217
4218
4219
4220
4221
4222
4223
4224
4225
4226
4227
4228
4253
4254
4255
4256
4286
4287
4288
4289
4290
4295
4296
4297
4298
4299
4300
4301
4302
4303
4304
4305
4306
4307
4331
4332
4333
4334
4335
4336
4352
4353
4354
4355
4356
4357
4358
4359
4360
4361
4362
4363
4364
4365
4366
4367
4426
4427
4428
4429
4430
4431
4432
4433
4434
4435
4436
4437
4438
4439
4440
4441
4442
4468
4469
4470
4471
4479
4480
4481
4482
4483
4484
4485
4486
4501
4507
4508
4509
4510
4511
4512
4513
4514
4515
4528
4529
4530
4531
4532
4533
4543
4544
4545
4546
4547
4548
4549
4550
4551
4552
4553
4554
4555
4556
4557
4558
4559
4560
4561
4562
4563
4564
4565
4645
4646
4701
4702
4703
4704
4705
4706
4719
4780
4781
4821
4822
4823
4824
4825
4826
4827
4828
4829
4830
4831
4832
4833
4834
4835
4836
4837
4838
4839
4840
4841
4842
4878
4879
4880
4881
4882
4883
4884
4885
4886
4887
4888
4889
4890
4891
4892
4893
4894
4895
4896
4897
4898
4936
4938
4940
4941
4942
4943
4944
4945
4946
4947
4948
4949
4950
4951
4973
4974
4975
4976
4977
4978
4979
4989
4990
4991
4992
4993
4994
4995
4996
4997
5046
5047
5048
5049
5050
5051
5052
5053
5054
5055
5056
5057
5058
5059
5080
5081
5082
5083
5084
5090
5092
5093
5094
5095
5096
5097
5098
5102
5103
5104
5105
5106
5107
5108
5109
5110
5111
5112
5113
5114
5115
5175
5225
5226
5227
5228
5229
5230
5231
5232
5233
5234
5235
5236
5237
5238
5239
5240
5241
5242
5243
5244
5245
5246
5247
5274
5275
5276
5285
5286
5287
5288
5289
5290
5291
5292
5293
5294
5295
5296
5297
5298
5299
5300
5301
5302
5303
5304
5305
5306
5307
5308
5309
5310
5383
5384
5385
5386
5387
5388
5389
5390
5391
5392
5393
5465
5466
5467
5468
5469
5470
5471
5472
5485
5486
5487
5488
5489
5490
5491
5492
5493
5494
5495
5496
5497
5498
5499
5500
5501
5502
5503
5504
5505
5506
5507
5508
5509
5510
5511
5512
5513
5576
5577
5578
5579
5580
5581
5582
5583
5584
5585
5586
5587
5588
5589
5590
5626
5627
5628
5646
5647
5650
5651
5652
5653
5677
5687
5688
5689
5690
5721
5747
5748
5749
5750
5783
5784
5798
5809
5810
5825
5826
5827
5831
5862
5863
5864
5865
5866
5867
5868
5869
5870
5871
5872
5873
5874
5875
5876
5877
5878
5879
5880
5881
5882
5883
5884
5885
5886
5887
5888
5889
5890
5909
5910
5911
5912
5913
5914
5915
5916
5917
5918
5919
5920
5921
5922
5923
5924
5925
5926
5927
5928
5929
5930
5931
5977
5991
5992
5993
5994
5995
5996
5997
5998
5999
6000
6001
6002
6003
6004
6005
6006
6007
6008
6009
6010
6034
6035
6036
6037
6038
6039
6040
6041
6042
6134
6135
6136
6137
6138
6139
6140
6141
6142
6143
6144
6145
6146
6147
6148
6149
6150
6151
6152
6153
6154
6155
6156
6157
6158
6159
6178
6179
6180
6181
6182
6183
6206
6207
6208
6209
6210
6211
6212
6213
6214
6215
6216
6217
6218
6219
6220
6221
6222
6223
6224
6225
6226
6227
6228
6229
6230
6259
6260
6261
6262
6263
6264
6265
6266
6267
6268
6269
6270
6271
6272
6273
6274
6275
6276
6277
6278
6279
6280
6281
6282
6283
6284
6285
6286
6287
6288
6289
6290
6291
6292
6293
6294
6295
6337
6338
6339
6350
6351
6352
6353
6402
6403
6404
6405
6406
6407
6408
6409
6410
6411
6412
6413
6414
6415
6416
6417
6418
6419
6420
6421
6422
6423
6424
6425
6426
6427
6428
6429
6430
6431
6432
6433
6434
6435
6436
6490
6491
6492
6493
6518
6519
6520
6521
6522
6523
6524
6525
6548
6549
6550
6551
6552
6553
6554
6555
6556
6576
6577
6578
6579
6580
6581
6582
6583
6584
6585
6586
6587
6601
6602
6603
6604
6605
6610
6611
6694
6701
6721
6731
6732
6735
6736
6737
6738
6739
6743
6744
6745
6753
6754
6755
6756
6757
6758
6759
6787
6788
6789
6790
6791
6792
6793
6794
6795
6796
6797
6798
6799
6800
6801
6802
6803
6804
6805
6831
6832
6833
6834
6835
6836
6837
6838
6839
6840
6841
6842
6843
6844
6845
6846
6847
6848
6849
6850
6851
6852
6853
6854
6855
6856
6857
6858
6859
6860
6861
6937
6938
6939
6940
6941
6942
6943
6944
6945
6946
6947
6948
6949
6950
6975
6976
6977
6978
6979
6980
6981
6982
6983
6984
6985
6986
6987
6988
6989
6990
6991
6992
7028
7029
7030
7031
7032
7033
7034
7035
7036
7037
7038
7039
7040
7057
7090
7101
7102
7103
7104
7105
7106
7122
7123
7124
7125
7126
7127
7128
7129
7130
7131
7132
7133
7174
7175
7176
7177
7178
7179
7180
7195
7196
7197
7206
7207
7208
7229
7230
7231
7232
7233
7234
7235
7236
7237
7238
7239
7240
7241
7242
7243
7244
7245
7246
7247
7248
7249
7264
7338
7339
7340
7341
7342
7343
7344
7345
7346
7347
7348
7349
7350
7351
7378
7379
7380
7381
7382
7383
7384
7429
7430
7431
7432
7460
7461
7462
7463
7464
7465
7466
7467
7468
7469
7470
7471
7472
7473
7474
7475
7476
7477
7478
7479
7480
7481
7482
7483
7484
7485
7486
7487
7488
7489
7490
7515
7520
7534
7535
7536
7537
7538
7539
7540
7541
7542
7543
7544
7545
7546
7547
7548
7549
7550
7551
7552
7553
7554
7555
7556
7579
7580
7581
7591
7592
7593
7610
7611
7612
7613
7614
7615
7616
7617
7618
7619
7620
7635
7636
7637
7638
7642
7643
7644
7645
7646
7647
7648
7649
7650
7651
7652
7653
7654
7655
7656
7657
7658
7659
7660
7661
7662
7663
7664
7665
7666
7667
7668
7669
7670
7671
7701
7703
7704
7705
7706
7707
7708
7709
7710
7711
7712
7713
7714
7715
7716
7717
7718
7719
7720
7730
7731
7732
7733
7734
7735
7736
7737
7738
7739
7740
7741
7742
7743
7744
7745
7746
7747
7748
7749
7750
7751
7752
7753
7754
7755
7756
7757
7776
7777
7779
7780
7781
7782
7783
7784
7785
7807
7808
7809
7810
7811
7844
7845
7846
7847
7848
7849
7850
7851
7852
7853
7854
7855
7856
7961
7962
7963
7964
7965
7966
7967
7968
7969
7970
7971
8058
8063
8136
8137
8138
8139
8140
8141
8142
8143
8144
8145
8146
8147
8148
8149
8150
8151
8152
8153
8154
8155
8156
8157
8158
8159
8160
8161
8162
8163
8164
8165
8166
8167
8168
8169
8170
8171
8172
8173
8174
8175
8176
8177
8178
8179
8180
8181
8182
8183
8184
8185
8186
8187
8188
8189
8190
8191
8192
8193
8194
8195
8196
8197
8198
8199
8200
8201
8202
8203
8204
8205
8206
8207
8208
8209
8210
8211
8325
8326
8335
8336
8337
8338
8339
8340
8341
8342
8343
8344
8345
8346
8347
8348
8349
8350
8405
8406
8407
8408
8409
8420
8430
8431
8432
8433
8434
8469
8470
8471
8472
8473
8474
8475
8476
8477
8478
8479
8480
8481
8482
8483
8484
8485
8486
8532
8533
8534
8535
8536
8537
8538
8539
8540
8541
8542
8543
8544
8545
8546
8547
8548
8549
8550
8551
8552
8553
8554
8555
8556
8557
8558
8559
8560
8561
8562
8563
8564
8565
8566
8567
8568
8569
8570
8571
8572
8573
8574
8575
8576
8577
8578
8579
8580
8581
8582
8583
8584
8585
8586
8587
8588
8589
8590
8591
8668
8669
8670
8671
8672
8673
8674
8675
8676
8677
8678
8754
8755
8756
8757
8758
8759
8760
8761
8762
8763
8764
8765
8772
8775
8776
8777
8778
8779
8780
8781
8782
8783
8784
8800
8805
8806
8807
8808
8809
8810
8815
8816
8824
8825
8826
8827
8828
8829
8830
8831
8832
8833
8834
8835
8836
8837
8838
8839
8840
8851
8852
8853
8854
8855
8856
8857
8858
8889
8890
8891
8892
8893
8894
8895
8896
8897
8898
8899
8914
8915
8916
8917
8918
8928
8929
8930
8931
8932
8933
8949
8951
8952
8955
8956
8957
8958
8977
8978
8979
8980
8981
8982
8983
8984
8985
8986
8987
9003
9008
9009
9010
9011
9012
9013
9014
9015
9016
9017
9023
9024
9025
9026
9027
9028
9029
9030
9031
9032
9033
9034
9035
9036
9037
9038
9039
9040
9041
9053
9057
9058
9059
9063
9064
9065
9066
9067
9068
9069
9070
9071
9072
9073
9074
9075
9076
9159
9160
9161
9162
9163
9164
9165
9166
9167
9168
9169
9170
9171
9172
9173
9174
9175
9176
9177
9178
9179
9180
9181
9182
9183
9184
9185
9186
9187
9188
9189
9190
9191
9192
9193
9194
9195
9196
9197
9198
9199
9200
9201
9202
9203
9204
9205
9206
9207
9208
9209
9210
9211
9212
9213
9214
9215
9216
9217
9218
9219
9220
9221
9222
9276
9277
9278
9279
9349
9350
9351
9352
9353
9354
9355
9356
9357
9358
9359
9360
9361
9362
9363
9364
9365
9366
9367
9368
9369
9370
9371
9372
9373
9374
9375
9376
9377
9378
9379
9380
9381
9382
9383
9384
9385
9386
9387
9388
9389
9390
9391
9392
9393
9394
9395
9396
9397
9398
9399
9400
9401
9402
9403
9404
9405
9406
9407
9468
9469
9470
9471
9472
9473
9474
9475
9476
9477
9478
9479
9480
9516
9517
9518
9519
9520
9521
9522
9523
9524
9525
9526
9527
9528
9529
9530
9531
9532
9533
9534
9535
9536
9537
9546
9547
9548
9549
9550
9551
9552
9553
9554
9555
9556
9557
9558
9592
9601
9602
9603
9604
9605
9606
9607
9608
9609
9610
9611
9612
9613
9614
9649
9650
9651
9652
9653
9654
9655
9656
9657
9658
9659
9660
9678
9679
9680
9681
9682
9683
9684
9685
9686
9704
9723
9724
9741
9742
9743
9744
9745
9746
9747
9748
9749
9773
9774
9775
9776
9777
9778
9813
9814
9815
9816
9817
9818
9819
9820
9821
9822
9823
9824
9825
9826
9841
9842
9843
9844
9845
9846
9847
9848
9849
9850
9851
9852
9853
9854
9855
9856
9857
9922
9923
9924
9925
9926
9927
9928
9929
9930
9931
9932
10024
10025
10026
10027
10028
10029
10030
10031
10032
10033
10034
10035
10036
10043
10044
10049
10050
10051
10052
10053
10054
10055
10056
10057
10058
10059
10079
10080
10081
10082
10083
10084
10085
10086
10087
10088
10089
10090
10091
10092
10093
10094
10095
10096
10126
10127
10128
10129
10130
10131
10132
10133
10134
10135
10136
10137
10138
10139
10140
10141
10142
10176
10177
10178
10179
10180
10181
10182
10183
10184
10185
10186
10187
10188
10189
10190
10191
10192
10193
10221
10222
10223
10224
10225
10226
10227
10228
10229
10230
10231
10232
10233
10234
10235
10236
10237
10238
10265
10266
10267
10274
10275
10276
10277
10295
10307
10308
10309
10310
10311
10312
10313
10314
10315
10316
10317
10318
10319
10320
10321
10322
10323
10324
10325
10326
10327
10328
10329
10330
10331
10332
10350
10351
10352
10353
10354
10355
10356
10357
10358
10359
10360
10361
10376
10377
10378
10379
10380
10381
10382
10383
10384
10385
10386
10387
10388
10389
10390
10391
10392
10393
10394
10395
10396
10397
10398
10399
10400
10401
10402
10403
10404
10405
10406
10407
10408
10409
10410
10411
10412
10413
10414
10415
10416
10417
10418
10419
10420
10447
10448
10449
10450
10451
10452
10453
10454
10455
10456
10457
10458
10459
10460
10461
10462
10463
10464
10465
10466
10467
10468
10469
10470
10471
10483
10484
10485
10487
10488
10489
10490
10494
10495
10496
10497
10498
10499
10500
10501
10502
10503
10504
10505
10506
10507
10508
10509
10510
10511
10512
10513
10514
10515
10516
10517
10518
10519
10520
10521
10533
10534
10536
10538
10539
10540
10541
10542
10543
10544
10566
10567
10568
10569
10570
10571
10572
10573
10574
10575
10576
10577
10578
10579
10580
10581
10582
10583
10584
10585
10586
10587
10588
10589
10590
10591
10621
10623
10624
10625
10626
10627
10628
10629
10630
10631
10632
10633
10634
10635
10636
10637
10638
10639
10640
10641
10642
10650
10692
10693
10694
10695
10696
10697
10698
10699
10700
10701
10702
10703
10704
10705
10706
10707
10708
10709
10710
10711
10712
10713
10714
10715
10716
10717
10718
10719
10720
10721
10722
10723
10724
10725
10726
10727
10728
10729
10730
10731
10732
10733
10734
10777
10778
10794
10795
10796
10797
10798
10799
10800
10801
10802
10803
10804
10805
10806
10807
10808
10809
10810
10811
10812
10813
10814
10815
10816
10817
10818
10819
10820
10821
10822
10823
10824
10825
10826
10827
10828
10829
10923
10924
10925
10926
10927
10933
10934
10950
10951
10952
10953
10954
10955
10956
10957
10958
10959
10960
10961
10962
10963
10964
10965
10968
10969
10984
10990
10991
10992
10993
11005
11019
11027
11028
11029
11030
11031
11032
11033
11053
11074
11075
11076
11077
11078
11079
11080
11081
11082
11083
11084
11085
11086
11109
11110
11117
11118
11119
11120
11121
11122
11131
11132
11133
11134
11135
11136
11137
11138
11139
11140
11159
11160
11161
11162
11163
11164
11165
11173
11174
11187
11227
11230
11240
11241
11242
11243
11244
11245
11246
11247
11248
11249
11278
11279
11280
11281
11282
11283
11284
11285
11297
11298
11299
11300
11301
11302
11303
11304
11305
11306
11307
11308
11309
11310
11334
11335
11362
11363
11364
11365
11366
11367
11368
11369
11370
11371
11372
11373
11374
11375
11376
11377
11378
11379
11380
11381
11382
11383
11384
11466
11467
11468
11469
11470
11471
11472
11473
11474
11475
11476
11477
11478
11479
11480
11481
11482
11483
11484
11485
11486
11487
11488
11489
11490
11491
11492
11493
11494
11495
11496
11497
11498
11499
11500
11501
11502
11503
11504
11505
11506
11507
11508
11509
11510
11511
11512
11513
11514
11576
11577
11578
11579
11580
11604
11605
11606
11607
11608
11609
11610
11611
11612
11687
11688
11689
11690
11691
11692
11693
11694
11695
11696
11697
11698
11699
11700
11701
11702
11703
11704
11705
11706
11707
11708
11709
11710
11711
11712
11713
11714
11715
11716
11717
11718
11719
11720
11721
11722
11723
11724
11725
11726
11727
11728
11729
11730
11731
11808
11809
11810
11811
11812
11813
11814
11815
11816
11817
11818
11819
11820
11821
11822
11823
11824
11825
11826
11827
11828
11829
11830
11831
11832
11833
11834
11835
11836
11837
11838
11839
11840
11841
11842
11843
11844
11845
11846
11847
11848
11849
11850
11851
11852
11853
11854
11855
11856
11857
11894
11895
11896
11897
11898
11899
11900
11909
11910
11911
11912
11913
11914
11915
11916
11917
11918
11919
11981
11982
11983
11984
11985
11986
11987
11988
11989
11990
11991
11992
11993
11994
11995
11996
11997
11998
11999
12000
12001
12002
12003
12004
12005
12006
12007
12008
12009
12010
12011
12012
12013
12014
12015
12016
12017
12018
12019
12020
12021
12022
12023
12024
12025
12026
12068
12069
12073
12074
12075
12076
12089
12090
12091
12092
12093
12094
12095
12096
12097
12098
12099
12100
12101
12102
12103
12104
12105
12106
12107
12108
12109
12110
12111
12112
12113
12114
12115
12116
12117
12118
12119
12120
12121
12122
12123
12124
12125
12126
12127
12128
12129
12130
12131
12132
12133
12154
12155
12156
12157
12158
12159
12180
12181
12182
12183
12184
12185
12198
12200
12211
12212
12213
12214
12215
12216
12217
12218
12219
12220
12221
12248
12249
12250
12251
12252
12253
12254
12255
12256
12257
12258
12259
12260
12261
12262
12263
12264
12265
12266
12267
12268
12269
12270
12271
12272
12273
12274
12275
12276
12277
12285
12286
12287
12288
12289
12290
12291
12292
12293
12294
12297
12303
12304
12305
12306
12307
12308
12309
12310
12311
12312
12313
12314
12315
12316
12317
12318
12319
12320
12321
12322
12323
12324
12325
12326
12327
12328
12329
12330
12331
12332
12333
12334
12335
12336
12346
12350
12351
12352
12353
12354
12355
12356
12357
12358
12359
12360
12361
12362
12363
12364
12365
12366
12367
12368
12369
12370
12371
12372
12373
12379
12380
12381
12388
12389
12390
12391
12392
12393
12394
12395
12396
12397
12398
12399
12400
12401
12402
12426
12427
12428
12429
12430
12431
12432
12433
12434
12435
12455
12456
12457
12458
12459
12476
12477
12478
12496
12497
12498
12499
12500
12501
12502
12503
12504
12540
12558
12559
12560
12561
12562
12716
12717
12718
12719
12720
12721
12722
12723
12724
12725
12726
12727
12728
12729
12730
12731
12732
12846
12858
12859
12927
12928
12929
12930
12931
12932
12933
12934
12935
12936
12937
12938
12939
12940
12941
12969
12970
12971
13024
13025
13026
13027
13028
13029
13030
13031
13032
13033
13034
13035
13036
13037
13094
13095
13096
13097
13120
13121
13122
13123
13124
13125
13126
13127
13128
13147
13148
13149
13150
13151
13152
13176
13195
13196
13197
13198
13199
13200
13201
13202
13203
13204
13205
13206
13207
13208
13209
13210
13211
13212
13213
13214
13215
13216
13217
13218
13219
13220
13221
13222
13223
13224
13225
13226
13227
13228
13229
13230
13231
13232
13233
13234
13235
13236
13237
13238
13239
13240
13241
13242
13243
13244
13245
13246
13247
13248
13249
13250
13361
13362
13363
13364
13365
13366
13367
13423
13424
13425
13426
13427
13453
13454
13472
13473
13474
13475
13476
13477
13478
13479
13480
13481
13482
13499
13500
13501
13502
13503
13504
13526
13533
13534
13535
13536
13537
13538
13539
13540
13541
13542
13543
13544
13587
13588
13589
13590
13591
13592
13593
13594
13595
13596
13597
13598
13611
13612
13615
13616
13617
13618
13632
13633
13634
13635
13692
13693
13694
13695
13696
13697
13716
13717
13718
13719
13720
13721
13738
13739
13740
13741
13742
13743
13744
13745
13746
13747
13748
13749
13750
13751
13752
13753
13771
13772
13773
13774
13775
13776
13777
13778
13794
13795
13796
13797
13798
13841
13842
13843
13844
13845
13846
13847
13848
13849
13850
13851
13852
13853
13854
13887
13899
13900
13901
13902
13903
13904
13928
13929
13952
13953
13954
13955
13956
13974
13991
13992
13993
13994
13995
13996
13997
13998
13999
14000
14001
14002
14003
14030
14031
14032
14033
14034
14035
14036
14037
14038
14039
14040
14041
14042
14043
14044
14045
14046
14072
14085
14086
14087
14088
14103
14104
14105
14106
14107
14108
14109
14110
14111
14112
14150
14151
14152
14153
14154
14155
14156
14157
14158
14159
14160
14161
14162
14163
14164
14212
14213
14214
14215
14216
14217
14218
14219
14220
14270
14271
14272
14273
14274
14275
14276
14277
14278
14279
14280
14281
14282
14283
14284
14285
14364
14365
14366
14367
14368
14369
14370
14371
14372
14373
14374
14375
14376
14377
14405
14406
14407
14408
14409
14410
14411
14412
14413
14414
14415
14416
14417
14418
14419
14420
14448
14449
14450
14451
14452
14453
14454
14455
14456
14457
14458
14459
14460
14461
14462
14463
14464
14465
14466
14481
14483
14504
14505
14506
14507
14508
14509
14510
14511
14512
14513
14514
14515
14516
14550
14551
14552
14553
14554
14555
14556
14557
14558
14559
14560
14561
14562
14585
14604
14605
14606
14607
14608
14609
14610
14611
14612
14613
14614
14615
14616
14617
14618
14619
14620
14653
14654
14655
14656
14657
14703
14704
14705
14706
14707
14708
14709
14710
14711
14712
14713
14714
14715
14716
14717
14718
14813
14819
14820
14821
14822
14823
14824
14825
14875
14876
14877
14878
14879
14880
14936
14937
14938
14939
14940
14941
14942
14943
14944
14945
14946
14947
14948
14949
14950
14966
14967
14968
14969
14970
14971
14972
14973
14974
14975
14976
14977
14978
14979
14980
14981
14982
14983
14984
15009
15012
15013
15014
15015
15016
15017
15018
15019
15020
15044
15071
15072
15073
15074
15075
15076
15077
15078
15079
15080
15081
15082
15083
15104
15106
15114
15146
15147
15148
15149
15150
15151
15152
15203
15204
15205
15206
15207
15208
15209
15210
15211
15212
15213
15214
15215
15254
15255
15256
15257
15287
15288
15289
15290
15291
15292
15293
15294
15295
15296
15297
15298
15343
15344
15345
15346
15347
15348
15349
15350
15351
15352
15353
15354
15355
15356
15357
15358
15359
15360
15361
15362
15363
15364
15365
15366
15367
15368
15369
15370
15371
15372
15462
15463
15464
15465
15466
15467
15468
15469
15470
15471
15472
15473
15474
15475
15476
15477
15478
15479
15480
15481
15482
15483
15609
15610
15611
15612
15632
15633
15634
15659
15660
15687
15688
15689
15720
15721
15722
15723
15724
15725
15754
15755
15756
15757
15758
15759
15760
15761
15762
15763
15803
15804
15866
15899
15900
15901
15902
15903
15904
15905
15906
15907
15908
15909
15910
15911
15912
15923
15926
15927
15954
15955
15956
15957
15958
15959
15960
15993
15994
15995
15996
15997
15998
15999
16000
16001
16002
16003
16032
16033
16034
16062
16063
16064
16065
16126
16127
16128
16196
16197
16198
16199
16206
16207
16208
16209
16210
16223
16224
16225
16226
16227
16228
16229
16230
16231
16232
16233
16242
16269
16270
16271
16272
16273
16274
16275
16276
16277
16278
16279
16280
16281
16282
16283
16284
16303
16304
16305
16306
16346
16347
16348
16351
16354
16386
16387
16388
16389
16390
16391
16392
16393
16394
16395
16396
16397
16398
16399
16400
16401
16402
16403
16404
16405
16406
16407
16408
16467
16468
16472
16473
16474
16475
16476
16477
16478
16479
16480
16481
16482
16483
16484
16521
16522
16523
16524
16525
16526
16527
16528
16529
16530
16531
16532
16591
16592
16593
16594
16595
16596
16597
16598
16599
16600
16601
16602
16603
16604
16605
16606
16607
16608
16609
16610
16611
16612
16613
16614
16615
16616
16617
16618
16619
16620
16621
16622
16623
16624
16686
16687
16688
16689
16690
16691
16692
16693
16714
16715
16716
16717
16718
16719
16720
16721
16722
16723
16724
16725
16726
16727
16773
16774
16775
16776
16777
16778
16779
16780
16781
16796
16838
16839
16865
16866
16867
16868
16869
16870
16871
16872
16873
16874
16875
16933
16934
16935
16936
16937
16938
16939
16940
16941
16942
16943
16944
16972
16983
16984
16985
16986
16987
16988
16989
16990
16991
16992
17034
17035
17036
17037
17038
17039
17040
17041
17042
17043
17044
17045
17046
17047
17048
17049
17050
17051
17052
17053
17054
17055
17056
17088
17089
17090
17091
17092
17093
17094
17095
17123
17124
17125
17126
17127
17128
17129
17130
17131
17132
17133
17134
17135
17136
17137
17138
17139
17140
17141
17142
17143
17144
17145
17189
17199
17200
17201
17202
17203
17204
17205
17206
17207
17208
17209
17210
17211
17232
17233
17234
17235
17248
17249
17250
17251
17252
17253
17254
17255
17256
17257
17258
17259
17260
17261
17262
17263
17264
17265
17266
17267
17268
17269
17270
17271
17272
17273
17274
17275
17276
17277
17278
17279
17280
17281
17282
17283
17284
17285
17286
17287
17288
17289
17298
17303
17304
17305
17306
17307
17308
17309
17310
17311
17312
17313
17314
17315
17316
17317
17318
17319
17320
17321
17322
17323
17324
17325
17331
17332
17340
17341
17342
17343
17344
17345
17346
17347
17348
17349
17350
17351
17352
17353
17354
17355
17356
17357
17363
17364
17365
17368
17378
17394
17395
17396
17397
17398
17454
17455
17456
17457
17458
17459
17460
17461
17462
17463
17464
17465
17466
17467
17468
17469
17470
17471
17472
17473
17474
17475
17476
17477
17478
17479
17480
17501
17502
17503
17504
17505
17506
17507
17508
17509
17510
17511
17512
17513
17550
17551
17552
17553
17554
17555
17556
17557
17558
17559
17560
17561
17562
17563
17564
17565
17566
17567
17568
17569
17570
17571
17572
17573
17574
17575
17576
17577
17578
17579
17580
17684
17685
17686
17687
17688
17689
17690
17691
17692
17693
17694
17695
17696
17697
17698
17699
17700
17701
17702
17703
17704
17705
17706
17707
17708
17709
17710
17711
17712
17753
17754
17755
17756
17757
17758
17759
17760
17761
17762
17763
17764
17765
17766
17767
17768
17769
17770
17771
17772
17773
17774
17775
17776
17777
17778
17779
17780
17781
17812
17828
17872
17873
17880
17887
17888
17889
17890
17891
17892
17893
17894
17895
17896
17897
17898
17899
17900
17901
17947
17948
17949
17950
17951
17952
17953
17954
17955
17956
17957
17958
17959
18041
18042
18043
18044
18045
18046
18047
18048
18049
18050
18051
18052
18053
18054
18055
18056
18057
18058
18059
18060
18080
18081
18082
18083
18084
18085
18086
18087
18088
18089
18090
18091
18092
18093
18094
18095
18096
18097
18098
18149
18158
18159
18160
18161
18162
18163
18164
18165
18166
18167
18168
18169
18193
18204
18205
18206
18220
18221
18242
18243
18244
18245
18246
18247
18248
18249
18250
18251
18252
18253
18254
18255
18256
18257
18258
18259
18260
18261
18262
18281
18282
18283
18284
18286
18299
18300
18301
18302
18329
18330
18331
18332
18333
18334
18335
18336
18337
18338
18339
18340
18341
18354
18363
18364
18365
18366
18367
18368
18369
18370
18371
18372
18373
18374
18375
18376
18377
18403
18404
18405
18406
18407
18408
18409
18410
18411
18412
18413
18414
18415
18416
18417
18418
18445
18446
18447
18448
18449
18450
18451
18452
18453
18454
18455
18456
18457
18458
18459
18460
18461
18462
18463
18464
18465
18466
18481
18482
18483
18484
18492
18493
18494
18495
18496
18497
18498
18499
18500
18501
18502
18503
18504
18505
18506
18507
18508
18509
18532
18550
18551
18552
18553
18554
18555
18556
18557
18558
18559
18560
18561
18562
18563
18564
18565
18566
18567
18568
18569
18570
18571
18572
18573
18574
18575
18576
18577
18667
18668
18669
18670
18671
18672
18673
18674
18675
18676
18677
18678
18679
18680
18681
18682
18683
18684
18685
18686
18710
18748
18749
18750
18751
18752
18753
18754
18755
18756
18757
18758
18759
18760
18761
18762
18763
18764
18765
18766
18767
18768
18769
18770
18771
18772
18773
18774
18775
18776
18826
18827
18828
18829
18830
18831
18832
18833
18834
18835
18836
18837
18838
18839
18840
18841
18842
18843
18844
18845
18846
18847
18848
18849
18850
18868
18869
18880
18881
18882
18883
18884
18885
18886
18887
18888
18889
18890
18891
18892
18893
18894
18895
18896
18897
18898
18930
18931
18933
18934
18935
18950
18951
18952
18953
18954
18955
18956
18957
18958
18987
19004
19005
19006
19007
19008
19009
19010
19011
19012
19013
19014
19015
19016
19032
19039
19040
19041
19042
19043
19044
19062
19070
19071
19072
19073
19074
19075
19076
19077
19078
19079
19080
19081
19082
19083
19084
19117
19118
19119
19120
19121
19122
19123
19124
19125
19126
19127
19128
19129
19130
19131
19132
19133
19134
19135
19136
19137
19138
19139
19140
19141
19142
19143
19144
19145
19146
19212
19213
19219
19220
19221
19222
19223
19224
19225
19226
19243
19276
19277
19278
19279
19280
19281
19282
19283
19284
19285
19286
19287
19288
19289
19290
19291
19292
19293
19294
19295
19296
19297
19298
19398
19399
19400
19401
19402
19403
19404
19405
19406
19407
19408
19409
19410
19411
19412
19413
19414
19415
19416
19417
19418
19419
19420
19421
19422
19423
19424
19425
19426
19427
19428
19429
19502
19503
19504
19505
19528
19529
19530
19531
19532
19533
19534
19535
19536
19537
19538
19539
19540
19545
19546
19566
19567
19568
19569
19570
19571
19572
19573
19594
19595
19596
19597
19598
19599
19600
19601
19602
19603
19604
19605
19606
19607
19608
19609
19610
19611
19612
19633
19634
19635
19636
19637
19638
19639
19640
19641
19642
19643
19644
19645
19646
19647
19648
19654
19655
19656
19657
19658
19696
19697
19699
19700
19701
19709
19711
19712
19713
19714
19715
19724
19725
19726
19727
19728
19729
19730
19731
19732
19733
19745
19746
19747
19748
19749
19750
19751
19752
19753
19754
19755
19756
19757
19758
19759
19772
19773
19774
19793
19794
19795
19796
19797
19798
19799
19800
19801
19802
19803
19804
19805
19806
19807
19808
19809
19810
19811
19812
19843
19844
19845
19846
19847
19848
19849
19850
19851
19852
19853
19854
19855
19872
19873
19874
19875
19876
19877
19878
19879
19880
19881
19882
19883
19884
19893
19902
19903
19904
19905
19906
19907
19908
19909
19925
19926
19927
19941
19989
19990
19991
19992
19993
19994
19995
19996
19997
19998
19999
20000
20001
20002
20003
20004
20005
20006
20007
20008
20009
20010
20011
20012
20013
20014
20015
20016
20017
20018
20019
20020
20021
20022
20023
20024
20025
20026
20089
20090
20091
20092
20093
20094
20095
20096
20097
20098
20099
20100
20101
20102
20103
20104
20105
20106
20107
20108
20109
20110
20111
20112
20113
20114
20115
20116
20117
20118
20119
20120
20145
20146
20147
20148
20149
20150
20151
20152
20153
20154
20155
20156
20157
20158
20159
20160
20161
20162
20163
20164
20165
20166
20167
20168
20169
20170
20194
20195
20196
20197
20198
20199
20306
20350
20351
20352
20353
20354
20355
20356
20357
20358
20359
20360
20361
20362
20363
20364
20365
20366
20367
20368
20369
20370
20371
20372
20373
20374
20375
20376
20377
20378
20414
20415
20416
20417
20418
20419
20464
20465
20466
20467
20468
20469
20470
20471
20472
20473
20474
20475
20476
20477
20478
20479
20480
20481
20482
20483
20484
20485
20486
20487
20488
20489
20490
20491
20492
20493
20494
20495
20496
20497
20498
20499
20500
20501
20502
20503
20504
20505
20506
20507
20508
20509
20510
20511
20512
20513
20514
20515
20576
20577
20578
20579
20580
20581
20582
20583
20584
20585
20586
20607
20608
20609
20640
20641
20642
20643
20644
20645
20646
20659
20660
20661
20662
20663
20664
20665
20666
20667
20679
20680
20681
20682
20683
20684
20685
20686
20687
20688
20689
20690
20691
20692
20693
20694
20695
20696
20697
20698
20699
20700
20701
20702
20703
20704
20705
20706
20707
20708
20709
20710
20711
20712
20713
20714
20715
20716
20717
20718
20719
20782
20783
20784
20785
20786
20787
20788
20789
20790
20791
20792
20793
20794
20795
20796
20797
20798
20799
20800
20801
20802
20846
20847
20848
20849
20850
20851
20852
20853
20854
20855
20856
20857
20858
20859
20860
20861
20862
20863
20864
20865
20866
20867
20868
20869
20870
20871
20872
20873
20874
20875
20876
20877
20930
20940
20941
20942
20943
20944
20945
20946
20947
20948
20949
20950
20951
20952
20953
20954
20955
20956
20979
20980
20981
20982
20983
20984
20985
20986
20987
20988
20989
20990
20991
20992
20993
20994
20995
20996
20997
21028
21045
21055
21056
21057
21058
21059
21085
21086
21087
21088
21089
21090
21091
21092
21112
21113
21114
21115
21116
21117
21118
21119
21138
21139
21140
21141
21142
21143
21144
21145
21158
21159
21160
21161
21162
21163
21164
21165
21166
21167
21168
21169
21184
21185
21186
21187
21188
21189
21190
21191
21192
21193
21194
21195
21196
21220
21221
21222
21223
21239
21240
21241
21242
21253
21254
21255
21256
21257
21258
21259
21260
21261
21281
21282
21283
21284
21285
21286
21287
21288
21289
21290
21291
21292
21293
21294
21295
21296
21297
21298
21299
21300
21301
21302
21346
21347
21348
21349
21350
21351
21352
21353
21354
21355
21356
21357
21358
21359
21360
21361
21362
21363
21364
21365
21366
21367
21399
21400
21425
21426
21427
21428
21429
21430
21431
21432
21433
21434
21435
21436
21483
21484
21493
21494
21495
21496
21497
21498
21499
21500
21501
21502
21503
21504
21505
21506
21507
21508
21509
21510
21511
21512
21513
21514
21515
21516
21517
21518
21539
21540
21541
21542
21543
21544
21545
21546
21547
21548
21549
21550
21577
21578
21579
21580
21598
21599
21600
21601
21602
21603
21604
21605
21606
21607
21608
21609
21610
21611
21612
21613
21627
21628
21629
21630
21631
21632
21633
21634
21635
21636
21637
21638
21639
21657
21658
21659
21660
21661
21662
21663
21664
21665
21666
21667
21681
21682
21683
21684
21685
21686
21687
21688
21689
21690
21691
21692
21693
21694
21695
21696
21697
21698
21699
21700
21701
21702
21703
21704
21705
21706
21707
21708
21709
21710
21719
21723
21724
21725
21726
21727
21728
21729
21730
21731
21762
21763
21764
21765
21766
21767
21768
21771
21772
21773
21774
21775
21776
21777
21778
21791
21798
21799
21800
21801
21802
21803
21804
21805
21806
21807
21808
21809
21828
21829
21844
21845
21846
21853
21891
21892
21893
21894
21895
21896
21897
21898
21899
21900
21901
21902
21903
21904
21905
21906
21939
21941
21951
21952
21953
21954
21955
21965
21966
21967
21968
21969
21970
21980
21981
21982
21983
21984
21985
21986
21987
21988
22006
22008
22009
22010
22011
22017
22025
22026
22027
22028
22029
22030
22031
22032
22033
22034
22035
22050
22051
22052
22053
22054
22057
22062
22063
22064
22065
22066
22067
22068
22069
22070
22071
22072
22073
22074
22075
22076
22077
22078
22079
22080
22081
22088
22089
22090
22091
22092
22102
22103
22104
22105
22106
22107
22108
22109
22110
22111
22112
22113
22114
22115
22116
22117
22118
22119
22120
22121
22122
22143
22144
22145
22146
22147
22148
22149
22150
22151
22152
22153
22154
22155
22156
22157
22158
22159
22160
22161
22162
22163
22164
22165
22166
22167
22168
22180
22181
22182
22186
22187
22188
22189
22190
22191
22192
22193
22194
22199
22200
22201
22202
22203
22204
22205
22206
22207
22208
22209
22211
22212
22213
22214
22215
22216
22217
22218
22219
22220
22221
22222
22223
22224
22225
22264
22265
22266
22267
22268
22269
22270
22271
22272
22273
22274
22275
22276
22297
22298
22299
22300
22301
22302
22303
22304
22305
22306
22307
22308
22309
22310
22311
22312
22313
22355
22356
22357
22358
22359
22360
22361
22362
22363
22364
22365
22384
22390
22391
22392
22393
22394
22395
22396
22397
22398
22399
22400
22401
22402
22403
22404
22405
22446
22447
22448
22449
22461
22462
22463
22464
22465
22466
22467
22468
22469
22470
22471
22472
22473
22474
22475
22476
22477
22478
22479
22480
22481
22482
22483
22531
22532
22533
22534
22535
22536
22537
22538
22539
22540
22541
22542
22543
22544
22545
22580
22581
22582
22583
22584
22585
22586
22587
22588
22589
22590
22591
22592
22593
22614
22654
22655
22656
22657
22658
22659
22660
22661
22662
22663
22664
22665
22666
22667
22668
22669
22670
22671
22672
22673
22674
22675
22676
22677
22678
22679
22680
22681
22682
22683
22684
22685
22686
22687
22688
22689
22690
22691
22692
22693
22694
22695
22696
22697
22698
22699
22700
22701
22702
22703
22704
22705
22706
22707
22708
22709
22787
22788
22789
22790
22791
22792
22793
22794
22795
22796
22797
22798
22813
22814
22815
22816
22817
22818
22846
22847
22848
22849
22850
22851
22852
22853
22854
22855
22856
22857
22858
22884
22904
22905
22996
22997
22998
22999
23000
23001
23002
23003
23004
23005
23006
23007
23008
23009
23010
23029
23037
23055
23056
23057
23058
23059
23060
23061
23062
23063
23064
23065
23066
23067
23068
23069
23070
23114
23115
23116
23122
23123
23124
23125
23126
23168
23169
23170
23171
23207
23208
23209
23210
23211
23237
23238
23239
23240
23241
23242
23315
23316
23317
23318
23319
23341
23342
23343
23344
23345
23346
23347
23348
23349
23350
23351
23352
23353
23354
23355
23356
23422
23423
23424
23425
23426
23427
23428
23429
23430
23431
23432
23433
23434
23435
23436
23451
23452
23453
23462
23464
23465
23466
23467
23480
23481
23482
23483
23484
23485
23486
23487
23488
23489
23490
23491
23492
23521
23531
23532
23538
23544
23545
23546
23547
23548
23552
23553
23574
23575
23576
23577
23578
23579
23580
23581
23582
23583
23584
23585
23586
23587
23588
23626
23627
23628
23629
23630
23631
23632
23633
23634
23635
23636
23637
23638
23664
23665
23666
23667
23668
23669
23670
23689
23690
23691
23692
23699
23706
23707
23708
23709
23710
23711
23712
23713
23714
23715
23716
23717
23718
23736
23737
23738
23739
23740
23741
23742
23743
23744
23745
23746
23768
23769
23770
23771
23772
23773
23774
23775
23776
23777
23778
23779
23780
23781
23782
23816
23891
23905
23906
23907
23908
23909
23910
23911
23923
23924
23925
23926
23941
23942
23943
23944
24006
24007
24008
24009
24010
24011
24012
24013
24014
24015
24016
24017
24018
24019
24020
24021
24022
24050
24051
24052
24053
24054
24069
24070
24071
24072
24073
24074
24075
24076
24077
24078
24079
24080
24081
24102
24103
24107
24108
24109
24110
24111
24112
24113
24143
24144
24145
24146
24147
24148
24149
24150
24151
24152
24153
24154
24155
24156
24157
24158
24159
24160
24161
24162
24202
24203
24204
24205
24206
24207
24238
24239
24240
24241
24255
24256
24257
24258
24259
24260
24261
24262
24263
24264
24265
24266
24267
24268
24269
24270
24271
24272
24324
24371
24372
24373
24374
24375
24376
24377
24378
24379
24380
24381
24382
24419
24420
24421
24422
24423
24424
24425
24426
24427
24428
24429
24430
24431
24432
24433
24434
24435
24436
24437
24438
24439
24440
24441
24442
24443
24444
24445
24446
24447
24448
24449
24478
24479
24480
24481
24482
24483
24484
24485
24486
24515
24516
24517
24518
24519
24520
24521
24522
24556
24557
24558
24559
24560
24561
24562
24563
24564
24565
24566
24567
24568
24569
24570
24571
24592
24593
24594
24595
24596
24597
24598
24599
24600
24601
24602
24603
24604
24623
24627
24628
24629
24630
24640
24641
24642
24643
24647
24648
24650
24651
24656
24657
24669
24695
24696
24697
24698
24699
24700
24701
24702
24703
24704
24705
24706
24707
24708
24709
24710
24711
24712
24713
24714
24715
24716
24717
24718
24719
24720
24721
24722
24751
24752
24763
24764
24765
24766
24767
24768
24769
24770
24771
24772
24773
24774
24775
24801
24802
24803
24804
24805
24806
24807
24818
24819
24825
24826
24841
24842
24843
24844
24845
24846
24847
24848
24863
24864
24865
24866
24867
24868
24901
24902
24903
24904
24905
24906
24907
24908
24909
24910
24911
24912
24913
24914
24915
24916
24917
24918
24919
24920
24921
24922
24923
24924
24925
24926
24927
24963
24964
24965
24966
24967
24968
24969
24970
24971
24972
24973
24974
24975
24976
24977
24978
24979
24980
24992
24993
24994
24995
25006
25007
25008
25009
25010
25011
25012
25013
25014
25015
25016
25017
25018
25019
25029
25030
25074
25075
25076
25077
25078
25079
25080
25081
25082
25083
25084
25085
25086
25087
25088
25089
25090
25091
25092
25093
25094
25095
25096
25097
25098
25099
25100
25136
25137
25138
25139
25140
25183
25184
25185
25186
25187
25188
25189
25190
25206
25207
25208
25219
25220
25221
25222
25223
25224
25225
25226
25290
25291
25292
25293
25294
25295
25296
25297
25307
25308
25309
25310
25311
25312
25358
25359
25360
25361
25362
25363
25364
25365
25366
25367
25368
25369
25370
25371
25372
25373
25374
25375
25434
25435
25436
25437
25438
25439
25440
25441
25442
25443
25444
25445
25446
25456
25457
25458
25459
25460
25486
25487
25488
25489
25490
25491
25492
25493
25494
25495
25509
25519
25520
25521
25522
25523
25524
25525
25526
25555
25556
25564
25565
25566
25567
25568
25595
25596
25597
25598
25599
25600
25601
25602
25603
25604
25605
25606
25607
25608
25609
25630
25631
25632
25633
25634
25635
25636
25637
25638
25639
25640
25652
25653
25654
25659
25660
25669
25670
25671
25672
25712
25713
25714
25715
25716
25717
25718
25719
25720
25721
25722
25723
25724
25725
25726
25727
25728
25729
25770
25771
25772
25773
25774
25775
25776
25777
25778
25779
25780
25781
25782
25783
25805
25806
25807
25808
25809
25810
25811
25812
25813
25827
25828
25829
25830
25831
25832
25833
25834
25835
25836
25837
25838
25839
25840
25841
25842
25843
25844
25845
25846
25847
25848
25849
25850
25851
25903
25904
25905
25909
25910
25911
25912
25930
25931
25932
25933
25934
25935
25936
25937
25938
25939
25940
25941
25942
25943
25944
25945
25946
25947
25974
25975
25976
25977
25978
25979
25980
25981
25982
25983
25984
25985
25986
25987
25995
26001
26002
26003
26004
26005
26006
26007
26008
26009
26010
26011
26065
26066
26067
26068
26069
26070
26071
26072
26073
26091
26092
26093
26094
26095
26096
26097
26098
26099
26117
26118
26119
26120
26121
26122
26123
26124
26125
26126
26127
26142
26143
26144
26145
26146
26147
26151
26169
26170
26171
26172
26173
26174
26175
26176
26177
26178
26179
26180
26181
26182
26183
26184
26185
26186
26187
26188
26209
26210
26211
26212
26221
26222
26234
26235
26236
26237
26238
26239
26240
26241
26242
26259
26263
26264
26310
26311
26312
26313
26314
26315
26316
26317
26318
26319
26320
26321
26322
26323
26324
26325
26326
26327
26328
26329
26330
26331
26332
26333
26334
26335
26336
26383
26384
26385
26386
26387
26388
26389
26390
26419
26420
26421
26422
26423
26424
26425
26426
26427
26428
26429
26453
26455
26466
26467
26468
26469
26470
26471
26472
26473
26474
26475
26476
26477
26497
26525
26526
26527
26528
26529
26530
26531
26554
26555
26556
26557
26558
26559
26560
26561
26562
26563
26575
26576
26577
26578
26579
26580
26588
26595
26601
26626
26627
26628
26629
26630
26631
26632
26633
26634
26635
26636
26637
26638
26639
26640
26641
26642
26643
26644
26645
26646
26647
26648
26649
26650
26651
26652
26653
26654
26655
26671
26685
26686
26687
26688
26689
26690
26691
26692
26693
26694
26695
26696
26697
26698
26699
26700
26701
26702
26703
26704
26705
26706
26707
26708
26709
26710
26711
26712
26713
26714
26715
26726
26731
26732
26733
26734
26735
26736
26737
26738
26739
26740
26741
26742
26743
26744
26748
26752
26753
26754
26755
26756
26757
26758
26759
26760
26761
26772
26773
26774
26775
26776
26777
26778
26779
26780
26781
26782
26783
26784
26785
26786
26787
26788
26789
26790
26803
26804
26805
26806
26807
26808
26809
26810
26811
26812
26813
26814
26815
26816
26821
26822
