268
696
697
890
896
897
898
911
922
1107
1416
1422
1446
1447
1448
1449
1450
1451
1462
1463
1464
1507
1537
1756
1757
1758
1759
1760
1761
1762
1763
2008
2073
2074
2075
2076
2079
2088
2089
2090
2091
2092
2093
2094
2098
2099
2100
2101
2213
2289
2290
2296
2730
2895
2896
2897
2898
2899
2900
2901
3456
3462
3463
3464
3579
3657
3971
4120
4122
4123
4126
4127
4128
4129
4130
4131
4132
4133
4134
4135
4136
4137
4203
4204
4797
4798
4799
4800
4801
4802
4803
4804
4805
5174
5176
5177
5178
5179
5183
5184
5185
5186
5187
5238
5306
5357
5387
5418
5419
5420
5421
5422
5432
5433
5434
5441
5463
5482
5496
5560
6749
6750
6751
6752
6753
6754
6755
6757
6758
6759
6760
6761
6762
6763
6764
6765
6766
6767
6768
6769
6770
6771
6772
6773
7047
7048
7049
7054
7089
7697
8324
8486
8502
8507
8508
8509
8532
8533
8534
8535
8536
8560
8561
8562
8563
8573
8592
8593
8600
8612
8613
8614
8615
8616
8627
8766
8815
8816
8926
8927
8928
8929
8932
8937
8938
8939
8940
8941
8946
9011
9083
9159
9259
9350
9351
9402
9420
9639
9641
9642
9643
9644
9645
9646
9647
9648
9649
9650
9651
9652
9653
9654
9657
9658
9659
9660
9661
9662
9663
9664
9665
9666
9667
9669
9670
9671
9672
9673
9674
9675
9676
9677
9678
9679
9680
9681
9682
9683
9684
9685
9686
9687
9688
9689
9690
9691
9692
9694
9695
9696
9697
9698
9699
9700
9701
9702
9703
10031
10043
10044
10597
10682
10745
10776
10933
10960
10988
10989
10990
10994
10995
10996
10997
10998
11187
11204
11445
11713
12407
12542
12680
12983
13032
13177
13178
13179
13182
13183
13184
13185
13212
13213
13214
13217
13221
13222
13223
13224
13225
13226
13227
13228
13229
13230
13262
13269
13270
13271
13272
13273
13274
13321
13322
13323
13324
13344
13402
13403
13412
13437
13438
13447
13526
13654
13734
13735
13736
13741
13742
13744
13748
13749
13750
13751
13752
13753
13754
13755
13756
13757
13758
13767
13768
13779
13786
13872
13873
14080
14081
14082
14085
14089
14090
14091
14097
14122
14134
14305
14373
14390
14394
14395
14396
14397
14398
14399
14400
14401
14402
14403
14404
14405
14406
14407
14408
14409
14410
14411
14412
14413
14414
14415
14416
14417
14418
14419
14420
14421
14422
14423
14424
14425
14426
14427
14428
14429
14430
14431
14432
14433
14434
14435
14436
14437
14438
14439
14440
14441
14442
14443
14444
14445
14446
14447
14448
14449
14450
14451
14452
14453
14454
14455
14456
14457
14458
14459
14460
14461
14462
14463
14464
14465
14466
14467
14468
14469
14470
14471
14472
14473
14474
14475
14476
14477
14478
14479
14480
14497
14561
14563
15033
15298
15322
15332
15351
15352
15353
15386
15387
15388
15430
15470
15584
15746
15753
15754
15757
15758
15759
15763
15765
15766
15767
15775
15925
16113
16121
16122
16123
16124
16125
16126
16127
16128
16129
16130
16131
16132
16134
16243
16470
16583
16584
16888
16958
16992
17013
17133
17529
17538
17539
17540
17542
17543
17544
17545
17546
17547
17548
17549
17550
17551
17552
17553
17554
17555
17556
17558
17559
17560
17561
17562
17564
17569
17570
17571
17572
17573
17574
17575
17576
17577
17578
17579
17580
17581
17582
17583
17584
17585
17586
17587
17588
17589
17590
17591
17594
17595
17596
17597
17598
17599
17600
17601
17602
17603
17604
17605
17606
17607
17608
17609
17616
17617
17618
17619
17620
17864
17912
17926
18167
18168
18488
18489
18490
18491
18492
18493
18494
18495
18496
18497
18498
18499
18500
18501
18502
18503
18504
18505
18506
18507
18508
18509
18510
18511
18512
18513
18514
18516
18517
18518
18519
18520
18521
18522
18523
18524
18526
18543
18550
18578
18663
18745
18776
18825
18833
18834
18850
18882
18976
19101
19102
19109
19110
19111
19112
19113
19114
19115
19121
19122
19123
19124
19125
19131
19133
19134
19135
19136
19137
19143
19147
19148
19149
19152
19153
19154
19155
19158
19159
19160
19161
19184
19288
19304
19352
19378
19379
19387
19388
19390
19391
19392
19393
19398
19399
19400
19424
19425
19426
19427
19430
19431
19432
19433
19445
19446
19447
19448
19449
19450
19451
19455
19456
19457
19458
19459
19460
19939
19940
19941
19972
20130
20260
20274
20605
20615
20703
20908
21239
21268
21270
21271
21272
21273
21274
21275
21276
21277
21278
21279
21280
21281
21282
21283
21284
21285
21286
21288
21289
21290
21291
21292
21293
21294
21295
21296
21297
21298
21299
21300
21301
21302
21303
21304
21305
21306
21307
21308
21309
21310
21311
21312
21313
21314
21315
21316
21317
21318
21319
21320
21323
21324
21325
21326
21327
21328
21390
21424
21435
21443
21573
21574
21575
21576
21577
21578
21579
21580
21581
21582
21583
21584
21585
21586
21587
21588
21589
21590
21591
21639
21694
21853
21854
22077
22122
22165
22248
22313
22395
22556
22605
22606
22858
23023
23043
23049
23050
23051
23068
23071
23072
23073
23098
23099
23100
23113
23232
23233
23234
23237
23238
23239
23240
23241
23242
23244
23245
23462
23675
23760
23761
23762
23763
23764
23765
23766
23767
23771
23772
23773
23774
23775
23776
23778
23779
23780
23781
23782
23793
23794
23795
23796
23797
23798
23799
23809
23810
23811
23812
24072
24104
24105
24106
24107
24108
24109
24111
24112
24113
24119
24120
24121
24122
24123
24124
24127
24128
24129
24130
24131
24132
24159
24227
24267
24279
24393
24394
24395
24396
24397
24398
24406
24407
24408
24409
24419
24420
24421
24422
24423
24424
24428
24429
24430
24431
24432
24433
24434
24435
24436
24437
24450
24451
24452
24453
24454
24462
24463
24464
24465
24466
24467
24468
24469
24487
24585
24586
24588
24592
24593
24594
24595
24596
24597
24598
24599
24600
24607
24608
24609
24610
24611
24612
24613
24617
24618
24619
24622
24630
24694
25099
25154
25160
25320
25371
25425
25426
25427
25428
25429
25430
25431
25432
25433
25434
25435
25436
25437
25438
25439
25440
25441
25442
25443
25444
25445
25446
25447
25448
25449
25450
25451
25452
25453
25454
25455
25537
25738
25819
26057
26087
26088
26089
26090
26091
26092
26093
26094
26095
26096
26097
26098
26099
26100
26101
26102
26103
26104
26113
26123
26355
26447
26544
26742
26783
