0
1
2
4
7
25
32
34
37
38
44
45
47
49
50
58
63
66
69
72
74
76
78
88
98
105
109
124
125
126
129
130
134
135
136
141
142
145
146
148
149
150
153
154
155
160
161
164
166
167
171
172
175
178
180
186
188
196
198
201
203
207
208
212
213
217
221
223
224
225
228
230
231
234
237
238
242
243
247
248
251
252
258
259
263
265
269
271
272
274
276
277
281
283
287
289
294
296
297
301
304
307
310
313
318
321
323
325
347
351
371
374
397
400
405
408
410
413
416
417
420
423
425
427
429
432
436
448
449
452
453
458
460
463
464
471
472
476
477
478
479
482
483
490
491
495
496
498
499
505
506
507
508
510
511
518
519
520
521
522
528
529
530
531
540
541
542
545
551
552
553
554
555
556
562
563
564
565
570
571
572
574
575
576
577
579
580
581
586
587
590
591
595
596
599
602
606
607
612
613
617
618
619
620
625
626
634
639
641
646
650
654
658
660
663
666
673
674
678
681
683
689
690
691
693
698
699
703
705
718
731
732
734
740
746
747
750
753
754
758
762
767
771
774
778
781
787
792
793
794
795
797
806
807
808
809
812
813
814
823
824
825
827
831
832
833
834
840
841
842
843
844
845
849
850
852
864
870
872
876
879
883
886
888
890
902
903
909
910
912
917
918
923
927
928
933
937
948
958
960
966
970
974
975
980
983
984
986
987
990
992
993
998
999
1004
1006
1009
1010
1018
1021
1024
1031
1032
1040
1041
1042
1044
1046
1050
1056
1057
1059
1062
1064
1081
1083
1086
1089
1094
1095
1100
1101
1104
1105
1108
1109
1114
1115
1117
1118
1120
1124
1127
1128
1131
1132
1138
1139
1141
1142
1146
1147
1151
1154
1157
1159
1161
1164
1170
1172
1173
1177
1236
1285
1287
1295
1299
1320
1321
1325
1329
1337
1341
1369
1382
1399
1406
1417
1419
1427
1430
1431
1435
1436
1437
1439
1440
1446
1452
1453
1455
1461
1462
1472
1475
1476
1481
1485
1487
1488
1494
1495
1497
1500
1501
1509
1513
1517
1521
1523
1528
1532
1535
1540
1542
1544
1565
1572
1573
1575
1581
1582
1583
1584
1586
1587
1588
1597
1598
1599
1602
1605
1606
1607
1608
1614
1615
1616
1618
1620
1622
1623
1630
1631
1637
1638
1642
1643
1646
1647
1650
1651
1653
1654
1655
1657
1658
1661
1662
1669
1670
1675
1676
1679
1680
1713
1715
1716
1717
1719
1721
1722
1725
1726
1728
1730
1731
1732
1734
1735
1737
1739
1740
1741
1742
1744
1745
1747
1749
1751
1767
1770
1780
1781
1785
1786
1788
1795
1796
1799
1800
1801
1804
1805
1809
1810
1816
1817
1823
1830
1831
1834
1840
1841
1847
1848
1851
1853
1857
1858
1859
1861
1863
1867
1868
1870
1871
1875
1876
1878
1881
1882
1885
1888
1891
1897
1900
1903
1904
1909
1912
1914
1918
1923
1928
1931
1932
1937
1943
1944
1947
1951
1961
1963
1964
1969
1970
1978
1983
1992
1999
2000
2001
2002
2005
2006
2007
2008
2013
2014
2022
2023
2024
2027
2032
2033
2040
2042
2047
2048
2049
2050
2052
2057
2060
2061
2063
2069
2075
2079
2080
2081
2083
2088
2098
2105
2106
2109
2111
2116
2120
2135
2151
2153
2163
2167
2172
2175
2182
2186
2188
2190
2194
2205
2209
2211
2213
2214
2226
2227
2228
2233
2234
2237
2241
2242
2245
2246
2248
2249
2252
2253
2255
2258
2260
2263
2264
2273
2281
2282
2289
2292
2297
2311
2314
2321
2330
2331
2337
2338
2347
2348
2353
2354
2360
2362
2365
2370
2371
2377
2378
2382
2383
2387
2389
2390
2395
2397
2414
2419
2422
2433
2434
2437
2441
2444
2445
2459
2461
2462
2466
2467
2471
2473
2474
2478
2479
2482
2483
2486
2487
2493
2494
2497
2498
2502
2503
2508
2510
2527
2539
2559
2560
2564
2565
2568
2571
2573
2574
2581
2582
2583
2585
2586
2587
2588
2589
2590
2591
2592
2593
2594
2596
2600
2603
2604
2607
2608
2609
2615
2616
2619
2622
2623
2627
2628
2631
2632
2633
2637
2639
2640
2642
2644
2645
2651
2652
2655
2657
2658
2659
2665
2666
2671
2673
2676
2677
2680
2682
2687
2692
2697
2698
2704
2709
2710
2715
2717
2723
2724
2731
2732
2734
2739
2743
2748
2762
2769
2770
2775
2780
2781
2786
2787
2796
2797
2802
2803
2808
2809
2812
2815
2819
2820
2826
2828
2832
2836
2840
2842
2844
2851
2854
2855
2857
2858
2871
2872
2875
2881
2884
2886
2890
2897
2918
2921
2926
2929
2931
2932
2934
2937
2939
2940
2951
2952
2958
2961
2965
2966
2971
2975
2979
2982
2983
2989
3001
3002
3003
3008
3009
3013
3014
3017
3018
3021
3023
3024
3025
3031
3032
3035
3038
3039
3043
3045
3047
3049
3055
3057
3060
3064
3067
3071
3072
3073
3075
3076
3077
3081
3082
3083
3086
3087
3167
3168
3170
3171
3172
3179
3198
3202
3207
3211
3212
3213
3214
3216
3217
3219
3220
3225
3226
3229
3230
3232
3234
3238
3241
3243
3246
3248
3249
3253
3254
3255
3260
3261
3269
3270
3274
3276
3277
3278
3282
3285
3286
3290
3291
3293
3294
3295
3299
3301
3303
3306
3308
3314
3318
3319
3323
3329
3332
3333
3334
3337
3338
3339
3352
3355
3362
3368
3373
3374
3379
3380
3389
3391
3394
3395
3405
3406
3413
3416
3417
3420
3423
3427
3435
3436
3439
3444
3445
3449
3451
3454
3457
3458
3459
3469
3471
3476
3480
3490
3491
3492
3495
3496
3499
3502
3504
3505
3507
3508
3511
3513
3514
3516
3517
3518
3526
3527
3530
3532
3534
3539
3540
3542
3545
3547
3552
3553
3556
3557
3561
3564
3565
3569
3572
3573
3578
3582
3583
3590
3591
3597
3601
3602
3605
3608
3610
3615
3616
3621
3626
3627
3632
3633
3689
3712
3735
3748
3773
3796
3809
3819
3820
3823
3825
3828
3832
3834
3837
3839
3844
3853
3856
3860
3863
3868
3872
3875
3878
3882
3886
3890
3893
3897
3898
3902
3907
3909
3912
3914
3915
3917
3923
3924
3926
3929
3931
3934
3938
3943
3945
3946
3955
3959
3962
3965
3972
3976
3979
3980
3984
3985
3989
3990
3996
3997
4000
4001
4005
4010
4011
4012
4015
4019
4021
4022
4025
4026
4035
4036
4039
4043
4046
4047
4052
4053
4058
4059
4062
4063
4065
4066
4070
4077
4078
4089
4093
4094
4099
4100
4102
4108
4109
4110
4118
4119
4138
4139
4142
4146
4151
4158
4159
4163
4164
4169
4173
4175
4180
4182
4183
4187
4188
4193
4196
4199
4200
4201
4207
4215
4220
4225
4229
4234
4241
4253
4256
4258
4261
4264
4265
4269
4270
4273
4278
4280
4281
4295
4296
4297
4302
4303
4308
4311
4312
4319
4320
4327
4335
4338
4339
4340
4342
4345
4346
4347
4350
4352
4353
4357
4363
4365
4368
4369
4371
4376
4379
4382
4390
4392
4403
4404
4408
4414
4428
4437
4442
4447
4457
4471
4473
4489
4492
4495
4501
4502
4504
4507
4508
4511
4516
4519
4523
4524
4543
4545
4588
4596
4599
4602
4607
4608
4612
4613
4619
4624
4630
4637
4638
4647
4652
4658
4667
4671
4676
4683
4687
4692
4695
4704
4707
4714
4717
4724
4733
4737
4741
4744
4749
4752
4755
4757
4761
4763
4765
4768
4773
4778
4780
4781
4784
4790
4792
4811
4821
4826
4831
4834
4838
4846
4859
4865
4866
4867
4875
4877
4878
4880
4881
4882
4884
4885
4886
4887
4892
4898
4900
4901
4902
4906
4907
4908
4912
4913
4919
4925
4926
4927
4928
4934
4936
4937
4940
4943
4950
4960
4965
4971
4978
4981
4985
4989
4994
4998
4999
5001
5006
5007
5014
5017
5023
5024
5031
5037
5047
5051
5068
5094
5099
5102
5103
5109
5110
5116
5119
5120
5124
5134
5141
5151
5152
5154
5158
5162
5166
5170
5173
5188
5192
5199
5200
5203
5208
5213
5214
5225
5226
5238
5241
5242
5248
5249
5252
5257
5258
5260
5267
5268
5275
5279
5281
5283
5285
5286
5287
5290
5295
5303
5309
5311
5314
5315
5317
5323
5324
5331
5333
5337
5340
5345
5348
5349
5350
5351
5356
5360
5361
5366
5367
5374
5375
5377
5378
5384
5388
5392
5394
5395
5397
5401
5405
5406
5409
5413
5414
5423
5424
5429
5435
5448
5456
5458
5465
5466
5469
5472
5474
5477
5478
5482
5484
5485
5498
5503
5514
5524
5531
5532
5535
5541
5546
5558
5560
5562
5566
5567
5572
5573
5576
5579
5581
5585
5586
5592
5593
5597
5599
5600
5603
5606
5608
5609
5613
5614
5621
5622
5626
5627
5629
5632
5634
5636
5637
5640
5641
5644
5653
5673
5674
5679
5680
5683
5687
5688
5690
5691
5692
5693
5696
5704
5707
5709
5710
5711
5715
5722
5726
5734
5738
5743
5748
5755
5759
5760
5765
5773
5777
5787
5793
5796
5797
5800
5801
5810
5813
5817
5819
5825
5832
5833
5838
5844
5845
5847
5848
5851
5855
5856
5857
5859
5862
5865
5866
5867
5872
5873
5879
5881
5882
5884
5888
5890
5891
5892
5895
5899
5901
5903
5908
5909
5910
5919
5925
5926
5932
5933
5942
5943
5948
5949
5954
5955
5960
5971
5972
5976
5977
5978
5980
5994
5995
5999
6009
6010
6011
6017
6023
6042
6053
6057
6061
6062
6076
6082
6089
6091
6092
6098
6099
6106
6111
6112
6116
6120
6121
6123
6126
6127
6128
6129
6131
6135
6136
6137
6141
6145
6146
6149
6153
6156
6160
6161
6163
6166
6167
6169
6170
6181
6187
6195
6200
6206
6213
6221
6234
6241
6247
6252
6259
6260
6266
6267
6270
6275
6276
6280
6288
6289
6292
6297
6300
6301
6302
6310
6313
6314
6315
6324
6328
6332
6337
6340
6341
6345
6348
6351
6359
6377
6378
6379
6381
6382
6383
6388
6392
6393
6398
6401
6402
6406
6407
6411
6418
6423
6424
6428
6429
6430
6434
6435
6437
6441
6442
6446
6447
6449
6450
6453
6454
6459
6460
6469
6474
6476
6477
6482
6488
6494
6504
6506
6510
6512
6515
6516
6518
6519
6527
6528
6533
6534
6535
6537
6538
6544
6545
6547
6548
6554
6558
6563
6564
6567
6569
6571
6572
6577
6582
6595
6611
6612
6613
6614
6621
6634
6635
6639
6640
6647
6657
6658
6662
6668
6672
6680
6686
6693
6694
6696
6698
6699
6700
6701
6706
6707
6714
6720
6724
6740
6741
6748
6775
6788
6792
6798
6806
6811
6818
6822
6831
6836
6844
6847
6853
6862
6867
6873
6884
6888
6897
6902
6910
6917
6922
6923
6928
6929
6931
6932
6934
6935
6937
6938
6945
6951
6957
6958
6963
6970
6971
6975
6976
6977
6985
6986
6993
6994
6996
6997
6998
7000
7003
7004
7007
7013
7015
7016
7023
7024
7025
7027
7029
7032
7035
7036
7041
7042
7046
7063
7075
7084
7085
7086
7088
7089
7090
7091
7099
7104
7111
7116
7120
7128
7132
7133
7137
7145
7148
7151
7152
7157
7158
7163
7167
7190
7195
7196
7197
7198
7199
7201
7209
7211
7216
7219
7221
7224
7226
7230
7231
7236
7242
7244
7245
7247
7250
7251
7254
7257
7258
7260
7263
7265
7266
7297
7307
7309
7315
7325
7329
7330
7338
7342
7346
7348
7352
7355
7367
7370
7373
7380
7387
7393
7398
7402
7404
7411
7420
7437
7454
7459
7467
7475
7479
7485
7488
7495
7497
7498
7503
7511
7515
7518
7523
7531
7534
7540
7541
7544
7554
7570
7576
7577
7588
7592
7593
7607
7612
7619
7626
7629
7640
7641
7643
7644
7649
7651
7652
7653
7660
7661
7664
7665
7670
7671
7673
7674
7678
7680
7681
7687
7688
7696
7697
7698
7703
7704
7705
7711
7712
7715
7716
7717
7721
7722
7725
7726
7730
7733
7734
7741
7742
7747
7748
7751
7752
7757
7759
7760
7766
7767
7768
7769
7770
7777
7779
7780
7782
7783
7785
7786
7787
7789
7794
7798
7807
7812
7814
7815
7816
7818
7823
7824
7828
7832
7834
7837
7838
7842
7843
7846
7848
7850
7851
7867
7872
7878
7899
7900
7907
7908
7913
7914
7919
7920
7924
7925
7928
7932
7935
7938
7942
7950
7954
7956
7959
7961
7963
7968
7970
7971
7973
7978
7979
7985
7988
7989
7993
7994
7995
7999
8000
8005
8007
8008
8011
8012
8013
8016
8017
8022
8027
8031
8033
8038
8041
8045
8050
8052
8054
8059
8060
8067
8074
8075
8076
8078
8080
8085
8090
8095
8103
8104
8105
8107
8109
8116
8117
8118
8125
8129
8132
8133
8134
8138
8144
8148
8149
8151
8152
8159
8160
8161
8162
8164
8181
8182
8183
8186
8187
8191
8192
8196
8204
8212
8220
8221
8222
8223
8224
8232
8233
8234
8239
8240
8249
8253
8256
8257
8261
8263
8264
8272
8273
8274
8279
8280
8286
8287
8293
8294
8298
8300
8308
8311
8316
8321
8331
8340
8346
8365
8368
8371
8373
8379
8386
8390
8393
8395
8401
8419
8421
8423
8424
8426
8427
8428
8431
8437
8438
8439
8440
8445
8446
8450
8451
8452
8455
8459
8464
8465
8467
8469
8470
8477
8478
8484
8488
8489
8493
8494
8498
8499
8504
8507
8510
8511
8514
8515
8532
8537
8538
8541
8542
8543
8545
8546
8550
8551
8555
8556
8557
8560
8563
8564
8565
8568
8594
8595
8600
8601
8602
8608
8609
8612
8615
8620
8621
8623
8628
8644
8654
8656
8657
8658
8661
8663
8664
8665
8667
8669
8675
8683
8684
8687
8692
8693
8705
8707
8710
8716
8719
8722
8724
8726
8739
8742
8756
8772
8774
8775
8779
8783
8785
8788
8791
8793
8804
8807
8815
8817
8818
8825
8826
8827
8832
8838
8841
8842
8848
8850
8851
8855
8858
8859
8861
8862
8866
8867
8870
8873
8875
8879
8883
8884
8890
8891
8893
8900
8902
8905
8910
8911
8914
8916
8917
8919
8921
8926
8933
8934
8937
8949
8950
8953
8957
8960
8966
8967
8970
8973
8979
8980
8990
8998
9044
9051
9052
9054
9061
9086
9094
9095
9096
9098
9112
9117
9125
9126
9127
9130
9131
9136
9137
9138
9141
9149
9156
9157
9163
9168
9174
9175
9176
9177
9178
9179
9186
9193
9194
9195
9196
9199
9202
9208
9215
9221
9223
9231
9232
9233
9234
9242
9243
9244
9246
9247
9248
9260
9267
9268
9269
9273
9277
9279
9282
9286
9287
9296
9297
9298
9301
9316
9323
9324
9325
9327
9328
9334
9335
9336
9345
9358
9366
9367
9368
9378
9384
9385
9386
9389
9394
9400
9408
9415
9416
9417
9418
9419
9421
9422
9429
9430
9431
9433
9444
9449
9450
9451
9469
9473
9475
9479
9483
9488
9491
9494
9497
9499
9503
9507
9509
9516
9519
9522
9526
9530
9532
9534
9540
9558
9570
9574
9575
9579
9580
9589
9593
9601
9602
9606
9609
9618
9628
9633
9636
9638
9639
9642
9657
9672
9678
9685
9687
9693
9694
9698
9700
9708
9711
9729
9735
9744
9745
9746
9749
9752
9753
9754
9756
9757
9762
9763
9765
9773
9781
9783
9785
9786
9789
9790
9793
9794
9797
9801
9804
9808
9809
9812
9813
9817
9823
9824
9826
9827
9830
9834
9836
9837
9842
9844
9848
9851
9852
9854
9859
9860
9861
9862
9866
9868
9869
9874
9877
9878
9880
9881
9885
9888
9889
9896
9899
9900
9902
9903
9906
9909
9910
9916
9917
9919
9921
9926
9932
9935
9939
9940
9942
9945
9948
9952
9955
9957
9959
9963
9966
9968
9970
9972
9981
9983
9984
9985
9988
9989
9992
9994
9997
10002
10005
10006
10008
10011
10012
10021
10024
10027
10032
10033
10035
10037
10038
10041
10043
10044
10049
10052
10058
10062
10066
10069
10089
10092
10103
10105
10114
10115
10116
10120
10121
10123
10124
10131
10132
10133
10137
10145
10146
10150
10151
10152
10153
10159
10163
10168
10169
10170
10174
10176
10177
10178
10179
10180
10184
10185
10190
10191
10193
10194
10195
10196
10202
10203
10208
10209
10213
10221
10222
10223
10227
10231
10233
10236
10241
10242
10245
10248
10251
10254
10256
10258
10261
10263
10267
10272
10274
10276
10281
10286
10295
10296
10303
10304
10305
10306
10307
10310
10311
10312
10318
10319
10323
10324
10328
10329
10330
10333
10339
10342
10343
10348
10350
10354
10357
10360
10361
10362
10370
10371
10372
10374
10376
10382
10383
10384
10386
10387
10388
10396
10397
10398
10399
10401
10408
10409
10410
10411
10412
10419
10420
10421
10428
10429
10430
10434
10435
10440
10441
10443
10445
10447
10448
10454
10455
10456
10459
10461
10462
10467
10468
10471
10472
10475
10476
10477
10480
10483
10486
10489
10490
10491
10496
10506
10515
10518
10621
10622
10625
10634
10645
10647
10652
10653
10654
10658
10659
10663
10667
10668
10670
10671
10676
10683
10688
10689
10692
10696
10697
10701
10702
10704
10707
10709
10710
10714
10717
10718
10719
10720
10725
10726
10732
10733
10735
10736
10740
10741
10744
10746
10747
10753
10754
10759
10760
10762
10765
10766
10771
10772
10774
10777
10779
10780
10783
10788
10791
10794
10797
10799
10803
10804
10807
10811
10815
10816
10819
10823
10824
10827
10830
10832
10833
10840
10841
10844
10845
10848
10849
10853
10854
10857
10858
10862
10866
10867
10871
10872
10874
10875
10878
10879
10884
10886
10888
10891
10894
10898
10900
10903
10909
10912
10914
10916
10921
10922
10923
10925
10927
10928
10929
10933
10935
10936
10937
10940
10943
10944
10948
10950
10955
10958
10959
10962
10963
10967
10975
10978
10981
10984
10985
10986
10987
10992
11004
11005
11009
11011
11015
11019
11020
11021
11024
11025
11027
11030
11031
11034
11035
11039
11040
11044
11045
11046
11049
11053
11054
11056
11064
11067
11068
11078
11080
11081
11082
11083
11086
11087
11091
11092
11093
11094
11099
11100
11101
11105
11109
11113
11118
11119
11190
11191
11198
11199
11206
11211
11212
11219
11220
11225
11230
11233
11294
11297
11298
11299
11301
11304
11308
11311
11315
11320
11324
11327
11334
11335
11337
11339
11342
11346
11351
11352
11358
11361
11365
11371
11372
11377
11378
11381
11383
11385
11389
11390
11395
11403
11406
11407
11416
11417
11421
11426
11427
11432
11434
11436
11440
11441
11442
11444
11445
11446
11450
11451
11468
11469
11473
11477
11478
11481
11482
11484
11489
11493
11494
11497
11498
11499
11502
11503
11507
11517
11518
11523
11524
11529
11530
11531
11535
11536
11540
11544
11549
11553
11554
11559
11560
11564
11565
11570
11574
11575
11576
11577
11580
11581
11582
11589
11591
11593
11606
11609
11613
11615
11619
11625
11627
11630
11634
11638
11643
11646
11647
11648
11651
11652
11655
11659
11660
11662
11664
11668
11669
11672
11674
11676
11677
11682
11683
11686
11688
11690
11694
11698
11700
11705
11710
11714
11715
11718
11719
11722
11724
11725
11728
11729
11732
11733
11739
11740
11743
11745
11749
11750
11754
11757
11761
11764
11765
11768
11769
11772
11773
11784
11789
11790
11791
11793
11797
11802
11804
11808
11812
11813
11814
11820
11821
11822
11824
11830
11831
11832
11833
11834
11835
11838
11840
11841
11842
11844
11845
11854
11855
11857
11858
11859
11863
11864
11868
11871
11872
11873
11874
11877
11879
11882
11884
11886
11888
11890
11891
11894
11897
11900
11901
11902
11909
11914
11918
11920
11923
11928
11932
11934
11935
11941
11942
11950
11951
11952
11954
11956
11960
11965
11967
11971
11973
11976
11978
11981
11985
11986
11987
11995
11996
11997
11999
12002
12003
12004
12005
12009
12010
12014
12020
12023
12024
12025
12026
12032
12033
12034
12035
12041
12045
12049
12050
12053
12057
12061
12068
12069
12072
12074
12076
12077
12085
12086
12087
12089
12094
12095
12096
12097
12104
12105
12106
12108
12113
12114
12116
12122
12123
12124
12126
12130
12131
12133
12134
12140
12141
12142
12143
12147
12152
12155
12156
12159
12161
12162
12168
12172
12175
12181
12185
12188
12189
12194
12291
12303
12317
12322
12350
12354
12379
12382
12384
12389
12392
12395
12398
12403
12408
12411
12414
12418
12422
12424
12431
12433
12436
12439
12443
12446
12448
12452
12460
12464
12473
12482
12488
12494
12497
12501
12504
12512
12513
12521
12526
12529
12533
12538
12540
12541
12544
12546
12548
12558
12561
12565
12577
12579
12584
12588
12589
12598
12601
12606
12611
12616
12623
12630
12636
12644
12647
12648
12655
12660
12661
12666
12667
12668
12671
12675
12676
12681
12682
12687
12688
12694
12699
12709
12710
12716
12719
12722
12725
12731
12732
12733
12737
12745
12751
12757
12758
12765
12767
12773
12774
12781
12789
12790
12796
12801
12806
12811
12813
12818
12819
12825
12826
12830
12834
12838
12839
12843
12846
12848
12852
12871
12878
12898
12907
12909
12912
12915
12918
12922
12923
12927
12929
12932
12933
12943
12947
12948
12958
12962
12965
12966
12972
12973
12978
12984
12985
12990
12991
12998
13002
13005
13006
13009
13015
13017
13021
13024
13025
13026
13033
13034
13041
13042
13043
13049
13050
13056
13057
13059
13061
13062
13067
13070
13071
13074
13077
13078
13082
13084
13085
13089
13095
13098
13103
13106
13107
13111
13112
13115
13119
13126
13127
13131
13135
13142
13143
13151
13158
13165
13173
13175
13176
13189
13190
13193
13196
13197
13198
13203
13205
13206
13218
13231
13241
13244
13248
13251
13252
13256
13263
13264
13277
13278
13279
13283
13284
13292
13301
13302
13306
13310
13313
13314
13325
13328
13336
13337
13339
13340
13341
13343
13346
13349
13355
13368
13370
13379
13382
13387
13390
13391
13393
13395
13396
13397
13398
13404
13414
13423
13426
13431
13443
13455
13473
13477
13486
13492
13493
13494
13497
13499
13500
13502
13505
13507
13512
13516
13517
13520
13527
13528
13530
13537
13544
13545
13546
13554
13557
13558
13559
13564
13565
13569
13570
13574
13576
13579
13580
13585
13587
13591
13594
13595
13599
13600
13603
13604
13608
13613
13614
13617
13618
13620
13621
13623
13626
13628
13629
13632
13634
13636
13637
13640
13645
13646
13649
13655
13656
13659
13663
13664
13668
13669
13673
13675
13677
13678
13683
13685
13688
13691
13692
13693
13694
13698
13700
13701
13702
13703
13704
13712
13713
13716
13725
13729
13738
13745
13746
13761
13762
13770
13774
13780
13781
13794
13807
13808
13813
13814
13824
13830
13831
13842
13844
13848
13849
13855
13856
13862
13863
13872
13874
13880
13889
13890
13894
13900
13905
13910
13914
13915
13923
13928
13930
13935
13936
13940
13945
13952
13957
13958
13960
13967
13975
13979
13980
13984
13988
13991
13993
13995
13997
13998
14000
14001
14002
14004
14006
14007
14012
14015
14016
14019
14022
14024
14027
14029
14032
14035
14036
14040
14042
14044
14045
14050
14051
14053
14055
14056
14061
14064
14066
14067
14071
14072
14094
14098
14099
14100
14101
14102
14103
14105
14109
14110
14113
14118
14121
14123
14127
14135
14140
14151
14156
14166
14172
14186
14189
14198
14202
14216
14221
14225
14242
14244
14247
14249
14256
14257
14260
14263
14264
14266
14269
14270
14271
14272
14280
14281
14285
14286
14287
14288
14294
14295
14296
14302
14303
14306
14315
14322
14326
14330
14333
14336
14338
14344
14353
14365
14369
14379
14385
14484
14485
14487
14488
14490
14498
14499
14504
14505
14509
14512
14519
14522
14523
14528
14532
14533
14537
14538
14541
14545
14548
14550
14553
14557
14562
14570
14571
14572
14573
14579
14582
14585
14586
14589
14591
14596
14600
14605
14616
14620
14622
14623
14629
14630
14640
14645
14657
14661
14669
14679
14682
14683
14694
14695
14702
14703
14705
14710
14727
14731
14735
14738
14739
14742
14743
14752
14755
14762
14770
14775
14779
14782
14787
14788
14791
14798
14802
14808
14819
14832
14833
14836
14837
14840
14841
14845
14846
14847
14850
14851
14853
14856
14861
14867
14869
14870
14875
14877
14880
14882
14885
14889
14890
14892
14898
14901
14902
14907
14912
14916
14921
14931
14936
14940
14951
14957
14965
14966
14967
14968
14975
14976
14977
14985
14990
14991
14992
15000
15001
15002
15007
15010
15014
15015
15021
15022
15030
15034
15035
15047
15048
15050
15055
15061
15072
15077
15084
15089
15100
15103
15104
15109
15111
15112
15113
15125
15134
15144
15157
15175
15181
15187
15193
15194
15200
15204
15215
15216
15222
15223
15228
15230
15232
15237
15238
15240
15242
15246
15255
15263
15264
15268
15284
15292
15296
15302
15309
15316
15328
15346
15347
15354
15358
15364
15373
15374
15394
15395
15396
15402
15403
15413
15416
15419
15423
15424
15425
15431
15435
15436
15439
15445
15450
15452
15462
15463
15471
15472
15473
15481
15483
15493
15504
15510
15511
15518
15519
15526
15527
15534
15536
15537
15546
15552
15553
15557
15558
15564
15565
15566
15567
15571
15572
15573
15578
15579
15587
15588
15592
15593
15594
15596
15597
15598
15602
15604
15606
15610
15613
15614
15617
15621
15622
15625
15626
15629
15632
15635
15636
15638
15642
15643
15644
15647
15651
15655
15657
15660
15661
15663
15667
15669
15671
15674
15675
15678
15682
15694
15700
15708
15713
15714
15715
15718
15722
15724
15726
15730
15736
15738
15741
15743
15747
15749
15760
15768
15769
15772
15776
15777
15779
15783
15785
15788
15795
15797
15800
15804
15805
15806
15808
15812
15813
15817
15821
15822
15825
15828
15829
15833
15834
15841
15844
15850
15852
15856
15858
15859
15860
15861
15864
15867
15871
15872
15874
15879
15881
15882
15885
15886
15888
15891
15899
15900
15906
15908
15909
15913
15914
15917
15918
15923
15926
15927
15933
15941
15948
15954
15955
15957
15961
15972
15981
15990
16000
16009
16016
16027
16031
16037
16039
16040
16043
16044
16047
16050
16052
16055
16056
16058
16062
16064
16066
16067
16069
16073
16074
16078
16084
16086
16088
16091
16092
16095
16096
16104
16105
16108
16114
16115
16118
16135
16139
16144
16151
16154
16157
16158
16160
16165
16168
16173
16183
16190
16192
16193
16202
16208
16214
16223
16224
16230
16231
16234
16235
16236
16239
16244
16258
16265
16272
16278
16285
16290
16303
16307
16310
16316
16324
16333
16341
16345
16347
16352
16353
16354
16360
16374
16381
16382
16384
16397
16408
16412
16418
16439
16444
16464
16469
16472
16473
16477
16485
16486
16493
16494
16501
16507
16514
16529
16533
16541
16544
16549
16550
16556
16557
16560
16561
16564
16565
16566
16569
16570
16573
16580
16591
16592
16593
16599
16605
16606
16609
16617
16625
16626
16643
16644
16652
16653
16658
16659
16674
16686
16694
16695
16699
16708
16709
16710
16714
16715
16722
16728
16729
16734
16735
16739
16740
16746
16754
16758
16777
16782
16795
16798
16803
16804
16807
16808
16810
16814
16816
16817
16819
16823
16825
16827
16831
16833
16836
16839
16840
16841
16853
16858
16867
16868
16876
16880
16881
16889
16893
16899
16902
16903
16909
16910
16919
16926
16934
16936
16937
16945
16951
16959
16963
16964
16976
16979
16982
16987
16995
17001
17022
17032
17035
17039
17041
17046
17053
17056
17061
17062
17065
17073
17077
17084
17087
17093
17113
17114
17118
17123
17128
17129
17135
17143
17146
17153
17159
17165
17166
17174
17177
17179
17186
17195
17198
17202
17210
17214
17224
17230
17232
17233
17234
17236
17237
17238
17240
17241
17246
17248
17249
17251
17252
17259
17260
17261
17262
17265
17268
17270
17271
17277
17279
17280
17284
17286
17288
17290
17291
17296
17300
17301
17303
17304
17310
17312
17313
17315
17316
17321
17322
17326
17327
17334
17335
17338
17340
17341
17346
17349
17350
17354
17355
17358
17360
17363
17368
17370
17371
17373
17375
17380
17383
17388
17391
17394
17396
17398
17399
17400
17405
17409
17413
17421
17426
17436
17443
17454
17462
17468
17472
17479
17481
17489
17495
17504
17516
17522
17530
17541
17543
17548
17554
17561
17565
17572
17574
17579
17584
17589
17603
17608
17612
17618
17623
17624
17630
17633
17635
17637
17641
17642
17648
17651
17653
17654
17655
17662
17666
17667
17668
17673
17676
17677
17678
17683
17684
17685
17687
17688
17693
17698
17699
17703
17706
17707
17711
17713
17714
17719
17723
17724
17729
17735
17736
17743
17749
17753
17758
17763
17772
17776
17777
17782
17793
17801
17807
17811
17816
17819
17822
17829
17830
17831
17835
17836
17837
17838
17840
17843
17845
17846
17847
17851
17852
17860
17868
17869
17871
17873
17878
17880
17881
17887
17890
17896
17902
17913
17923
17930
17935
17938
17944
17949
17954
17960
17962
17964
17965
17966
17969
17970
17974
17975
17976
17979
17980
17981
17985
17986
17989
17990
17991
17995
17996
17997
17999
18002
18003
18004
18007
18008
18010
18011
18012
18016
18017
18023
18024
18025
18028
18030
18031
18035
18038
18042
18043
18047
18050
18054
18055
18058
18059
18061
18062
18067
18069
18070
18073
18076
18079
18081
18082
18089
18090
18095
18096
18105
18106
18110
18116
18117
18121
18125
18126
18129
18134
18135
18144
18145
18151
18160
18168
18170
18178
18185
18191
18192
18195
18211
18220
18223
18227
18231
18234
18238
18239
18244
18246
18247
18250
18253
18255
18257
18258
18259
18263
18266
18269
18272
18274
18275
18277
18278
18280
18281
18283
18285
18286
18287
18288
18289
18291
18292
18294
18295
18296
18299
18300
18301
18303
18304
18305
18309
18310
18312
18313
18315
18317
18318
18319
18320
18322
18323
18326
18327
18328
18329
18332
18333
18334
18337
18338
18339
18340
18342
18343
18346
18347
18348
18349
18350
18351
18356
18359
18362
18365
18368
18372
18375
18377
18378
18379
18383
18384
18388
18392
18395
18399
18401
18402
18403
18406
18411
18414
18416
18419
18422
18423
18424
18428
18429
18432
18436
18437
18440
18444
18446
18447
18450
18452
18453
18457
18459
18460
18462
18466
18467
18469
18470
18473
18477
18478
18482
18485
18487
18491
18495
18504
18508
18512
18515
18518
18527
18528
18530
18533
18539
18543
18547
18551
18556
18557
18564
18566
18572
18573
18582
18583
18586
18591
18592
18602
18603
18615
18616
18622
18623
18626
18634
18640
18644
18646
18649
18653
18655
18671
18677
18687
18698
18704
18711
18719
18724
18729
18733
18734
18738
18746
18749
18754
18759
18762
18764
18765
18769
18775
18776
18779
18783
18788
18790
18795
18798
18800
18801
18802
18811
18818
18828
18835
18844
18851
18858
18863
18868
18872
18876
18880
18884
18892
18894
18899
18909
18919
18926
18934
18937
18940
18945
18950
18952
18953
18955
18964
18967
18970
18974
18976
18977
18979
18984
18986
18987
18991
18994
18998
19001
19003
19004
19006
19007
19011
19013
19017
19020
19022
19026
19029
19031
19041
19045
19050
19055
19064
19066
19071
19074
19078
19079
19082
19087
19088
19091
19092
19094
19097
19103
19104
19110
19114
19116
19117
19120
19125
19126
19127
19130
19131
19134
19138
19139
19141
19144
19145
19149
19150
19153
19155
19156
19161
19162
19163
19165
19166
19167
19171
19172
19176
19177
19178
19182
19183
19184
19185
19187
19188
19189
19193
19194
19195
19196
19197
19200
19203
19204
19209
19210
19213
19215
19216
19227
19232
19236
19244
19253
19259
19265
19276
19281
19299
19310
19317
19318
19323
19326
19327
19330
19333
19334
19336
19338
19339
19344
19346
19347
19349
19352
19353
19354
19360
19363
19364
19370
19371
19374
19383
19392
19394
19403
19404
19415
19420
19427
19428
19432
19434
19440
19451
19457
19459
19461
19462
19466
19467
19472
19473
19474
19475
19479
19481
19482
19483
19486
19489
19490
19493
19495
19496
19497
19498
19506
19519
19523
19528
19537
19542
19543
19545
19554
19571
19573
19578
19584
19586
19589
19599
19603
19613
19618
19621
19622
19628
19629
19630
19633
19635
19636
19640
19643
19644
19647
19659
19665
19670
19671
19677
19681
19682
19684
19685
19689
19691
19692
19694
19699
19702
19705
19710
19711
19712
19714
19716
19718
19724
19734
19742
19745
19750
19758
19760
19767
19768
19769
19771
19772
19773
19775
19776
19782
19785
19786
19788
19793
19802
19804
19805
19807
19808
19809
19816
19819
19820
19823
19827
19828
19831
19832
19834
19837
19839
19840
19843
19844
19845
19846
19848
19849
19852
19855
19856
19859
19860
19864
19867
19868
19872
19875
19882
19883
19885
19888
19889
19891
19895
19897
19899
19901
19903
19905
19906
19909
19910
19912
19914
19917
19922
19924
19925
19926
19928
19931
19933
19936
19937
19939
19942
19943
19948
19952
19953
19957
19958
19961
19962
19968
19971
19972
19973
19974
19978
19981
19982
19985
19988
19989
19990
19991
19992
19998
20004
20005
20010
20013
20014
20015
20018
20019
20023
20027
20028
20032
20036
20037
20038
20045
20049
20050
20051
20057
20062
20063
20064
20070
20071
20075
20076
20077
20089
20091
20092
20098
20099
20108
20109
20123
20124
20131
20140
20145
20148
20151
20162
20163
20171
20179
20188
20191
20197
20201
20207
20208
20217
20218
20226
20228
20229
20230
20236
20237
20243
20244
20250
20251
20252
20257
20261
20262
20267
20268
20269
20273
20274
20275
20276
20279
20280
20281
20286
20287
20292
20293
20294
20299
20301
20307
20308
20314
20317
20319
20320
20325
20329
20330
20331
20336
20340
20341
20346
20351
20352
20359
20363
20364
20365
20369
20372
20374
20375
20378
20379
20380
20387
20391
20392
20398
20402
20404
20406
20407
20411
20413
20414
20420
20427
20429
20439
20443
20444
20450
20457
20461
20467
20473
20474
20481
20482
20490
20491
20495
20496
20504
20505
20513
20516
20519
20520
20530
20535
20536
20544
20545
20551
20552
20561
20562
20566
20567
20570
20578
20587
20598
20609
20610
20612
20615
20616
20619
20620
20624
20626
20627
20628
20631
20632
20633
20640
20647
20651
20652
20653
20654
20656
20659
20663
20665
20667
20672
20673
20677
20679
20680
20686
20693
20694
20703
20704
20711
20713
20716
20717
20720
20721
20728
20731
20733
20736
20737
20743
20744
20746
20747
20752
20759
20765
20771
20775
20782
20794
20803
20813
20819
20820
20824
20828
20832
20836
20837
20840
20844
20845
20846
20847
20848
20849
20853
20856
20858
20859
20862
20863
20867
20872
20873
20875
20878
20879
20884
20888
20894
20899
20903
20907
20910
20911
20913
20914
20915
20918
20919
20921
20922
20924
20925
20928
20929
20932
20942
20943
20951
20957
20958
20964
20969
20970
20975
20978
20979
20980
20983
20984
20991
20994
20996
20998
20999
21009
21017
21023
21027
21032
21037
21041
21045
21047
21051
21052
21057
21063
21064
21069
21074
21080
21081
21088
21090
21091
21094
21097
21102
21107
21114
21120
21129
21133
21134
21136
21140
21144
21145
21149
21150
21152
21156
21157
21158
21159
21160
21161
21164
21166
21167
21168
21169
21170
21172
21173
21175
21177
21179
21180
21184
21194
21197
21206
21212
21213
21216
21224
21226
21227
21231
21232
21236
21240
21242
21245
21246
21249
21250
21253
21257
21260
21262
21272
21277
21280
21284
21292
21301
21304
21308
21313
21319
21321
21326
21332
21338
21346
21349
21350
21362
21368
21381
21391
21399
21401
21402
21408
21417
21424
21425
21435
21436
21437
21440
21443
21444
21445
21446
21447
21452
21453
21456
21459
21462
21464
21465
21468
21470
21472
21473
21475
21478
21479
21486
21487
21492
21493
21494
21495
21503
21511
21512
21519
21520
21529
21532
21539
21551
21556
21561
21565
21579
21589
21592
21593
21595
21598
21604
21606
21614
21618
21622
21629
21630
21632
21633
21635
21636
21641
21643
21644
21645
21647
21648
21653
21656
21657
21658
21660
21663
21666
21667
21668
21669
21671
21672
21677
21681
21682
21686
21687
21691
21695
21696
21697
21700
21701
21704
21706
21709
21711
21712
21714
21715
21717
21720
21726
21729
21730
21732
21735
21738
21741
21742
21743
21746
21749
21750
21755
21770
21777
21779
21782
21794
21796
21798
21801
21810
21816
21822
21830
21833
21835
21851
21852
21855
21856
21857
21862
21866
21868
21871
21872
21878
21882
21883
21886
21889
21892
21893
21898
21901
21902
21903
21907
21908
21913
21917
21918
21919
21925
21929
21931
21932
21935
21938
21939
21944
21948
21951
21954
21959
21962
21969
21971
21972
21974
21975
21976
21978
21979
21980
21982
21983
21984
21989
21990
21991
21992
21995
21996
21997
22001
22002
22003
22007
22008
22012
22017
22018
22019
22023
22027
22030
22031
22036
22039
22041
22045
22046
22049
22050
22055
22057
22131
22132
22136
22140
22141
22143
22144
22145
22147
22148
22151
22157
22160
22161
22162
22166
22170
22172
22173
22176
22179
22180
22181
22182
22183
22214
22215
22220
22226
22227
22230
22232
22233
22237
22240
22241
22245
22249
22250
22254
22256
22257
22260
22264
22265
22267
22271
22272
22275
22277
22280
22282
22287
22290
22291
22294
22295
22298
22299
22303
22306
22307
22310
22314
22315
22318
22319
22323
22326
22327
22331
22334
22335
22336
22340
22345
22346
22350
22355
22356
22359
22360
22362
22366
22368
22369
22372
22373
22374
22377
22378
22381
22384
22385
22390
22391
22407
22413
22419
22422
22427
22435
22436
22450
22453
22456
22459
22463
22470
22477
22481
22483
22487
22490
22491
22493
22496
22502
22505
22513
22518
22527
22531
22538
22551
22559
22570
22576
22577
22578
22580
22582
22592
22594
22605
22607
22612
22615
22618
22619
22625
22630
22632
22634
22636
22638
22642
22643
22646
22649
22652
22654
22655
22664
22674
22678
22683
22686
22692
22695
22699
22700
22703
22704
22705
22710
22717
22718
22722
22723
22725
22728
22729
22732
22743
22750
22760
22761
22766
22769
22770
22775
22776
22778
22779
22783
22785
22787
22793
22799
22802
22806
22827
22829
22830
22838
22846
22847
22860
22864
22869
22870
22872
22876
22877
22879
22880
22886
22892
22894
22895
22896
22899
22903
22909
22910
22913
22919
22920
22928
22929
22932
22935
22936
22940
22941
22942
22945
22948
22949
22956
22957
22961
22964
22965
22969
22970
22974
22978
22983
22988
23002
23005
23017
23030
23033
23036
23038
23053
23064
23069
23074
23082
23095
23102
23104
23108
23117
23123
23124
23126
23128
23132
23136
23137
23141
23144
23145
23149
23150
23152
23154
23155
23157
23158
23162
23163
23166
23168
23172
23173
23175
23178
23179
23183
23187
23189
23190
23191
23194
23197
23201
23208
23210
23214
23217
23222
23227
23231
23236
23240
23242
23243
23246
23250
23251
23257
23258
23261
23262
23263
23266
23268
23269
23272
23273
23275
23276
23277
23281
23282
23288
23289
23294
23299
23300
23301
23306
23307
23308
23310
23311
23312
23315
23322
23327
23339
23343
23348
23350
23351
23353
23361
23362
23365
23366
23374
23377
23378
23382
23385
23392
23393
23396
23397
23400
23406
23409
23418
23422
23425
23435
23437
23445
23448
23452
23460
23461
23467
23469
23473
23476
23480
23482
23485
23488
23492
23493
23496
23501
23505
23510
23511
23515
23518
23521
23523
23524
23526
23531
23532
23533
23536
23537
23538
23539
23540
23541
23546
23550
23552
23557
23560
23561
23564
23566
23570
23571
23574
23577
23578
23581
23584
23585
23589
23590
23593
23594
23599
23602
23603
23607
23610
23611
23613
23614
23616
23618
23620
23623
23625
23626
23630
23633
23636
23639
23642
23644
23647
23648
23651
23654
23660
23663
23665
23666
23669
23670
23671
23673
23676
23678
23679
23680
23682
23685
23689
23703
23705
23707
23716
23723
23726
23727
23728
23733
23736
23739
23741
23744
23747
23752
23756
23761
23766
23767
23770
23776
23781
23783
23788
23789
23797
23802
23811
23813
23818
23822
23823
23828
23829
23830
23832
23833
23834
23837
23838
23841
23842
23843
23847
23849
23850
23854
23855
23856
23861
23862
23863
23864
23871
23872
23875
23876
23877
23882
23883
23885
23888
23892
23895
23900
23904
23905
23909
23913
23920
23921
23925
23931
23932
23935
23936
23937
23939
23940
23941
23945
23946
23953
23956
23957
23961
23965
23967
23968
23974
23977
23978
23982
23986
23987
23990
23991
23993
23998
24007
24013
24018
24023
24028
24036
24038
24044
24046
24050
24060
24061
24063
24064
24068
24069
24070
24075
24079
24082
24091
24113
24123
24125
24131
24140
24141
24143
24148
24149
24154
24161
24166
24167
24171
24173
24180
24183
24186
24193
24197
24198
24202
24203
24206
24207
24208
24212
24215
24218
24220
24221
24224
24232
24233
24234
24240
24241
24245
24249
24251
24255
24256
24260
24264
24268
24272
24273
24280
24282
24284
24285
24298
24301
24303
24314
24315
24317
24319
24321
24325
24326
24329
24334
24335
24339
24342
24346
24347
24350
24353
24355
24358
24366
24374
24383
24397
24399
24402
24409
24412
24415
24417
24423
24425
24432
24436
24438
24441
24445
24448
24453
24455
24459
24464
24468
24472
24480
24485
24488
24495
24497
24500
24501
24503
24504
24507
24515
24523
24527
24533
24535
24544
24556
24563
24567
24572
24576
24583
24586
24588
24592
24596
24605
24611
24630
24631
24635
24644
24648
24649
24650
24652
24653
24654
24656
24658
24663
24664
24667
24669
24670
24671
24676
24677
24678
24682
24683
24687
24688
24689
24693
24694
24695
24696
24698
24699
24705
24706
24707
24712
24716
24717
24718
24722
24723
24724
24725
24729
24730
24731
24737
24740
24741
24744
24745
24746
24749
24753
24756
24763
24771
24773
24776
24783
24788
24792
24793
24801
24804
24811
24814
24815
24816
24819
24821
24823
24827
24832
24839
24851
24853
24864
24867
24870
24873
24877
24878
24882
24885
24889
24891
24894
24897
24898
24900
24901
24902
24905
24908
24911
24914
24920
24923
24924
24926
24928
24931
24933
24936
24937
24941
24943
24946
24954
24963
24972
24981
24984
24996
25001
25002
25006
25009
25011
25014
25015
25020
25026
25030
25031
25033
25034
25035
25038
25041
25043
25044
25046
25047
25050
25051
25053
25062
25068
25074
25079
25088
25092
25101
25107
25124
25126
25132
25138
25140
25144
25145
25151
25152
25156
25166
25167
25171
25174
25182
25185
25197
25203
25213
25215
25218
25223
25224
25231
25232
25235
25239
25240
25243
25247
25251
25253
25256
25260
25261
25262
25264
25265
25268
25269
25270
25274
25275
25276
25277
25278
25282
25283
25294
25301
25307
25313
25323
25324
25325
25329
25332
25333
25339
25343
25344
25348
25352
25358
25366
25379
25380
25382
25386
25395
25406
25416
25420
25422
25424
25429
25445
25451
25456
25458
25460
25461
25464
25465
25468
25469
25471
25473
25481
25486
25487
25496
25497
25509
25515
25526
25530
25540
25543
25547
25553
25557
25558
25564
25566
25569
25570
25577
25578
25582
25584
25591
25595
25600
25605
25618
25619
25627
25631
25638
25641
25650
25655
25657
25658
25664
25665
25669
25673
25675
25676
25681
25684
25685
25691
25693
25698
25701
25702
25704
25705
25708
25713
25716
25718
25721
25724
25725
25729
25730
25731
25734
25735
25739
25742
25744
25746
25749
25751
25754
25758
25760
25762
25764
25767
25770
25773
25774
25777
25780
25783
25784
25787
25790
25793
25797
25822
25823
25827
25828
25833
25834
25842
25847
25853
25861
25862
25868
25872
25879
25889
25895
25897
25901
25903
25906
25908
25911
25922
25927
25933
25942
25956
25963
25968
25971
25974
25975
25980
25988
25992
25993
25998
26004
26005
26016
26017
26021
26027
26028
26031
26032
26038
26039
26042
26044
26049
26050
26053
26056
26058
26060
26075
26083
26088
26092
26099
26101
26106
26114
26117
26124
26128
26152
26155
26162
26165
26167
26171
26174
26176
26181
26182
26184
26187
26188
26189
26193
26197
26201
26202
26203
26205
26209
26213
26223
26229
26230
26234
26239
26243
26244
26249
26253
26256
26260
26265
26268
26270
26271
26274
26276
26279
26282
26283
26284
26289
26290
26291
26296
26297
26302
26303
26308
26309
26310
26311
26312
26315
26316
26321
26322
26326
26327
26330
26331
26335
26336
26337
26344
26345
26346
26350
26351
26352
26356
26357
26360
26361
26368
26369
26371
26372
26375
26377
26378
26379
26380
26383
26384
26387
26391
26392
26393
26397
26398
26399
26400
26404
26406
26409
26410
26411
26413
26416
26417
26420
26422
26426
26427
26430
26433
26435
26438
26439
26442
26445
26449
26451
26489
26490
26494
26498
26499
26506
26511
26512
26516
26521
26522
26532
26533
26534
26545
26603
26607
26608
26612
26616
26620
26621
26624
26626
26627
26632
26635
26636
26641
26644
26645
26651
26656
26657
26662
26666
26667
26669
26673
26675
26676
26677
26682
26685
26686
26691
26695
26698
26699
26704
26706
26708
26709
26713
26716
26717
26719
26722
26723
26724
26727
26729
26733
26737
26739
26742
26743
26745
26746
26748
26749
26752
26756
26758
26760
26765
26768
26769
26772
26773
26775
26777
26778
26784
26785
26787
26791
26794
26796
26797
26798
26800
26803
26805
26807
26808
26812
26813
26817
