13
14
15
16
17
18
19
20
21
22
23
24
25
26
27
28
29
30
54
55
56
57
58
59
60
61
62
78
79
80
81
82
83
84
85
86
370
371
372
373
374
375
376
377
378
379
380
381
382
383
384
385
386
387
388
389
390
391
392
393
394
395
396
718
1296
1297
1298
1299
1300
1301
1302
1303
1304
1305
1306
1307
1308
1322
1323
1324
1325
1326
1327
1328
1329
1342
1343
1344
1345
1346
1347
1348
2196
2197
2198
2199
2200
2201
2202
2203
2204
2214
2215
2216
2217
2220
2221
2222
2223
2224
2225
2268
2269
2270
2271
2272
2273
2274
2275
2276
2277
2278
2279
2285
2286
2287
2288
2299
2300
2301
2302
2303
2304
2305
2993
2994
2995
2996
2997
2998
2999
3169
3173
3174
3175
3176
3177
3178
3179
3180
3181
3182
3183
3184
3185
3186
3187
3188
3189
3190
3191
3192
3193
3194
3195
3196
3204
3205
3206
3207
3208
3209
3210
3383
3384
3385
3386
3387
3388
3389
3390
3399
3400
3401
3402
3411
3412
3413
3414
3415
4468
4469
4470
4471
4472
4877
4886
4887
4888
4889
4890
4891
4892
4893
4894
4895
4896
4897
4898
4922
4923
4924
4925
4926
4931
4932
4933
4934
4973
4974
4975
4976
4977
4978
4979
4981
4982
4983
4984
4985
4986
5022
5162
5292
5293
5294
5295
5296
5297
5298
5299
5300
5301
5302
5303
5304
5305
5306
5307
5308
5309
5310
5328
5329
5330
5331
5332
5340
5341
5342
5343
5344
5345
5346
5347
5348
5464
5916
5917
5918
5919
5920
5921
5922
5923
5924
5925
5926
5927
5928
5929
5930
5931
5939
5940
5941
5942
5943
5944
5945
5946
5966
5967
5968
5969
5970
5971
5972
5973
5974
5975
6350
6774
7101
7102
7103
7104
7105
7106
7107
7108
7109
7110
7111
7112
7124
7125
7126
7127
7128
7129
7130
7131
7132
7133
7134
7135
7136
7137
7138
7139
7140
7141
7142
7143
7144
7145
7146
7147
7799
7800
7801
7802
7803
7804
7805
7806
7809
7810
7811
8518
8519
8520
8521
8522
8523
8524
8525
8526
8527
8528
8529
8530
8531
8571
8572
8573
8574
8575
8576
8577
8578
8579
8580
8581
8629
8747
8748
8749
8750
8751
8752
8753
8761
8762
8763
8764
8765
8976
9513
9514
9515
9535
9536
9537
9544
9545
9558
9840
10207
11235
11236
11237
11330
11331
11332
11333
11454
11455
11456
11457
11458
11459
11460
11461
11462
11463
11464
11465
11508
11509
11510
11511
11512
11513
11514
11596
11597
11598
11599
11600
11601
11602
11603
11610
11611
11612
12179
12489
12490
12491
12492
12493
12494
12495
12496
12497
12498
12499
12500
12501
12502
12503
12504
12505
12506
12507
12508
12509
12510
12511
12512
13186
13187
13188
13189
13190
13234
13235
13236
13237
13238
13239
13240
13241
13242
13243
13244
13245
13297
13298
13299
13300
13301
13302
13303
13304
13305
13306
13307
13326
13327
13328
13329
13419
13420
13421
13422
13426
13427
13440
13441
13442
13443
13444
13445
13448
13449
13450
13840
13885
14219
14220
14233
14234
14235
14238
14285
14305
14702
14718
14729
14751
15202
16196
16197
16198
16199
16200
16201
16382
16383
16384
16385
16405
16406
16407
16408
16437
16438
16439
16440
16464
16465
16466
16519
16520
16526
16527
16528
16529
16530
16531
16532
16542
16543
16544
16545
18150
18152
18153
18659
18660
18661
18662
18663
18664
18665
18666
18683
18684
18685
18686
18804
18805
18806
18807
18808
18809
18810
19270
19271
19272
19273
19274
19275
19293
19294
19295
19296
19297
19298
20082
20083
20084
20085
20086
20087
20088
20116
20117
20118
20119
20120
21721
21723
21724
21737
21756
21757
21758
21759
21760
21761
21762
21763
21764
21765
21766
21767
21768
22387
22388
22389
22402
22403
22404
22405
22430
22431
22432
22433
22444
22445
22809
22810
22811
22812
22813
22814
22815
22816
22817
22818
22819
22820
22821
22822
22823
22824
22825
23701
23702
23708
23709
23710
23711
23712
23713
23714
23715
23720
23721
23722
23729
24513
24514
24518
24519
24520
24521
24522
24538
24539
24540
24543
24591
24601
24602
24603
24604
24614
24615
24616
24620
24621
24622
24652
24653
24722
25554
25556
25803
25804
25805
25806
25807
25808
25809
25810
25811
25812
25813
25814
25815
25816
25820
25821
26000
26008
26009
26010
26011
26045
26046
26047
26048
26282
26309
26390
26404
