450
451
452
453
454
455
456
460
461
462
463
464
465
466
467
468
469
470
471
472
473
474
475
476
480
481
482
483
484
485
486
487
488
489
490
491
492
493
494
495
496
497
673
725
754
972
973
974
975
976
977
978
984
985
986
987
988
989
990
996
997
998
999
1000
1001
1002
1007
1008
1009
1010
1011
1012
1013
1014
1029
1030
1031
1032
1033
1034
1035
1177
1711
1769
1770
1771
1772
1773
1778
1779
1780
1781
1782
1783
1784
1792
1798
1799
1800
1801
1802
1803
1804
1805
1806
1807
1808
1814
1815
1816
1817
1818
1819
1820
1821
2759
2761
2762
2763
2764
2765
2766
2767
2768
2769
2770
2771
2772
2773
2774
2775
2776
2777
2778
2779
2780
2781
2782
2783
2784
2785
2786
2787
2788
2789
2790
2791
2792
3365
3366
3367
3368
3369
3370
3371
3372
3373
3374
3375
3376
3377
3378
3379
3380
3381
3382
3391
3392
3393
3394
3395
3396
3397
3398
3403
3404
3405
3406
3407
3408
3409
3410
4283
4284
4285
4286
4287
4288
4289
4290
4291
4292
4293
4294
4417
4418
4419
4420
4421
4422
4423
4424
4425
4426
4427
4428
4429
4430
4431
4432
4433
4434
4435
4436
4437
4438
4439
4440
4441
4443
4444
4445
4446
4447
4448
4449
4450
4451
4452
4453
4454
4455
4456
4457
4458
4459
4460
4461
4462
4463
4814
4815
4816
4817
4818
4819
4820
4821
4822
4823
4824
4825
4826
4827
4828
4829
4830
4831
4832
4836
4837
4838
4839
4840
4841
4842
4843
4844
4845
4846
4847
4848
4849
4850
4851
4852
4854
4855
4856
4857
4858
4859
4860
4861
4862
4863
4864
4911
5677
5678
6033
6034
6035
6036
6037
6038
6039
6040
6041
6043
6044
6045
6046
6047
6048
6049
6050
6051
6052
6053
6054
6055
6198
6199
6200
6201
6202
6203
6204
6205
6208
6209
6210
6211
6212
6213
6214
6215
6216
6217
6218
6223
6224
6225
6226
6227
6228
6229
6230
6231
6232
6233
6234
6235
6236
6237
6238
6239
6243
6244
6245
6246
6247
6248
6249
6250
6251
6252
6253
6254
6573
6574
6575
6576
6577
6578
6579
6580
6581
6583
6584
6585
6586
6587
6588
6589
6590
6591
6592
6593
6594
6595
6596
6597
6598
6599
6600
6601
6602
6603
6604
6605
6606
6607
6608
7206
7843
7845
7846
7847
7848
7849
7850
7851
7857
7858
7865
7866
7867
7868
7869
7870
7871
7872
7873
7874
7875
7876
7877
7878
7879
7880
7881
7882
7969
8085
8148
8149
8150
8151
8163
8164
8165
8166
8167
8187
8188
8189
8190
8191
8192
8193
8194
8195
8196
8237
8238
8239
8240
8241
8242
8243
8244
8255
8256
8257
8258
8259
8260
8261
8262
8263
8276
8277
8278
8279
8280
8281
8282
8283
8284
8285
8286
8287
8288
8289
8290
8292
8293
8294
8295
8296
8297
8298
8325
8403
8448
8639
9500
9516
9518
9655
9656
9668
9861
10207
10274
10275
10276
10277
10278
10280
10281
10282
10283
10284
10285
10286
10287
10288
10289
10290
10291
10292
10785
10795
10796
10797
10798
10807
10808
10815
10817
10818
10819
10820
10821
10822
10827
10839
10840
10841
10842
10843
10844
10845
10846
10847
10848
10849
10850
10851
10852
10853
10854
10855
10856
10857
10858
10859
10860
10861
10862
10863
10864
10865
10866
10867
10868
10869
10870
10871
10872
10873
10875
10876
10877
10935
11365
11366
11372
11373
11374
11378
11379
11380
11381
11397
11398
11399
11400
11403
11404
11405
11406
11407
11408
11409
11413
11414
11415
11416
11417
11418
11419
11420
11421
11422
11423
11424
11425
11426
11427
11428
11429
11467
11468
11469
11470
11471
11472
11473
11474
11475
11477
11498
11499
11500
11501
11502
11503
11504
11505
11506
11515
11516
11517
11518
11519
11520
11521
11522
11523
11524
11525
11526
11527
11528
11529
11530
11531
11532
11533
11534
11535
11536
11537
11538
11539
11540
11541
11542
11543
11544
11545
11546
11547
11548
11549
11550
11551
11552
11573
12070
12277
12551
12552
12563
12564
12565
12566
12567
12568
12569
12570
12571
12572
12573
12574
12575
12591
12592
12593
12594
12595
12596
12684
12719
12850
12851
12852
12853
12854
12855
12856
12857
12858
12860
12861
12862
12863
12864
12865
12866
12867
12868
12869
12870
12871
12872
12873
12874
12875
12876
12877
12878
12879
12880
12881
12882
12883
12884
12885
12886
12887
12888
12889
12890
12892
12893
12894
12895
12896
12897
12898
12899
12900
12901
12902
12903
12904
12905
12916
12951
12952
13014
13275
13436
14073
14374
14621
14645
14678
14692
14719
14720
14721
14733
14734
14889
15114
15115
15116
15117
15118
15119
15120
15121
15122
15123
15124
15125
15126
15127
15128
15129
15130
15131
15132
15133
15134
15135
15136
15137
15138
15139
15415
15434
15456
15457
15458
15459
15460
15484
15485
15486
15487
15488
15489
15490
15491
15496
15497
15498
15499
15500
15501
15502
15503
15504
15505
15506
15507
15508
15509
15533
15543
15544
15545
15546
15547
15548
15549
15550
15551
15552
15877
15977
15978
16072
16102
16313
16314
16315
16316
16317
16318
16319
16320
16321
16322
16323
16324
16325
16326
16327
16328
16329
16330
16331
16332
16333
16334
16335
16336
16337
16338
16339
16340
16341
16342
16343
16363
16364
16365
16366
16367
16368
16369
16370
16371
16372
16386
16387
16391
16409
16410
16411
16412
16413
16414
16415
16416
16417
16420
16421
16422
16423
16424
16425
16426
16427
16428
16429
16435
16436
16441
16442
16443
16444
16445
16446
16447
16448
16449
16450
16451
16452
16453
16454
16455
16456
16457
16458
16459
16460
16974
17078
17378
17379
17394
17399
17537
17683
17734
17872
17873
17874
17875
17876
17877
17878
17879
18080
18081
18082
18083
18084
18085
18086
18087
18088
18089
18090
18091
18092
18093
18094
18095
18096
18097
18098
18099
18100
18101
18102
18103
18104
18105
18106
18107
18108
18109
18110
18111
18112
18113
18114
18115
18116
18117
18118
18119
18120
18121
18122
18123
18124
18125
18126
18127
18128
18129
18130
18131
18132
18133
18134
18135
18136
18137
18138
18139
18140
18141
18142
18143
18144
18145
18146
18147
18148
18553
18554
18555
18556
18557
18558
18559
18560
18561
18562
18563
18564
18565
18569
18570
18571
18572
18573
18574
18575
18576
18577
18579
18580
18581
18582
18583
18584
18585
18587
18588
18589
18590
18591
18592
18593
18594
18595
18596
18597
18598
18599
18600
18601
18602
18603
18604
18605
18606
18609
18610
18611
18612
18613
18614
18615
18616
18617
18618
18619
18620
18621
18622
18623
18624
18625
18626
20194
20195
20196
20197
20198
20199
20200
20201
20202
20203
20204
20205
20206
20207
20208
20209
20210
20211
20212
20213
20214
20215
20216
20217
20218
20219
20220
20221
20222
20223
20224
20225
20226
20227
20405
20433
20434
20442
20443
20444
20445
20446
20464
20470
20471
20472
20473
20474
20475
20476
20477
20478
20479
20480
20481
20482
20483
20484
20485
20486
20487
20488
20489
20490
20491
20492
20493
20494
20495
20496
20497
20498
20500
20501
20502
20503
20504
20505
20506
20507
20508
20509
20510
20515
20516
20517
20518
20519
20520
20521
20522
20523
20524
20530
20531
20532
20533
20534
20535
20536
20537
20538
20539
20540
20541
20542
20543
20544
20545
20546
20547
20548
20549
20550
20551
20552
20553
20554
20555
20556
20557
20558
20559
20560
20561
20562
20563
20564
20565
20566
20567
20569
20745
21055
21056
21057
21058
21059
21060
21061
21062
21063
21064
21066
21067
21068
21069
21070
21071
21072
21073
21074
21075
21076
21077
21078
21079
21080
21081
21082
21083
21084
21085
21086
21087
21088
21089
21090
21091
21092
21093
21094
21095
21096
21097
21098
21099
21100
21101
21267
21287
21321
21322
21570
21850
21852
21867
22334
22384
22451
22897
22898
22899
22900
22901
22902
22903
22904
22905
22906
22907
22908
22909
22910
22911
22912
22913
22914
22915
22916
22917
22918
22919
22920
22921
22922
22923
22924
22925
22926
22927
22928
22929
22930
22931
22932
22933
22934
22935
22936
22937
22938
22939
23186
23235
23349
23351
23357
23358
23359
23360
23361
23362
23363
23364
23365
23372
23373
23374
23375
23376
23377
23378
23379
23380
23381
23382
23388
23389
23390
23391
23392
23393
23394
23395
23396
23397
23985
24058
24059
24060
24061
24110
24114
24115
24116
24117
24118
24139
24140
24141
24146
24147
24148
24149
24150
24151
24163
24164
24165
24166
24167
24168
24169
24170
24171
24172
24173
24174
24175
24176
24180
24190
24191
24192
24541
24542
25040
25214
25215
25216
25217
25218
25220
25221
25222
25223
25224
25225
25226
25227
25228
25229
25230
25231
25232
25233
25234
25235
25236
25237
25238
25239
25240
25241
25242
25243
25244
25245
25246
25247
25248
25249
25250
25379
25380
25381
25996
25997
25998
25999
26001
26002
26003
26004
26005
26006
26007
26012
26013
26014
26015
26016
26017
26018
26019
26020
26021
26022
26023
26024
26025
26026
26027
26028
26029
26030
26031
26032
26033
26034
26035
26036
26037
26038
26039
26040
26041
26042
26043
26044
26242
26541
