5152
5153
5173
5180
5181
5182
5619
5620
5672
5793
6488
6494
6743
6744
6745
6746
7057
7084
7085
7086
7087
7088
7089
7090
7091
7092
7093
7094
7095
7576
7577
7578
7579
7580
7581
7582
7583
7584
7700
10296
10297
10298
10299
10300
10301
10302
10303
10304
10305
10306
10307
10308
10309
10310
10311
10312
10313
10314
10315
10316
10317
10318
10319
10320
10321
10322
10323
10324
10325
10326
10327
10328
10329
10330
10331
10332
10333
10334
10335
10362
10363
10364
10365
10366
10367
10368
10369
10370
10371
10372
10373
10374
10376
10377
10378
10379
10380
10381
10382
10383
10384
10385
10386
10387
10388
10389
10390
10391
10392
10393
10394
10395
10396
10397
10398
10399
10401
10402
10403
10404
10405
10406
10407
10408
10409
10410
10411
10412
10413
10414
10415
10416
10417
10418
10419
10420
10421
10422
10423
10424
10425
10426
10427
10428
10429
10430
10431
10432
10434
10435
10436
10437
10438
10439
10440
10441
10447
10448
10449
10450
10451
10452
10453
10454
10455
10456
10457
10458
10459
10465
10466
10467
10468
10469
10470
10471
10476
10477
10487
10488
10489
10490
10491
10622
11109
11111
11435
11784
11785
11786
11787
11788
11789
11790
11808
11809
11810
11811
11812
11813
11814
11815
11816
11817
11818
11819
11820
11821
11822
11831
11832
11833
11844
11845
11846
11847
11848
11849
11850
11851
11852
11853
11854
11855
11856
11857
11868
11869
11870
11871
11872
11888
11890
11941
11942
11943
11944
11945
11946
11947
11948
11949
11950
11951
11952
11954
11961
11979
11981
11982
11983
11984
11985
11986
11987
11988
11989
11990
11991
11992
11993
11994
11995
11996
11997
12006
12007
12008
12009
12010
12011
12020
12021
12022
12023
12024
12025
12026
12035
12036
12037
12038
12039
12040
12041
12046
12073
12077
12078
12079
12080
12081
12082
12083
12084
12085
12086
12087
12088
12089
12090
12091
12092
12093
12094
12095
12096
12097
12098
12099
12100
12101
12102
12103
12104
12105
12106
12107
12108
12109
12110
12111
12112
12113
12114
12115
12116
12117
12118
12119
12120
12121
12122
12123
12124
12125
12126
12127
12128
12129
12130
12131
12132
12133
12134
12135
12136
12137
12138
12139
12140
12141
12142
12143
12144
14678
15104
16353
16354
19082
19097
19098
19099
19100
19103
19104
19105
19106
19107
19108
19116
19117
19118
19119
19120
19126
19127
19128
19129
19130
19132
19138
19139
19140
19141
19142
19143
19144
19145
19146
19150
19151
19156
19157
19212
19213
19503
19517
19621
19622
19623
19624
19625
19626
19627
19628
19629
19630
19631
19632
19633
19634
19635
19636
19637
19638
19639
19640
19641
19642
19643
19644
19645
19646
19647
19648
19649
19650
19716
19717
19728
20666
20667
20668
20819
20820
20821
20822
20823
20824
20825
20826
20827
20845
20846
20847
20848
20849
20850
20851
20852
20853
20854
20855
20872
20873
20874
20875
20876
20877
20878
20879
20880
20881
20882
20883
20907
20908
20909
20930
20931
20964
20965
20966
20967
20968
20969
20970
20971
20972
20973
20974
20975
20976
20977
20978
20979
20980
20981
20982
20983
20984
20985
20986
20987
20988
20989
20990
20991
20992
20993
20994
20995
20996
20997
20998
20999
21000
21001
21045
21046
21622
21623
21624
21625
21626
21627
21628
21629
21630
21631
21632
21633
21634
21635
21636
21637
21638
21639
21640
21668
21669
21670
21671
21672
21673
21674
21675
21676
21677
21678
21679
21680
21681
21682
21683
21684
21685
21686
21687
21688
21689
21690
21691
21692
21693
21694
21695
21696
21697
21698
21699
21700
21701
21702
21703
21704
21705
21706
21707
21708
21709
21710
21711
21712
21713
21714
21715
21716
21717
21718
21719
21720
21791
21792
21793
22131
22132
22133
22134
22135
22136
22137
22138
22139
22140
22141
22142
22143
22144
22145
22146
22147
22148
22149
22150
22151
22152
22153
22154
22155
22156
22157
22158
22159
22160
22161
22162
22163
22164
22165
22166
22167
22168
22169
22170
22171
22172
22173
22174
22175
22176
22177
22178
22179
22180
22181
22182
22183
22184
22384
24232
24233
24238
24239
24240
24241
24245
24246
24247
24248
24249
24250
24251
24252
24654
24655
24656
24657
24658
24659
24660
24661
24662
24663
24664
24665
24666
24667
24668
24669
25323
25324
25325
25326
25327
25328
25329
25330
25331
25332
25333
25334
25335
25336
25337
25338
25339
25340
25341
25342
25343
25344
25345
25346
25347
25348
25349
25350
25351
25352
25557
25558
25559
25560
25561
25562
25563
25564
25565
25566
25567
25568
25569
25570
25571
25572
25573
25574
25575
25576
25577
25578
25579
25580
25581
25582
25583
25691
26229
26230
26231
26232
26233
26234
26235
26236
26237
26238
26239
26240
26241
26242
26243
26244
26245
26246
26247
26248
26249
26250
26251
26252
26253
26254
26255
26256
26257
26258
26259
26489
26490
26491
26492
26493
26494
26495
26496
26497
26498
26499
26500
26501
26502
26503
26504
26505
26506
26507
26508
26509
26510
26511
26512
26513
26514
26515
26516
26517
26518
26519
26521
26522
26523
26524
26531
26532
26533
26534
26535
26545
26546
26602
