0
10
11
12
34
35
36
37
38
39
40
41
42
43
44
45
46
47
48
49
50
51
52
53
71
72
73
74
75
76
77
88
92
135
136
137
138
139
140
141
142
143
144
145
146
147
150
151
152
165
166
167
168
169
170
171
172
173
174
175
176
177
186
187
188
189
190
191
192
193
194
195
196
197
198
199
200
201
202
203
204
205
206
207
209
210
223
224
225
226
227
228
229
230
231
232
237
238
239
240
241
242
243
244
245
246
247
248
249
250
251
252
253
254
255
256
257
269
270
271
272
273
274
275
276
277
278
279
280
281
282
283
284
285
286
287
288
289
290
291
292
293
294
295
296
297
302
303
306
307
308
309
321
322
323
324
325
326
327
329
330
331
332
333
334
335
336
337
353
354
362
363
364
365
368
397
405
406
407
408
409
410
411
412
413
414
415
416
417
418
419
420
421
422
425
426
427
428
429
430
431
439
440
441
442
443
445
446
447
450
451
452
453
454
455
456
457
468
469
470
471
472
473
474
475
476
477
478
479
498
511
512
513
514
515
516
517
518
519
520
521
522
523
524
525
526
527
528
529
530
545
546
547
548
549
550
551
552
553
554
555
556
557
558
559
560
561
562
563
564
565
566
567
568
569
570
571
572
590
591
592
593
594
595
596
597
598
599
600
601
602
603
604
618
619
620
621
622
623
624
625
626
627
628
629
639
640
641
642
643
644
645
646
647
648
649
650
651
652
653
654
655
656
666
667
668
669
683
684
685
686
689
690
696
697
698
699
700
701
705
706
730
731
739
740
741
742
743
744
745
746
747
748
749
750
751
752
753
754
755
756
757
758
759
760
770
781
782
783
784
785
786
797
798
799
800
801
802
803
804
805
806
807
808
809
810
811
812
827
828
829
830
831
832
833
834
835
836
837
838
839
840
841
842
843
845
846
847
848
849
850
868
869
870
871
872
873
875
876
877
878
879
880
881
888
889
890
898
914
915
916
917
918
919
920
921
922
923
924
925
926
927
928
929
930
931
932
933
934
935
936
937
938
939
940
951
955
956
957
958
959
972
973
974
975
976
977
978
994
995
996
997
998
999
1000
1001
1002
1003
1004
1005
1006
1016
1017
1018
1019
1020
1021
1022
1040
1041
1042
1043
1047
1048
1049
1050
1051
1052
1053
1054
1055
1056
1057
1058
1059
1060
1061
1062
1063
1064
1065
1066
1067
1068
1069
1071
1072
1073
1074
1075
1076
1085
1086
1087
1091
1093
1120
1121
1122
1123
1124
1125
1126
1127
1128
1129
1157
1158
1159
1160
1191
1195
1196
1197
1198
1205
1206
1234
1235
1245
1246
1263
1294
1295
1320
1321
1337
1338
1339
1340
1341
1357
1358
1359
1360
1361
1362
1363
1364
1365
1366
1367
1368
1369
1370
1371
1372
1396
1397
1398
1399
1400
1401
1402
1410
1411
1423
1424
1425
1426
1435
1436
1437
1438
1439
1440
1441
1442
1443
1444
1445
1462
1463
1464
1465
1466
1469
1470
1471
1486
1487
1488
1489
1490
1491
1492
1493
1494
1495
1496
1497
1498
1499
1500
1501
1502
1503
1504
1505
1506
1507
1508
1509
1510
1511
1512
1521
1522
1523
1524
1525
1526
1527
1528
1529
1530
1531
1532
1533
1534
1535
1536
1537
1548
1549
1550
1551
1552
1564
1575
1576
1577
1578
1579
1580
1581
1582
1583
1584
1585
1586
1603
1604
1605
1606
1607
1608
1609
1610
1611
1612
1613
1614
1615
1617
1636
1637
1638
1639
1640
1641
1642
1643
1644
1645
1646
1647
1648
1649
1650
1651
1652
1654
1655
1656
1657
1658
1659
1660
1675
1676
1677
1678
1679
1680
1681
1682
1683
1684
1685
1687
1688
1689
1690
1691
1706
1707
1708
1712
1714
1715
1726
1727
1728
1729
1731
1732
1733
1734
1735
1736
1737
1738
1739
1740
1748
1749
1750
1751
1752
1753
1754
1755
1760
1761
1762
1763
1769
1770
1771
1772
1773
1791
1792
1793
1794
1795
1796
1797
1798
1799
1800
1801
1802
1809
1822
1823
1824
1825
1830
1831
1836
1837
1838
1863
1864
1865
1866
1867
1868
1869
1870
1881
1888
1889
1890
1891
1892
1893
1894
1895
1896
1897
1898
1899
1900
1901
1902
1903
1904
1905
1906
1907
1908
1909
1910
1911
1912
1913
1927
1928
1929
1932
1950
1961
1962
1963
1964
1965
1966
1967
1968
1969
1970
1971
1972
1973
1974
1975
1976
1983
1984
1991
2002
2003
2004
2005
2006
2007
2008
2009
2010
2011
2012
2013
2027
2028
2029
2030
2031
2032
2033
2034
2035
2036
2037
2038
2039
2040
2041
2042
2043
2044
2045
2046
2047
2048
2049
2055
2056
2057
2058
2059
2060
2061
2062
2063
2064
2065
2066
2067
2068
2069
2070
2071
2079
2080
2081
2082
2083
2084
2085
2086
2087
2098
2099
2100
2101
2102
2103
2104
2105
2106
2107
2108
2109
2110
2111
2112
2113
2114
2115
2116
2117
2118
2119
2122
2123
2124
2125
2126
2127
2128
2129
2130
2131
2147
2155
2156
2157
2161
2162
2163
2164
2165
2167
2168
2169
2170
2171
2176
2177
2178
2188
2189
2190
2191
2193
2195
2208
2209
2210
2211
2212
2213
2237
2238
2239
2240
2241
2242
2243
2244
2245
2248
2255
2256
2257
2258
2259
2263
2264
2265
2266
2267
2280
2281
2282
2283
2284
2296
2297
2298
2306
2310
2311
2312
2313
2314
2315
2320
2397
2414
2415
2416
2417
2418
2419
2420
2421
2422
2423
2433
2434
2435
2436
2437
2438
2439
2440
2441
2442
2443
2444
2445
2446
2447
2473
2474
2475
2476
2477
2478
2479
2480
2481
2483
2484
2485
2497
2498
2499
2500
2501
2502
2503
2504
2505
2506
2507
2516
2517
2518
2519
2520
2521
2522
2523
2524
2525
2526
2527
2528
2529
2549
2550
2555
2556
2557
2558
2568
2569
2570
2571
2572
2573
2584
2585
2586
2587
2588
2589
2590
2591
2592
2593
2594
2595
2596
2599
2622
2623
2624
2625
2626
2627
2628
2629
2630
2631
2632
2633
2634
2635
2636
2639
2640
2641
2642
2643
2657
2658
2659
2660
2661
2662
2663
2664
2665
2666
2667
2668
2669
2670
2671
2672
2673
2674
2675
2676
2677
2678
2679
2680
2681
2682
2683
2684
2685
2686
2687
2688
2689
2690
2691
2692
2693
2694
2695
2696
2697
2698
2699
2700
2701
2702
2703
2717
2718
2719
2720
2721
2722
2723
2724
2725
2726
2727
2728
2729
2730
2731
2732
2733
2734
2735
2736
2737
2738
2739
2740
2741
2742
2743
2744
2745
2746
2747
2748
2749
2750
2760
2761
2762
2763
2764
2765
2766
2776
2777
2801
2802
2803
2804
2805
2806
2807
2808
2809
2810
2811
2812
2813
2814
2821
2822
2823
2831
2832
2836
2837
2838
2839
2840
2841
2842
2843
2844
2845
2858
2859
2871
2872
2873
2874
2875
2876
2881
2882
2883
2884
2885
2886
2887
2893
2894
2896
2924
2925
2926
2927
2928
2929
2930
2931
2932
2933
2934
2935
2936
2937
2938
2939
2940
2941
2942
2943
2944
2945
2946
2947
2948
2949
2950
2951
2952
2953
2954
2955
2956
2957
2958
2959
2960
2971
2972
2973
2974
2975
2976
2977
2978
2979
2980
2981
2982
2983
2984
2985
2986
2987
2988
2989
2990
2991
2992
3001
3013
3014
3015
3016
3017
3018
3019
3020
3021
3022
3023
3035
3036
3037
3038
3039
3040
3041
3046
3047
3048
3049
3050
3051
3052
3053
3054
3055
3056
3057
3061
3063
3064
3065
3066
3073
3074
3075
3076
3083
3084
3085
3086
3087
3108
3109
3111
3112
3122
3123
3124
3125
3126
3145
3146
3147
3157
3158
3159
3171
3172
3198
3199
3200
3201
3202
3203
3211
3212
3232
3233
3234
3235
3236
3237
3238
3239
3240
3241
3242
3248
3249
3250
3251
3252
3253
3254
3255
3256
3257
3258
3259
3260
3261
3262
3263
3264
3265
3266
3267
3268
3278
3279
3280
3281
3282
3283
3284
3285
3286
3287
3290
3291
3292
3293
3294
3301
3302
3303
3304
3305
3306
3307
3308
3309
3323
3324
3332
3337
3338
3339
3364
3366
3367
3368
3369
3370
3378
3379
3380
3381
3382
3426
3432
3433
3434
3435
3441
3442
3443
3444
3457
3469
3470
3471
3472
3473
3474
3475
3476
3477
3478
3479
3480
3481
3482
3491
3492
3493
3494
3495
3496
3497
3498
3499
3500
3501
3502
3503
3504
3508
3510
3511
3512
3513
3516
3542
3543
3544
3545
3546
3588
3659
3667
3668
3675
3679
3701
3702
3703
3704
3705
3706
3707
3712
3713
3714
3715
3716
3717
3718
3719
3720
3721
3733
3734
3735
3736
3737
3738
3740
3741
3742
3743
3753
3766
3767
3768
3769
3773
3774
3775
3776
3777
3778
3779
3780
3781
3782
3783
3793
3794
3796
3797
3798
3799
3800
3801
3802
3803
3804
3808
3816
3817
3818
3831
3832
3833
3834
3835
3836
3837
3838
3839
3840
3841
3842
3843
3844
3845
3846
3847
3848
3849
3850
3863
3864
3865
3866
3867
3868
3869
3870
3871
3872
3873
3874
3875
3876
3877
3878
3879
3880
3881
3882
3883
3884
3885
3886
3887
3888
3889
3897
3898
3899
3900
3901
3902
3903
3904
3905
3906
3907
3908
3909
3910
3911
3921
3922
3923
3924
3925
3926
3928
3929
3930
3937
3938
3939
3940
3941
3942
3943
3944
3945
3946
3947
3948
3949
3950
3951
3952
3954
3959
3960
3961
3962
3963
3964
3965
3966
3967
3968
3969
3970
3976
3977
3978
3979
3980
3981
3982
3983
3984
3985
3986
3987
3988
3989
3990
3991
3992
3993
3994
3995
4016
4017
4018
4019
4020
4032
4033
4034
4035
4036
4037
4038
4039
4040
4041
4050
4051
4052
4053
4054
4055
4056
4057
4058
4059
4060
4061
4077
4078
4079
4080
4081
4082
4083
4084
4085
4086
4087
4088
4089
4090
4093
4094
4095
4096
4097
4098
4108
4109
4110
4111
4112
4113
4114
4115
4116
4117
4121
4132
4133
4134
4135
4136
4137
4146
4147
4148
4149
4150
4151
4152
4153
4154
4155
4156
4157
4172
4173
4174
4175
4176
4177
4178
4179
4180
4181
4183
4184
4185
4186
4187
4188
4189
4190
4191
4192
4193
4194
4195
4196
4197
4198
4199
4204
4214
4215
4216
4217
4218
4219
4220
4221
4222
4223
4224
4225
4226
4227
4228
4229
4230
4231
4232
4233
4234
4235
4236
4237
4238
4239
4240
4241
4242
4243
4244
4245
4246
4247
4248
4249
4250
4251
4252
4253
4254
4255
4256
4260
4261
4262
4263
4278
4279
4280
4281
4282
4283
4284
4285
4290
4302
4303
4304
4305
4306
4307
4308
4309
4310
4319
4320
4321
4322
4323
4324
4345
4346
4347
4348
4349
4350
4351
4363
4364
4365
4366
4367
4368
4369
4370
4371
4372
4373
4374
4375
4376
4377
4378
4392
4393
4394
4395
4396
4397
4398
4399
4400
4401
4402
4403
4404
4405
4406
4407
4408
4409
4410
4411
4412
4413
4414
4415
4416
4419
4420
4421
4422
4423
4424
4425
4434
4435
4436
4437
4438
4439
4440
4441
4467
4479
4480
4481
4482
4483
4484
4485
4486
4487
4488
4489
4490
4491
4492
4493
4494
4495
4496
4497
4498
4499
4500
4501
4504
4505
4511
4512
4513
4514
4515
4516
4517
4518
4523
4524
4525
4526
4527
4531
4532
4533
4539
4540
4542
4555
4556
4557
4558
4559
4560
4561
4562
4563
4564
4565
4566
4567
4568
4569
4570
4571
4580
4581
4582
4595
4596
4736
4746
4762
4780
4781
4788
4789
4790
4791
4801
4802
4803
4804
4805
4806
4814
4815
4816
4817
4818
4819
4820
4836
4837
4838
4839
4840
4841
4842
4853
4935
4936
4937
4938
4939
4944
4945
4946
4947
4948
4949
4950
4951
4952
4953
4958
4959
4960
4961
4962
4963
4964
4965
4966
4967
4968
4969
4970
4971
4972
4988
4994
4995
4996
4997
5006
5007
5008
5009
5010
5011
5012
5013
5014
5015
5016
5017
5018
5019
5020
5021
5031
5032
5033
5034
5035
5047
5048
5049
5050
5051
5052
5053
5054
5055
5056
5057
5058
5059
5060
5061
5062
5063
5064
5065
5066
5067
5068
5069
5070
5071
5072
5073
5074
5075
5076
5080
5081
5082
5085
5090
5091
5092
5093
5095
5096
5097
5098
5100
5109
5110
5111
5112
5113
5114
5115
5116
5117
5118
5124
5125
5126
5143
5144
5145
5180
5181
5182
5183
5184
5185
5186
5187
5199
5200
5201
5202
5203
5204
5205
5206
5207
5208
5209
5210
5211
5212
5213
5214
5215
5216
5217
5218
5219
5220
5221
5222
5223
5224
5239
5240
5241
5242
5243
5244
5245
5246
5247
5252
5253
5254
5255
5267
5268
5269
5270
5271
5272
5273
5274
5275
5276
5281
5282
5283
5284
5290
5291
5314
5315
5316
5317
5318
5319
5320
5321
5322
5323
5324
5325
5326
5327
5337
5338
5339
5373
5374
5375
5376
5377
5378
5379
5380
5381
5382
5392
5393
5401
5402
5403
5404
5405
5406
5407
5408
5409
5410
5411
5412
5413
5414
5415
5416
5417
5431
5432
5433
5434
5435
5436
5437
5438
5439
5440
5441
5448
5449
5450
5451
5452
5453
5454
5455
5456
5457
5458
5459
5460
5461
5462
5463
5469
5470
5471
5472
5477
5478
5479
5480
5481
5498
5499
5500
5501
5502
5503
5504
5505
5506
5507
5508
5509
5510
5511
5512
5513
5514
5515
5516
5517
5518
5519
5520
5521
5522
5523
5524
5525
5526
5527
5528
5529
5530
5554
5555
5556
5557
5565
5566
5567
5568
5569
5570
5571
5572
5573
5574
5575
5606
5607
5608
5609
5610
5611
5617
5618
5646
5647
5649
5651
5652
5653
5654
5665
5666
5670
5672
5690
5750
5760
5761
5762
5763
5764
5782
5784
5790
5810
5816
5847
5848
5849
5850
5851
5852
5853
5854
5855
5856
5857
5858
5859
5860
5861
5881
5882
5883
5884
5885
5886
5887
5888
5889
5890
5891
5892
5893
5894
5895
5896
5897
5898
5899
5901
5902
5903
5904
5905
5906
5907
5908
5932
5933
5934
5935
5936
5937
5938
5954
5955
5956
5957
5958
5959
5960
5961
5962
5963
5964
5965
5977
5979
5990
5994
5995
5996
5997
5998
5999
6000
6001
6002
6003
6004
6005
6006
6007
6008
6009
6010
6011
6012
6013
6014
6015
6016
6017
6018
6019
6020
6022
6023
6024
6025
6026
6027
6028
6029
6030
6031
6032
6033
6039
6040
6041
6042
6076
6077
6078
6079
6080
6081
6082
6083
6084
6085
6086
6087
6088
6089
6090
6091
6092
6093
6094
6095
6096
6097
6098
6099
6100
6101
6102
6103
6104
6105
6106
6107
6108
6109
6110
6120
6121
6122
6123
6124
6125
6126
6127
6128
6129
6130
6131
6132
6133
6145
6146
6147
6148
6149
6150
6151
6152
6153
6154
6155
6156
6157
6158
6159
6160
6161
6162
6163
6164
6165
6166
6167
6168
6169
6170
6171
6172
6191
6198
6199
6200
6201
6202
6203
6204
6205
6223
6224
6225
6226
6227
6228
6229
6230
6253
6254
6255
6258
6275
6276
6277
6278
6279
6280
6281
6282
6283
6284
6285
6286
6287
6288
6289
6290
6291
6292
6293
6294
6295
6297
6298
6299
6312
6313
6314
6315
6316
6317
6318
6319
6320
6340
6341
6342
6343
6344
6348
6349
6369
6370
6371
6372
6379
6380
6381
6382
6383
6384
6385
6386
6387
6388
6389
6390
6391
6392
6393
6394
6395
6430
6431
6432
6433
6434
6435
6436
6447
6448
6449
6450
6451
6452
6453
6454
6455
6456
6457
6467
6468
6469
6470
6471
6472
6473
6474
6475
6476
6477
6478
6490
6491
6492
6493
6494
6495
6496
6497
6498
6499
6500
6501
6502
6503
6513
6514
6515
6516
6517
6525
6527
6528
6529
6530
6531
6532
6537
6538
6539
6540
6543
6545
6546
6547
6548
6549
6550
6551
6552
6553
6554
6555
6556
6560
6561
6562
6563
6564
6565
6566
6567
6568
6569
6570
6571
6572
6573
6574
6575
6583
6584
6585
6586
6587
6598
6599
6600
6605
6609
6611
6613
6614
6615
6616
6617
6618
6619
6621
6622
6631
6721
6727
6738
6739
6744
6745
6747
6759
6768
6769
6770
6771
6772
6773
6786
6788
6789
6790
6791
6792
6793
6794
6795
6796
6797
6798
6799
6800
6801
6802
6803
6804
6805
6806
6807
6808
6809
6810
6811
6812
6813
6814
6815
6816
6817
6818
6819
6820
6821
6822
6823
6824
6825
6826
6827
6828
6829
6830
6845
6846
6847
6848
6849
6850
6851
6852
6853
6854
6855
6856
6857
6858
6859
6860
6861
6862
6863
6864
6865
6866
6867
6868
6869
6870
6871
6872
6873
6874
6875
6876
6877
6878
6879
6880
6881
6882
6883
6910
6911
6912
6913
6914
6931
6932
6933
6934
6935
6936
6948
6949
6950
6951
6952
6953
6954
6955
6956
6963
6964
6965
6966
6967
6968
6969
6985
6986
6987
6988
6989
6990
6991
6992
7015
7016
7017
7018
7019
7020
7021
7022
7023
7024
7025
7026
7027
7040
7045
7046
7054
7055
7056
7057
7071
7072
7073
7074
7075
7076
7077
7090
7091
7092
7093
7094
7122
7123
7161
7165
7174
7175
7176
7177
7178
7179
7180
7181
7182
7183
7184
7185
7186
7187
7188
7189
7190
7191
7192
7193
7194
7197
7199
7200
7216
7217
7218
7219
7220
7221
7222
7223
7224
7225
7226
7227
7228
7244
7245
7246
7247
7248
7249
7250
7251
7252
7253
7254
7255
7256
7257
7258
7259
7260
7261
7262
7263
7264
7266
7274
7275
7276
7292
7293
7294
7366
7430
7431
7432
7440
7446
7459
7478
7479
7480
7481
7482
7483
7484
7485
7486
7487
7488
7489
7497
7498
7499
7500
7501
7502
7503
7504
7505
7506
7507
7508
7509
7510
7511
7512
7513
7514
7521
7522
7523
7549
7550
7551
7552
7553
7554
7555
7556
7565
7566
7567
7568
7569
7570
7571
7572
7573
7574
7575
7580
7581
7582
7583
7584
7593
7595
7596
7597
7598
7599
7600
7615
7616
7617
7618
7619
7620
7621
7622
7623
7624
7625
7626
7627
7628
7629
7630
7631
7639
7641
7661
7662
7663
7664
7665
7666
7667
7668
7669
7670
7671
7672
7673
7674
7675
7676
7677
7678
7679
7680
7681
7682
7683
7686
7687
7688
7689
7690
7691
7692
7693
7694
7695
7696
7697
7698
7699
7702
7716
7717
7718
7719
7720
7721
7722
7723
7724
7725
7726
7727
7728
7729
7748
7749
7750
7751
7752
7753
7754
7755
7756
7757
7758
7759
7760
7761
7762
7763
7764
7765
7766
7767
7768
7769
7770
7771
7772
7773
7774
7775
7778
7782
7783
7784
7785
7786
7787
7788
7789
7790
7791
7792
7793
7797
7798
7836
7837
7838
7839
7841
7842
7843
7850
7851
7857
7858
7923
7924
7925
7926
7927
7938
7939
7940
7941
7942
7943
7944
7945
7946
7947
7948
7949
7950
7951
7952
7953
7954
7955
7956
7957
7958
7959
7960
7968
7969
7970
7971
7973
7974
7975
7976
8014
8015
8016
8017
8018
8019
8020
8021
8038
8039
8040
8041
8042
8043
8044
8045
8046
8047
8048
8049
8050
8051
8052
8053
8054
8055
8056
8057
8058
8061
8062
8065
8066
8085
8086
8087
8088
8089
8090
8091
8092
8093
8094
8095
8096
8097
8098
8099
8100
8101
8102
8103
8104
8105
8106
8107
8108
8109
8110
8111
8112
8113
8114
8115
8116
8117
8118
8119
8120
8121
8122
8123
8124
8125
8126
8127
8128
8129
8130
8131
8132
8133
8134
8135
8189
8190
8191
8192
8193
8194
8195
8196
8197
8198
8199
8200
8201
8202
8203
8204
8205
8206
8207
8208
8209
8210
8211
8237
8238
8239
8240
8241
8242
8243
8244
8298
8299
8300
8301
8302
8303
8304
8305
8306
8321
8322
8323
8324
8330
8331
8332
8333
8334
8346
8347
8348
8349
8350
8352
8353
8354
8355
8356
8359
8360
8361
8362
8363
8375
8376
8377
8386
8387
8388
8389
8390
8391
8392
8393
8394
8395
8396
8397
8398
8401
8404
8413
8419
8420
8424
8425
8426
8429
8432
8433
8434
8435
8436
8437
8438
8439
8440
8441
8442
8443
8445
8447
8448
8449
8450
8459
8460
8461
8462
8463
8464
8465
8466
8467
8468
8484
8485
8486
8503
8504
8505
8506
8507
8508
8509
8510
8511
8512
8513
8514
8515
8516
8517
8545
8546
8547
8548
8549
8550
8551
8552
8553
8554
8555
8556
8557
8558
8559
8560
8561
8562
8563
8564
8565
8566
8567
8568
8569
8570
8615
8616
8628
8645
8650
8651
8652
8653
8654
8655
8656
8704
8718
8719
8720
8721
8722
8723
8724
8725
8726
8727
8728
8729
8730
8731
8732
8733
8734
8735
8737
8738
8739
8740
8741
8742
8743
8744
8745
8746
8759
8760
8767
8768
8769
8770
8771
8772
8773
8774
8778
8779
8780
8781
8782
8783
8784
8800
8802
8803
8804
8806
8807
8815
8816
8837
8838
8839
8840
8851
8852
8853
8854
8855
8856
8857
8858
8860
8861
8862
8863
8864
8865
8866
8867
8868
8869
8870
8871
8872
8873
8874
8875
8876
8877
8880
8881
8882
8883
8884
8885
8886
8887
8888
8894
8895
8896
8897
8898
8899
8912
8913
8914
8915
8916
8917
8918
8919
8920
8921
8922
8923
8924
8925
8926
8927
8930
8931
8932
8933
8934
8935
8936
8937
8938
8939
8940
8941
8942
8943
8944
8945
8946
8947
8948
8949
8951
8952
8953
8954
8955
8956
8957
8958
8964
8965
8966
8967
8968
8969
8970
8971
8972
8973
8974
8975
8977
8978
8979
8980
8981
8982
8983
8984
8985
8986
8987
8995
8996
8997
8998
8999
9000
9001
9002
9003
9017
9020
9037
9038
9039
9040
9041
9047
9048
9049
9050
9051
9052
9053
9055
9056
9057
9058
9059
9062
9073
9074
9075
9076
9084
9085
9108
9109
9110
9111
9112
9113
9114
9115
9116
9117
9118
9119
9120
9121
9122
9123
9124
9125
9126
9127
9128
9129
9130
9131
9132
9133
9134
9135
9136
9137
9138
9139
9140
9141
9142
9143
9144
9145
9146
9147
9148
9149
9150
9151
9152
9153
9154
9155
9156
9157
9158
9197
9198
9199
9200
9201
9202
9203
9204
9205
9206
9207
9208
9209
9210
9211
9212
9213
9214
9215
9216
9217
9218
9219
9220
9221
9222
9270
9271
9272
9273
9274
9275
9285
9310
9311
9312
9313
9314
9315
9316
9317
9318
9319
9320
9321
9322
9323
9324
9325
9326
9327
9328
9329
9330
9331
9332
9333
9334
9335
9336
9337
9338
9339
9340
9341
9342
9343
9344
9345
9346
9347
9348
9387
9388
9389
9390
9391
9392
9393
9394
9395
9396
9397
9398
9399
9400
9401
9402
9452
9453
9454
9455
9461
9463
9464
9465
9466
9467
9473
9474
9475
9476
9477
9478
9479
9480
9500
9501
9502
9503
9504
9505
9506
9507
9508
9509
9510
9511
9512
9529
9530
9531
9532
9533
9534
9539
9540
9541
9542
9543
9556
9557
9559
9560
9561
9562
9563
9565
9566
9567
9568
9587
9588
9589
9590
9591
9594
9595
9596
9597
9598
9599
9600
9604
9605
9606
9607
9608
9609
9610
9611
9612
9613
9614
9640
9642
9643
9644
9645
9646
9647
9648
9657
9658
9659
9660
9665
9666
9667
9670
9671
9672
9673
9674
9675
9676
9677
9685
9686
9698
9699
9700
9701
9704
9713
9721
9722
9723
9724
9725
9726
9727
9728
9729
9730
9731
9732
9736
9737
9738
9739
9740
9746
9747
9748
9749
9757
9758
9759
9760
9764
9765
9766
9767
9772
9773
9774
9775
9776
9777
9778
9779
9780
9781
9782
9783
9784
9785
9786
9787
9788
9789
9790
9791
9792
9793
9796
9804
9805
9806
9807
9808
9809
9810
9811
9812
9822
9823
9824
9825
9826
9839
9855
9856
9857
9877
9906
9907
9908
9909
9910
9911
9912
9913
9933
9934
9947
9963
9964
9965
9966
9967
9968
9969
9970
9971
9972
9973
9974
9975
9976
9977
9978
9979
9993
9994
9995
9996
9997
9998
9999
10000
10001
10002
10003
10004
10005
10006
10007
10008
10009
10010
10011
10012
10013
10014
10015
10016
10017
10018
10019
10020
10021
10022
10023
10033
10034
10035
10036
10037
10042
10044
10045
10046
10047
10048
10051
10052
10053
10054
10055
10056
10057
10058
10059
10092
10093
10094
10095
10096
10098
10099
10100
10101
10102
10106
10107
10108
10109
10110
10120
10121
10122
10123
10124
10125
10139
10140
10141
10142
10157
10158
10166
10167
10168
10169
10170
10171
10172
10173
10174
10175
10179
10180
10181
10182
10183
10184
10185
10186
10187
10188
10189
10190
10191
10192
10193
10215
10216
10217
10218
10219
10220
10225
10226
10227
10228
10229
10230
10231
10232
10233
10234
10235
10236
10237
10238
10253
10256
10264
10265
10266
10267
10270
10271
10272
10273
10276
10277
10278
10293
10294
10295
10320
10321
10322
10323
10324
10325
10326
10327
10328
10329
10330
10331
10332
10333
10334
10335
10343
10344
10345
10346
10347
10348
10349
10361
10375
10399
10400
10401
10402
10403
10404
10405
10406
10407
10408
10409
10410
10411
10412
10413
10414
10415
10416
10417
10418
10419
10420
10421
10422
10423
10424
10425
10426
10427
10428
10429
10430
10431
10432
10433
10434
10442
10443
10444
10445
10446
10457
10458
10459
10460
10461
10462
10463
10464
10465
10466
10467
10468
10469
10470
10471
10476
10477
10478
10479
10480
10481
10482
10483
10484
10485
10486
10490
10491
10512
10513
10514
10515
10516
10517
10518
10519
10520
10521
10530
10531
10532
10536
10544
10549
10557
10558
10559
10560
10561
10562
10563
10564
10585
10586
10587
10588
10589
10590
10591
10618
10619
10620
10638
10639
10640
10641
10642
10649
10679
10680
10681
10682
10683
10684
10685
10686
10687
10688
10689
10690
10691
10719
10720
10721
10722
10723
10724
10725
10726
10727
10728
10729
10730
10731
10732
10733
10734
10745
10776
10785
10786
10787
10788
10789
10790
10791
10792
10793
10817
10818
10819
10820
10821
10822
10823
10824
10825
10826
10827
10828
10829
10839
10840
10841
10842
10843
10844
10875
10876
10877
10894
10895
10896
10897
10898
10899
10900
10901
10902
10903
10904
10905
10906
10907
10908
10909
10910
10911
10912
10913
10914
10915
10916
10917
10918
10919
10922
10925
10926
10927
10933
10944
10945
10946
10947
10948
10949
10963
10964
10965
10968
10969
10977
10978
10979
10980
10981
10982
10983
10984
10988
10989
10993
10994
10995
11004
11010
11011
11012
11013
11014
11015
11016
11017
11018
11019
11027
11028
11029
11030
11031
11032
11033
11034
11035
11036
11037
11038
11039
11040
11041
11042
11043
11044
11045
11046
11047
11048
11049
11050
11051
11052
11053
11061
11062
11063
11064
11065
11066
11067
11068
11069
11070
11071
11072
11073
11084
11085
11086
11106
11107
11108
11112
11113
11114
11115
11116
11117
11118
11119
11120
11121
11122
11125
11126
11129
11130
11140
11163
11164
11165
11171
11172
11187
11216
11217
11218
11219
11220
11221
11222
11223
11224
11225
11226
11227
11229
11230
11233
11234
11240
11283
11284
11285
11286
11287
11288
11289
11290
11291
11293
11294
11295
11296
11301
11302
11303
11304
11305
11306
11307
11308
11309
11310
11329
11335
11336
11337
11345
11346
11347
11348
11349
11350
11351
11352
11353
11354
11355
11356
11357
11358
11359
11360
11361
11380
11381
11382
11383
11384
11397
11398
11399
11400
11430
11432
11433
11434
11453
11498
11499
11500
11501
11502
11503
11504
11505
11506
11507
11515
11516
11517
11518
11519
11520
11572
11573
11580
11586
11587
11589
11590
11591
11592
11593
11594
11595
11609
11613
11614
11630
11631
11632
11633
11634
11635
11636
11637
11638
11639
11640
11641
11642
11643
11644
11645
11646
11672
11673
11674
11675
11676
11677
11678
11679
11680
11681
11682
11683
11684
11685
11686
11714
11715
11716
11717
11718
11719
11720
11721
11722
11723
11724
11725
11726
11727
11728
11729
11730
11731
11745
11746
11747
11748
11772
11773
11774
11775
11776
11777
11778
11779
11804
11805
11806
11807
11831
11832
11833
11834
11835
11836
11837
11838
11839
11840
11841
11842
11843
11844
11845
11846
11847
11848
11849
11850
11851
11852
11853
11854
11855
11856
11857
11868
11869
11870
11871
11872
11873
11888
11889
11890
11900
11906
11907
11908
11912
11913
11914
11915
11916
11917
11918
11919
11934
11935
11940
11961
11962
11963
11964
11965
11966
11967
11968
11969
11970
11971
11972
11973
11974
11975
11976
11977
11978
11979
11980
12006
12007
12008
12009
12010
12011
12012
12013
12014
12015
12016
12017
12018
12019
12020
12021
12022
12023
12024
12025
12026
12035
12036
12037
12038
12039
12040
12041
12046
12047
12063
12064
12065
12066
12067
12068
12069
12070
12076
12108
12109
12110
12111
12112
12113
12114
12115
12116
12117
12118
12119
12120
12121
12122
12123
12124
12125
12126
12127
12128
12129
12130
12131
12132
12133
12134
12135
12136
12137
12138
12139
12140
12141
12142
12143
12145
12146
12147
12148
12149
12150
12151
12152
12153
12154
12155
12156
12157
12158
12159
12166
12167
12168
12169
12170
12171
12172
12173
12174
12175
12176
12177
12178
12180
12181
12182
12183
12184
12185
12193
12194
12195
12196
12197
12208
12209
12210
12220
12221
12242
12243
12244
12245
12246
12247
12254
12255
12256
12257
12258
12259
12260
12261
12262
12263
12264
12265
12266
12267
12268
12269
12270
12271
12272
12273
12274
12275
12276
12277
12278
12279
12280
12281
12282
12283
12284
12288
12289
12290
12291
12292
12293
12294
12295
12296
12297
12298
12300
12301
12302
12310
12311
12312
12313
12314
12315
12316
12317
12318
12319
12320
12321
12322
12323
12324
12325
12326
12327
12328
12329
12330
12331
12332
12333
12334
12335
12336
12338
12339
12340
12341
12342
12343
12344
12345
12347
12348
12349
12357
12358
12359
12360
12361
12362
12363
12364
12365
12366
12367
12368
12369
12370
12371
12372
12373
12374
12375
12376
12377
12378
12381
12386
12387
12398
12399
12400
12401
12402
12418
12419
12420
12421
12422
12423
12424
12425
12433
12434
12435
12448
12449
12450
12451
12452
12453
12454
12459
12470
12471
12472
12473
12474
12475
12485
12486
12487
12526
12527
12528
12529
12530
12531
12532
12533
12534
12535
12536
12537
12539
12551
12552
12553
12577
12578
12579
12598
12599
12636
12637
12638
12639
12640
12641
12642
12643
12644
12645
12646
12647
12648
12649
12650
12651
12652
12653
12654
12655
12656
12657
12658
12659
12674
12675
12676
12677
12678
12679
12680
12681
12682
12683
12702
12703
12704
12705
12706
12707
12708
12709
12710
12711
12712
12713
12714
12715
12732
12745
12746
12747
12748
12749
12750
12761
12762
12763
12764
12796
12797
12798
12799
12800
12801
12802
12803
12804
12805
12806
12807
12808
12809
12810
12811
12812
12813
12814
12815
12816
12833
12834
12835
12836
12837
12838
12839
12840
12841
12842
12843
12844
12850
12851
12852
12853
12854
12855
12856
12857
12889
12890
12905
12915
12936
12937
12938
12939
12940
12941
12956
12965
12966
12967
12968
12971
13005
13006
13007
13008
13009
13010
13011
13012
13013
13014
13015
13016
13017
13018
13019
13020
13021
13022
13023
13032
13033
13034
13035
13036
13037
13041
13042
13043
13044
13045
13046
13047
13048
13056
13057
13058
13061
13062
13063
13064
13065
13066
13077
13078
13079
13080
13081
13083
13085
13087
13088
13110
13119
13124
13125
13126
13127
13128
13131
13132
13133
13134
13144
13145
13146
13147
13148
13149
13150
13151
13152
13160
13161
13162
13163
13164
13165
13166
13167
13168
13169
13170
13171
13172
13173
13174
13175
13176
13182
13183
13184
13185
13216
13217
13218
13219
13220
13221
13222
13223
13224
13225
13226
13227
13228
13229
13230
13231
13232
13233
13275
13276
13277
13278
13279
13280
13281
13282
13283
13284
13285
13286
13287
13288
13289
13290
13291
13292
13293
13294
13295
13296
13321
13322
13323
13324
13325
13334
13342
13343
13344
13345
13357
13358
13359
13362
13363
13364
13365
13366
13367
13381
13382
13383
13384
13385
13386
13388
13397
13398
13399
13400
13401
13413
13414
13415
13416
13417
13418
13439
13446
13447
13453
13454
13470
13471
13500
13501
13502
13503
13512
13516
13517
13518
13519
13520
13521
13522
13523
13526
13527
13541
13542
13543
13544
13558
13559
13560
13561
13562
13563
13564
13565
13566
13567
13568
13574
13575
13576
13577
13578
13579
13593
13594
13595
13596
13597
13598
13599
13600
13601
13602
13609
13612
13617
13618
13620
13627
13628
13629
13630
13631
13633
13634
13635
13663
13664
13665
13666
13667
13668
13669
13670
13671
13672
13673
13674
13675
13676
13677
13678
13679
13680
13691
13696
13697
13698
13699
13706
13707
13719
13720
13721
13722
13723
13724
13745
13746
13747
13748
13749
13750
13751
13752
13753
13759
13760
13767
13768
13774
13775
13776
13777
13778
13786
13806
13973
13984
13985
13986
13987
13988
13989
13990
14002
14003
14006
14007
14018
14019
14020
14029
14037
14038
14039
14040
14041
14042
14043
14044
14045
14046
14066
14067
14068
14069
14070
14078
14082
14085
14097
14098
14110
14111
14112
14146
14147
14148
14149
14198
14199
14200
14201
14202
14203
14204
14205
14206
14207
14208
14209
14210
14211
14215
14216
14217
14218
14232
14236
14237
14256
14257
14258
14259
14260
14261
14262
14263
14264
14265
14266
14267
14268
14269
14280
14281
14282
14283
14284
14286
14287
14288
14289
14290
14291
14292
14293
14301
14302
14303
14304
14322
14323
14324
14325
14326
14327
14328
14329
14330
14331
14332
14333
14334
14335
14336
14337
14360
14361
14362
14363
14376
14377
14403
14404
14411
14412
14413
14414
14415
14416
14417
14418
14419
14420
14428
14429
14430
14431
14432
14433
14434
14435
14445
14446
14447
14456
14457
14458
14459
14460
14461
14462
14463
14464
14465
14466
14474
14475
14476
14477
14478
14479
14480
14487
14499
14500
14501
14502
14503
14509
14510
14511
14512
14513
14514
14515
14516
14519
14520
14521
14547
14548
14549
14557
14558
14559
14560
14561
14562
14565
14566
14567
14568
14581
14582
14583
14585
14603
14615
14616
14617
14618
14619
14620
14622
14623
14624
14625
14626
14643
14644
14645
14646
14647
14649
14650
14651
14652
14653
14654
14655
14656
14657
14664
14665
14666
14667
14668
14669
14670
14671
14672
14673
14674
14675
14676
14677
14692
14693
14694
14695
14696
14697
14698
14699
14700
14701
14706
14707
14708
14709
14710
14711
14712
14713
14714
14715
14716
14717
14727
14728
14743
14744
14745
14746
14747
14748
14749
14750
14787
14788
14789
14790
14791
14792
14793
14794
14795
14796
14797
14798
14799
14800
14801
14802
14803
14804
14805
14806
14807
14808
14809
14810
14811
14812
14813
14818
14820
14821
14822
14823
14824
14825
14828
14829
14830
14846
14847
14848
14849
14850
14851
14852
14859
14860
14861
14862
14863
14864
14865
14866
14867
14868
14869
14870
14871
14872
14873
14874
14877
14878
14879
14880
14891
14892
14893
14902
14903
14904
14905
14906
14907
14908
14909
14910
14911
14912
14913
14915
14931
14932
14933
14934
14935
14975
14976
14977
14978
14979
14980
14981
14982
14983
14984
14990
14991
14992
14993
14994
14995
14996
14997
14998
14999
15007
15008
15009
15010
15011
15013
15014
15015
15016
15017
15018
15019
15020
15034
15035
15036
15037
15038
15039
15040
15041
15042
15043
15044
15047
15067
15068
15069
15070
15099
15102
15103
15108
15109
15112
15113
15130
15138
15139
15140
15141
15142
15143
15144
15145
15147
15148
15149
15150
15151
15152
15158
15159
15160
15161
15162
15163
15164
15165
15166
15167
15168
15215
15280
15281
15282
15283
15284
15285
15286
15318
15332
15333
15334
15335
15336
15337
15338
15339
15340
15341
15342
15346
15347
15348
15349
15350
15351
15352
15353
15354
15355
15356
15357
15358
15359
15360
15361
15362
15363
15364
15365
15366
15367
15368
15369
15370
15371
15372
15395
15396
15397
15398
15399
15400
15401
15402
15403
15404
15405
15406
15407
15408
15409
15410
15411
15412
15413
15414
15435
15436
15437
15438
15439
15440
15441
15450
15451
15452
15453
15454
15455
15456
15457
15458
15459
15460
15461
15481
15482
15483
15518
15519
15520
15521
15522
15523
15524
15525
15526
15527
15528
15529
15530
15531
15532
15533
15551
15552
15553
15578
15579
15580
15581
15582
15583
15584
15585
15586
15587
15588
15589
15590
15591
15592
15595
15596
15602
15603
15610
15611
15612
15621
15622
15623
15624
15625
15632
15633
15634
15643
15644
15645
15646
15647
15648
15649
15650
15657
15658
15660
15674
15675
15676
15677
15678
15679
15680
15681
15682
15683
15684
15685
15686
15687
15688
15689
15696
15697
15698
15699
15700
15701
15702
15703
15704
15705
15706
15707
15708
15709
15710
15711
15712
15718
15719
15725
15726
15736
15737
15738
15739
15740
15741
15742
15743
15744
15745
15752
15753
15757
15758
15759
15760
15761
15762
15763
15775
15776
15777
15778
15779
15780
15781
15782
15784
15800
15801
15802
15804
15828
15829
15830
15831
15832
15833
15834
15835
15836
15837
15838
15839
15840
15841
15842
15843
15844
15845
15846
15847
15849
15854
15855
15856
15857
15858
15859
15860
15879
15880
15881
15882
15883
15884
15885
15886
15887
15888
15889
15890
15906
15907
15908
15909
15910
15911
15912
15913
15914
15915
15916
15922
15923
15932
15986
15987
15988
15989
15990
15991
15992
16025
16026
16027
16028
16055
16056
16057
16058
16059
16060
16061
16064
16065
16091
16092
16093
16094
16095
16096
16097
16098
16099
16100
16101
16102
16103
16104
16105
16106
16107
16108
16109
16110
16111
16112
16113
16114
16115
16116
16117
16118
16119
16120
16124
16125
16127
16128
16133
16134
16165
16166
16167
16168
16169
16170
16171
16172
16173
16174
16175
16176
16177
16178
16179
16180
16181
16182
16183
16184
16185
16192
16230
16231
16232
16233
16234
16235
16236
16237
16238
16265
16266
16267
16268
16306
16307
16308
16309
16313
16340
16341
16342
16343
16347
16348
16363
16364
16365
16366
16367
16368
16369
16370
16371
16372
16373
16374
16375
16376
16377
16378
16379
16380
16381
16391
16392
16393
16394
16395
16396
16397
16398
16399
16400
16401
16402
16403
16404
16435
16436
16453
16454
16455
16456
16457
16458
16459
16460
16461
16462
16463
16469
16470
16483
16484
16493
16494
16495
16496
16497
16498
16499
16500
16507
16508
16509
16514
16515
16516
16517
16518
16523
16524
16525
16541
16547
16548
16565
16566
16567
16568
16569
16570
16571
16572
16574
16585
16586
16587
16588
16589
16590
16599
16600
16601
16602
16603
16604
16605
16606
16607
16608
16609
16610
16611
16612
16613
16614
16615
16616
16617
16618
16619
16620
16621
16622
16623
16624
16643
16644
16645
16646
16647
16648
16649
16650
16651
16652
16653
16654
16655
16656
16657
16662
16663
16664
16665
16666
16667
16668
16669
16670
16671
16673
16674
16675
16682
16683
16684
16685
16686
16687
16688
16689
16690
16691
16692
16693
16708
16709
16710
16711
16712
16713
16727
16734
16735
16736
16737
16738
16739
16740
16741
16742
16743
16744
16745
16769
16770
16771
16772
16795
16796
16802
16816
16817
16818
16819
16820
16821
16822
16823
16824
16825
16826
16831
16832
16833
16834
16835
16836
16839
16978
16979
16980
16981
16982
17010
17011
17012
17029
17030
17031
17032
17033
17048
17049
17050
17051
17052
17053
17054
17055
17056
17057
17058
17059
17060
17061
17062
17063
17064
17079
17080
17081
17082
17083
17084
17085
17086
17091
17092
17093
17094
17095
17096
17097
17102
17103
17104
17105
17119
17120
17121
17122
17136
17137
17138
17139
17140
17141
17142
17143
17144
17145
17146
17147
17148
17149
17150
17151
17152
17153
17154
17155
17156
17157
17158
17159
17160
17180
17181
17182
17183
17184
17185
17186
17187
17188
17198
17205
17206
17207
17208
17209
17210
17211
17212
17213
17214
17215
17216
17217
17227
17228
17229
17230
17231
17233
17234
17235
17237
17238
17239
17240
17241
17242
17243
17244
17245
17246
17247
17268
17269
17270
17271
17272
17273
17274
17275
17276
17277
17278
17279
17280
17281
17282
17283
17284
17285
17286
17287
17288
17289
17297
17299
17300
17301
17302
17314
17315
17316
17317
17318
17319
17320
17321
17322
17323
17324
17325
17330
17331
17338
17339
17347
17348
17349
17350
17351
17352
17353
17354
17355
17356
17357
17360
17361
17362
17365
17374
17375
17376
17377
17378
17426
17427
17428
17429
17430
17431
17432
17433
17434
17435
17436
17437
17438
17439
17440
17441
17442
17443
17444
17445
17446
17447
17448
17449
17450
17451
17452
17453
17472
17473
17474
17475
17476
17477
17478
17479
17480
17489
17490
17491
17492
17493
17494
17500
17504
17505
17506
17507
17508
17509
17510
17511
17512
17513
17516
17517
17518
17519
17520
17521
17522
17523
17524
17525
17526
17527
17528
17529
17530
17531
17532
17533
17534
17535
17536
17537
17538
17542
17543
17544
17545
17546
17547
17548
17549
17566
17567
17568
17569
17570
17571
17572
17573
17574
17575
17576
17577
17578
17579
17580
17592
17593
17594
17595
17596
17597
17598
17599
17600
17601
17602
17603
17604
17612
17613
17614
17615
17616
17617
17618
17619
17620
17621
17630
17631
17632
17633
17634
17635
17636
17637
17638
17639
17640
17654
17655
17656
17657
17658
17659
17660
17661
17662
17663
17664
17665
17666
17667
17668
17669
17670
17671
17672
17673
17674
17675
17676
17677
17678
17679
17680
17681
17682
17683
17706
17707
17708
17709
17710
17711
17712
17743
17744
17745
17746
17747
17748
17749
17750
17751
17752
17763
17764
17765
17766
17767
17768
17769
17770
17771
17772
17773
17774
17775
17776
17777
17778
17779
17780
17781
17807
17808
17809
17810
17811
17812
17819
17820
17821
17822
17823
17826
17827
17846
17847
17848
17849
17850
17851
17852
17853
17854
17855
17856
17857
17858
17859
17860
17861
17862
17863
17864
17865
17866
17867
17868
17869
17870
17871
17874
17880
17890
17891
17892
17893
17894
17895
17896
17897
17898
17899
17900
17901
17902
17903
17904
17905
17906
17907
17908
17909
17910
17911
17912
17913
17914
17915
17916
17917
17918
17927
17928
17929
17930
17931
17932
17933
17934
17935
17936
17937
17938
17939
17940
17941
17942
17943
17944
17945
17946
17953
17954
17955
17956
17957
17958
17959
18007
18008
18009
18010
18011
18012
18013
18014
18015
18030
18031
18032
18033
18034
18035
18036
18037
18038
18039
18040
18054
18055
18056
18057
18058
18059
18060
18092
18093
18094
18095
18096
18097
18098
18099
18100
18101
18102
18103
18104
18105
18106
18107
18108
18109
18156
18157
18160
18161
18162
18163
18164
18165
18166
18167
18168
18169
18192
18193
18200
18201
18202
18203
18205
18206
18207
18208
18209
18211
18212
18213
18214
18215
18216
18217
18218
18219
18238
18239
18240
18241
18258
18259
18260
18261
18262
18278
18279
18280
18287
18288
18289
18290
18291
18292
18293
18294
18295
18296
18297
18298
18299
18300
18301
18302
18309
18310
18311
18312
18313
18314
18315
18316
18317
18318
18319
18320
18321
18322
18323
18324
18325
18326
18327
18328
18329
18330
18331
18332
18333
18334
18335
18336
18337
18338
18339
18340
18341
18347
18348
18349
18350
18351
18352
18353
18359
18360
18361
18362
18372
18373
18374
18375
18376
18377
18399
18400
18401
18402
18416
18417
18418
18431
18432
18433
18434
18440
18441
18442
18443
18444
18460
18461
18462
18463
18464
18465
18466
18484
18487
18488
18489
18490
18491
18499
18500
18501
18502
18503
18504
18505
18506
18507
18508
18509
18515
18516
18517
18518
18519
18523
18524
18527
18528
18529
18530
18531
18537
18538
18539
18540
18541
18542
18543
18544
18545
18546
18547
18548
18549
18569
18570
18571
18572
18573
18574
18575
18576
18577
18579
18580
18581
18582
18583
18584
18585
18626
18647
18648
18649
18650
18651
18652
18653
18654
18655
18656
18657
18658
18676
18677
18678
18679
18680
18681
18682
18687
18688
18689
18690
18691
18692
18703
18704
18705
18706
18707
18708
18709
18710
18746
18747
18818
18819
18820
18821
18822
18823
18824
18825
18833
18834
18835
18836
18837
18838
18839
18840
18841
18842
18843
18844
18845
18846
18847
18848
18849
18850
18863
18864
18865
18866
18867
18872
18873
18874
18875
18876
18877
18878
18879
18884
18885
18886
18887
18888
18889
18890
18891
18892
18893
18894
18895
18896
18897
18898
18926
18927
18928
18929
18930
18931
18934
18935
18949
18987
18988
18989
18990
19029
19031
19039
19040
19041
19042
19043
19044
19045
19046
19047
19048
19049
19050
19051
19052
19053
19054
19055
19056
19057
19058
19059
19060
19061
19066
19067
19068
19069
19079
19080
19081
19109
19110
19111
19112
19113
19114
19115
19116
19132
19133
19134
19135
19136
19137
19138
19139
19140
19141
19142
19143
19144
19145
19146
19150
19151
19152
19153
19154
19155
19160
19161
19200
19201
19202
19203
19204
19205
19206
19207
19208
19209
19213
19214
19215
19219
19220
19221
19222
19223
19224
19225
19226
19227
19228
19229
19230
19231
19232
19233
19234
19235
19236
19237
19238
19239
19240
19241
19242
19249
19252
19259
19260
19261
19262
19263
19264
19265
19266
19267
19268
19269
19281
19282
19283
19284
19285
19286
19287
19288
19289
19290
19291
19292
19305
19306
19310
19311
19312
19313
19314
19338
19339
19340
19341
19342
19343
19344
19345
19346
19347
19348
19349
19350
19351
19352
19353
19354
19355
19356
19357
19358
19359
19360
19361
19362
19363
19364
19365
19366
19367
19368
19369
19370
19371
19372
19373
19374
19375
19377
19389
19390
19391
19392
19393
19394
19395
19396
19397
19415
19416
19417
19418
19419
19420
19421
19422
19423
19424
19425
19426
19427
19428
19429
19448
19449
19450
19451
19458
19459
19460
19493
19494
19495
19496
19502
19503
19504
19505
19506
19507
19508
19509
19510
19511
19512
19513
19514
19515
19516
19517
19519
19520
19521
19522
19523
19524
19525
19526
19527
19536
19537
19538
19539
19540
19541
19542
19543
19544
19558
19559
19560
19561
19562
19563
19564
19565
19570
19571
19572
19573
19574
19575
19578
19579
19580
19581
19586
19587
19588
19589
19590
19591
19592
19593
19603
19604
19605
19606
19607
19608
19609
19610
19611
19612
19618
19619
19620
19629
19630
19631
19632
19643
19644
19645
19646
19647
19648
19649
19650
19653
19658
19659
19660
19661
19662
19663
19664
19665
19666
19667
19668
19669
19681
19682
19683
19684
19685
19686
19687
19688
19689
19690
19691
19692
19693
19694
19698
19699
19700
19701
19710
19714
19715
19722
19723
19733
19739
19740
19741
19757
19758
19759
19767
19768
19769
19770
19771
19772
19773
19774
19779
19780
19786
19787
19788
19789
19790
19791
19792
19808
19809
19810
19811
19812
19831
19837
19838
19839
19840
19841
19842
19852
19853
19854
19855
19883
19884
19891
19892
19895
19896
19899
19900
19901
19908
19909
19920
19922
19923
19924
19926
19927
19939
19940
19941
19960
19961
19962
19963
19964
19965
19966
19967
19968
19969
19970
19971
19972
19973
19974
19975
19976
19977
19978
19979
19980
19981
19982
19983
19984
19985
19986
19987
19988
20013
20014
20015
20016
20017
20018
20019
20020
20021
20022
20023
20024
20025
20026
20075
20076
20077
20078
20079
20080
20081
20108
20109
20110
20111
20112
20113
20114
20115
20135
20136
20137
20138
20139
20140
20141
20142
20143
20144
20151
20152
20153
20154
20155
20156
20157
20158
20159
20160
20161
20162
20163
20164
20165
20166
20167
20168
20169
20170
20191
20192
20193
20196
20197
20198
20199
20200
20201
20202
20203
20286
20287
20288
20289
20290
20291
20292
20293
20294
20295
20296
20297
20298
20300
20319
20320
20321
20322
20323
20324
20325
20326
20327
20328
20329
20330
20331
20332
20333
20334
20335
20336
20337
20338
20339
20340
20341
20342
20343
20344
20345
20346
20347
20348
20349
20374
20375
20376
20377
20378
20442
20443
20444
20445
20446
20447
20448
20449
20450
20451
20452
20453
20454
20455
20456
20457
20458
20459
20460
20461
20462
20463
20500
20501
20502
20503
20504
20505
20506
20507
20508
20509
20510
20511
20512
20513
20514
20515
20517
20518
20519
20520
20521
20522
20523
20524
20565
20566
20567
20568
20578
20579
20580
20581
20582
20583
20584
20585
20586
20587
20588
20589
20590
20591
20592
20593
20594
20595
20596
20597
20598
20599
20600
20601
20602
20603
20604
20605
20637
20638
20639
20640
20641
20642
20643
20644
20645
20646
20654
20655
20656
20657
20658
20665
20666
20668
20678
20702
20703
20704
20705
20706
20707
20708
20759
20760
20761
20762
20763
20764
20765
20766
20767
20768
20769
20770
20771
20772
20773
20774
20775
20776
20777
20778
20779
20780
20781
20792
20793
20794
20795
20796
20797
20798
20799
20800
20801
20802
20810
20811
20812
20813
20814
20815
20816
20845
20872
20873
20874
20875
20876
20877
20878
20879
20880
20881
20882
20883
20907
20908
20918
20919
20920
20921
20922
20923
20924
20925
20926
20927
20928
20931
20951
20952
20953
20954
20955
20956
20990
20991
20992
20993
20994
20995
20996
20997
20998
20999
21000
21004
21005
21015
21016
21017
21018
21019
21020
21021
21022
21023
21024
21025
21026
21027
21038
21039
21040
21041
21042
21043
21044
21046
21049
21050
21051
21052
21053
21054
21057
21058
21059
21060
21061
21062
21063
21064
21084
21090
21091
21092
21106
21107
21108
21109
21110
21111
21114
21115
21116
21117
21118
21119
21127
21128
21134
21135
21136
21137
21145
21148
21149
21150
21151
21152
21153
21154
21155
21156
21157
21159
21160
21161
21162
21163
21164
21165
21166
21167
21168
21169
21177
21178
21179
21180
21183
21194
21195
21196
21205
21206
21207
21208
21214
21215
21216
21217
21218
21219
21223
21237
21238
21251
21260
21261
21269
21270
21271
21272
21273
21274
21275
21276
21277
21278
21279
21280
21292
21293
21294
21295
21296
21297
21298
21299
21300
21301
21302
21315
21316
21317
21318
21319
21320
21328
21329
21330
21331
21332
21333
21334
21335
21336
21337
21338
21339
21340
21341
21342
21343
21344
21345
21350
21351
21352
21353
21354
21355
21356
21357
21358
21359
21360
21361
21362
21363
21364
21365
21366
21367
21398
21400
21408
21409
21410
21411
21412
21413
21414
21415
21416
21417
21418
21419
21420
21421
21422
21423
21424
21436
21440
21441
21442
21443
21459
21460
21461
21462
21463
21464
21465
21466
21467
21468
21469
21470
21471
21472
21473
21474
21475
21476
21477
21478
21479
21480
21481
21482
21483
21484
21492
21511
21512
21513
21514
21515
21516
21517
21518
21529
21537
21538
21548
21549
21550
21551
21552
21553
21554
21555
21556
21557
21558
21559
21560
21561
21562
21563
21564
21565
21566
21567
21568
21569
21570
21571
21572
21573
21574
21575
21576
21580
21587
21589
21590
21591
21594
21595
21596
21597
21606
21607
21608
21609
21610
21611
21612
21613
21619
21620
21621
21626
21632
21633
21634
21635
21636
21637
21638
21639
21640
21648
21649
21650
21651
21652
21653
21654
21655
21656
21667
21695
21696
21697
21698
21699
21700
21701
21702
21703
21704
21705
21706
21707
21708
21709
21710
21711
21712
21713
21714
21717
21718
21720
21770
21777
21778
21782
21783
21784
21785
21786
21787
21788
21789
21790
21793
21794
21795
21796
21797
21801
21802
21803
21804
21805
21806
21807
21808
21809
21825
21828
21829
21834
21835
21836
21837
21838
21839
21840
21841
21842
21843
21845
21846
21850
21852
21854
21855
21871
21872
21873
21874
21875
21876
21877
21878
21879
21880
21881
21882
21883
21884
21885
21886
21887
21888
21889
21890
21939
21940
21944
21945
21946
21947
21948
21949
21950
21956
21960
21961
21962
21963
21964
21971
21972
21973
21974
21975
21976
21977
21978
21979
21980
21981
21982
21983
21984
21985
21986
21987
21988
21995
21996
21997
21998
21999
22000
22001
22002
22003
22004
22005
22006
22008
22009
22010
22011
22014
22016
22022
22023
22024
22032
22033
22034
22035
22048
22060
22061
22064
22065
22066
22067
22068
22069
22070
22071
22072
22073
22074
22075
22076
22077
22078
22079
22080
22081
22083
22084
22085
22086
22090
22091
22092
22098
22099
22100
22101
22105
22106
22107
22108
22109
22110
22111
22112
22113
22114
22115
22116
22117
22118
22119
22120
22121
22122
22125
22126
22127
22128
22129
22130
22140
22141
22142
22157
22158
22159
22160
22161
22162
22163
22164
22165
22166
22167
22168
22169
22170
22171
22172
22173
22174
22175
22176
22177
22178
22179
22180
22182
22183
22184
22185
22188
22189
22190
22191
22192
22193
22194
22195
22196
22197
22198
22200
22201
22202
22203
22204
22205
22206
22207
22208
22209
22210
22211
22212
22213
22223
22224
22225
22249
22250
22251
22252
22253
22254
22255
22256
22257
22258
22259
22260
22261
22262
22263
22270
22271
22272
22273
22274
22275
22276
22290
22291
22292
22293
22294
22295
22296
22306
22307
22308
22309
22310
22311
22312
22313
22335
22336
22337
22338
22339
22340
22341
22342
22343
22344
22345
22346
22347
22348
22349
22350
22351
22360
22361
22362
22363
22364
22365
22377
22378
22379
22380
22381
22382
22383
22400
22401
22419
22420
22421
22422
22423
22424
22425
22426
22427
22428
22429
22441
22442
22443
22446
22453
22454
22455
22456
22457
22458
22468
22469
22470
22471
22472
22473
22474
22475
22476
22477
22478
22479
22480
22481
22486
22503
22504
22505
22506
22507
22508
22509
22510
22511
22512
22513
22514
22515
22516
22517
22537
22538
22539
22540
22541
22542
22543
22544
22545
22546
22547
22548
22549
22557
22558
22577
22578
22579
22592
22593
22632
22633
22634
22635
22636
22637
22638
22639
22640
22641
22642
22643
22644
22645
22646
22647
22648
22649
22650
22651
22652
22653
22683
22684
22685
22686
22687
22688
22689
22690
22691
22692
22693
22694
22695
22696
22697
22698
22699
22700
22701
22702
22703
22704
22705
22706
22707
22708
22709
22729
22730
22731
22732
22733
22734
22735
22736
22737
22738
22739
22740
22741
22747
22748
22749
22750
22751
22752
22753
22754
22755
22756
22757
22778
22779
22780
22781
22782
22783
22784
22785
22786
22796
22797
22798
22827
22844
22845
22881
22882
22883
22890
22891
22892
22895
22896
22898
22899
22900
22901
22902
22903
22905
22923
22934
22935
22936
22937
22938
22939
22945
22946
22947
22969
22970
22971
22972
22973
22974
22975
22976
22977
22978
22979
22980
22981
22982
22983
22984
22985
23002
23003
23004
23005
23006
23007
23008
23009
23010
23011
23012
23013
23014
23015
23016
23026
23027
23028
23033
23034
23035
23036
23040
23041
23042
23052
23053
23054
23060
23061
23062
23063
23064
23065
23066
23067
23068
23069
23070
23074
23075
23076
23077
23078
23079
23093
23094
23095
23096
23097
23098
23099
23100
23101
23102
23103
23104
23105
23106
23107
23108
23116
23127
23136
23144
23148
23162
23163
23164
23165
23190
23191
23192
23193
23194
23195
23196
23197
23198
23199
23200
23204
23205
23206
23209
23213
23225
23226
23227
23228
23229
23232
23233
23234
23235
23236
23238
23239
23240
23241
23242
23244
23245
23281
23282
23283
23284
23285
23286
23287
23288
23289
23290
23291
23292
23293
23294
23295
23296
23297
23298
23299
23300
23301
23302
23303
23304
23305
23306
23307
23308
23309
23310
23311
23312
23313
23314
23320
23321
23327
23328
23329
23330
23331
23332
23333
23334
23335
23336
23337
23338
23339
23340
23351
23352
23353
23354
23355
23356
23382
23396
23397
23398
23399
23400
23401
23402
23403
23404
23405
23406
23407
23435
23436
23452
23453
23460
23462
23466
23467
23473
23474
23475
23476
23477
23478
23479
23480
23481
23482
23483
23484
23485
23486
23487
23488
23489
23490
23491
23492
23501
23502
23503
23504
23505
23506
23507
23508
23509
23511
23512
23513
23514
23515
23516
23517
23518
23519
23520
23521
23524
23525
23526
23527
23528
23566
23567
23568
23569
23570
23571
23572
23573
23609
23610
23620
23621
23622
23623
23624
23625
23658
23659
23660
23661
23662
23663
23670
23685
23686
23697
23700
23707
23719
23728
23742
23743
23744
23745
23746
23766
23767
23774
23775
23776
23777
23778
23779
23780
23781
23782
23800
23801
23802
23803
23804
23805
23806
23807
23809
23810
23811
23812
23813
23814
23815
23816
23860
23861
23862
23863
23864
23865
23866
23867
23868
23869
23870
23871
23872
23873
23874
23875
23876
23877
23878
23879
23880
23881
23882
23883
23884
23885
23886
23887
23888
23889
23890
23891
23900
23901
23902
23903
23904
23920
23921
23922
23925
23926
23927
23930
23931
23939
23940
23977
23978
23979
23980
23981
23982
23983
23984
23985
23986
23987
23988
23989
23990
23991
23992
24005
24013
24014
24015
24016
24017
24018
24019
24020
24021
24022
24023
24024
24025
24026
24027
24035
24037
24043
24044
24045
24053
24054
24061
24062
24068
24077
24078
24079
24080
24081
24089
24090
24091
24092
24093
24094
24095
24096
24099
24100
24101
24102
24103
24111
24112
24113
24127
24128
24129
24130
24131
24132
24139
24140
24141
24152
24153
24154
24155
24156
24157
24158
24159
24177
24178
24179
24180
24198
24199
24200
24201
24204
24205
24206
24207
24215
24216
24217
24218
24219
24221
24222
24223
24224
24225
24226
24228
24234
24235
24236
24237
24240
24241
24251
24252
24266
24267
24268
24269
24270
24282
24283
24284
24285
24286
24287
24288
24289
24290
24291
24292
24293
24294
24295
24296
24310
24311
24312
24321
24322
24323
24346
24347
24348
24349
24350
24351
24352
24353
24354
24355
24356
24357
24382
24406
24407
24408
24409
24410
24411
24412
24413
24414
24415
24416
24417
24418
24428
24429
24430
24431
24432
24433
24434
24435
24436
24437
24438
24439
24440
24441
24442
24443
24444
24445
24446
24447
24448
24449
24464
24465
24466
24467
24468
24469
24470
24471
24472
24473
24474
24483
24484
24485
24486
24507
24508
24509
24510
24511
24517
24533
24534
24535
24536
24537
24563
24564
24565
24566
24567
24568
24569
24570
24571
24572
24573
24574
24575
24581
24584
24589
24590
24593
24594
24595
24596
24597
24598
24599
24600
24617
24618
24619
24623
24626
24627
24628
24629
24630
24631
24637
24638
24642
24643
24648
24649
24656
24657
24663
24664
24665
24666
24667
24668
24755
24760
24761
24762
24776
24777
24778
24779
24780
24788
24789
24790
24811
24812
24813
24818
24831
24839
24840
24849
24853
24854
24855
24856
24857
24858
24860
24861
24862
24875
24876
24877
24878
24879
24880
24881
24891
24892
24893
24894
24895
24896
24897
24908
24909
24910
24911
24912
24913
24914
24915
24916
24917
24918
24919
24920
24921
24922
24942
24968
24969
24970
24971
24972
24973
24974
24975
24976
24977
24978
24979
24980
24981
24982
24983
24992
24995
24996
24997
24998
24999
25000
25014
25015
25016
25017
25018
25019
25028
25030
25043
25044
25045
25046
25047
25048
25049
25050
25051
25073
25088
25089
25090
25091
25092
25093
25094
25095
25096
25097
25098
25099
25100
25101
25102
25103
25104
25105
25106
25117
25118
25119
25120
25124
25125
25126
25127
25128
25129
25130
25131
25132
25133
25134
25135
25140
25161
25162
25163
25164
25165
25166
25167
25168
25169
25170
25171
25182
25184
25185
25186
25187
25188
25189
25190
25196
25197
25198
25199
25200
25201
25202
25203
25208
25209
25210
25214
25215
25216
25217
25218
25250
25268
25269
25270
25271
25272
25273
25274
25275
25276
25277
25278
25279
25280
25281
25282
25283
25284
25285
25286
25292
25293
25294
25295
25296
25297
25312
25343
25344
25345
25346
25347
25348
25349
25350
25351
25353
25354
25355
25356
25357
25372
25373
25374
25375
25386
25387
25388
25389
25390
25391
25392
25402
25403
25404
25405
25406
25407
25408
25409
25410
25411
25412
25413
25414
25415
25416
25417
25418
25419
25423
25424
25431
25432
25433
25437
25438
25439
25440
25441
25442
25443
25444
25445
25446
25453
25454
25455
25484
25485
25495
25509
25510
25511
25512
25513
25514
25515
25516
25517
25518
25524
25525
25526
25542
25543
25544
25545
25546
25547
25548
25549
25550
25551
25555
25564
25565
25566
25567
25568
25577
25578
25579
25580
25581
25582
25583
25601
25602
25603
25604
25605
25606
25607
25608
25609
25610
25611
25612
25618
25638
25639
25640
25650
25652
25653
25654
25658
25659
25660
25663
25668
25671
25672
25684
25685
25686
25687
25688
25689
25690
25705
25706
25707
25708
25709
25710
25711
25728
25729
25757
25763
25764
25765
25766
25767
25768
25769
25802
25847
25848
25849
25850
25851
25868
25869
25870
25871
25872
25873
25874
25875
25876
25877
25878
25879
25880
25881
25882
25883
25891
25892
25893
25894
25909
25910
25911
25912
25920
25921
25922
25923
25924
25925
25926
25927
25928
25929
25940
25941
25942
25943
25944
25945
25946
25947
25952
25960
25961
25962
25963
25964
25965
25966
25967
25968
25969
25970
25971
25972
25984
25985
25986
25987
25988
25989
25990
25991
25995
25996
25997
25998
25999
26032
26044
26058
26059
26069
26070
26071
26072
26073
26074
26081
26082
26083
26084
26085
26093
26094
26095
26096
26097
26098
26099
26104
26124
26125
26126
26127
26140
26141
26148
26149
26159
26160
26161
26162
26163
26164
26165
26166
26167
26168
26173
26174
26175
26176
26177
26178
26179
26180
26181
26182
26183
26184
26185
26186
26187
26188
26198
26199
26200
26201
26202
26203
26204
26205
26206
26207
26209
26210
26211
26212
26213
26214
26215
26221
26222
26223
26224
26225
26234
26235
26236
26237
26238
26239
26240
26241
26242
26253
26254
26255
26256
26257
26258
26260
26261
26262
26263
26264
26270
26271
26272
26273
26274
26275
26276
26277
26278
26279
26280
26281
26308
26367
26413
26414
26415
26416
26417
26418
26429
26448
26449
26450
26451
26452
26453
26454
26463
26464
26465
26474
26475
26476
26477
26478
26479
26480
26488
26497
26511
26512
26513
26514
26515
26516
26517
26518
26519
26529
26530
26531
26536
26537
26542
26543
26544
26545
26546
26561
26562
26563
26564
26570
26571
26572
26578
26579
26580
26581
26582
26586
26588
26592
26595
26596
26599
26600
26606
26607
26608
26609
26610
26611
26612
26613
26614
26615
26616
26617
26618
26619
26620
26621
26622
26623
26624
26625
26635
26636
26637
26638
26639
26640
26641
26642
26643
26644
26645
26646
26647
26648
26649
26650
26651
26652
26653
26654
26655
26666
26667
26668
26669
26670
26671
26672
26673
26674
26675
26676
26677
26678
26679
26680
26681
26682
26683
26684
26698
26699
26700
26701
26702
26703
26704
26705
26706
26707
26708
26709
26710
26711
26712
26713
26714
26715
26726
26727
26728
26729
26730
26737
26738
26739
26740
26741
26742
26743
26744
26748
26749
26750
26751
26758
26759
26760
26761
26767
26768
26769
26770
26771
26777
26778
26779
26780
26781
26782
26783
26784
26785
26786
26787
26788
26789
26790
26796
26797
26798
26799
26800
26801
26802
26805
26806
26807
26808
26809
26810
26811
26812
26813
26814
26815
26816
26821
26822
