1177
4717
4719
4763
4795
5564
5673
5674
5675
5676
5677
5678
5679
5680
5681
5684
5687
5688
5689
5690
5691
5692
5693
5694
5695
5729
5748
5749
5759
5765
5794
5795
5796
5797
5798
5801
5802
5831
6693
6694
6695
6696
6697
6698
6699
6700
6701
6702
6703
6704
6705
6706
6707
6708
6709
6710
6734
6735
6736
6737
6738
6739
6740
6741
6742
7366
9008
9009
9010
9011
9012
9013
9014
9015
9016
9017
9018
9019
9020
9021
9022
9023
9024
9025
9026
9027
9028
9029
9030
9031
9032
9033
9034
9035
9036
9037
9038
9039
9040
9041
9042
9043
9044
9045
9046
9047
9048
9049
9050
9064
9065
9066
9067
9068
9069
9070
9071
9072
9073
9074
9075
9076
9077
9078
9079
9080
9081
9082
9083
9084
9085
10492
10493
10494
10495
10496
10497
10498
10499
10500
10501
10502
10503
10504
10505
10506
10507
10508
10509
10510
10511
10512
10513
10514
10515
10516
10517
10518
10519
10520
10521
10522
10523
10524
10525
10526
10527
10528
10529
10530
10531
10532
10533
10534
10535
10536
10537
10538
10539
10540
10541
10542
10543
10544
10545
10546
10549
10564
10566
10567
10568
10569
10573
10574
10575
10586
10587
10588
10589
10592
10593
10594
10595
10596
10597
10598
10618
10619
10620
10621
10623
10624
10625
10626
10627
10628
10629
10630
10631
10632
10633
10634
10635
10636
10637
10638
10639
10640
10641
10642
10643
10644
10645
10646
10647
10648
10649
10652
11159
11160
11161
11162
11163
11164
11165
11166
11167
11168
11169
11170
11171
12198
12199
12201
12239
12240
12241
12487
13974
15977
15978
16974
18354
18403
18404
18405
18406
18407
18408
18409
18410
18417
18418
18419
18431
18432
18433
18434
18478
18479
18480
18481
18482
18483
18484
18485
18486
18487
18646
19718
19719
19720
19721
19722
19723
19724
19725
19726
19727
19729
19730
19731
19732
19733
19734
19735
19736
19737
19738
19739
19740
19741
19742
19743
19744
19745
19746
19747
19748
19749
19750
19751
19752
19753
19754
19755
19756
19757
19758
19759
19760
19761
19762
19763
19764
19765
19766
19781
19793
19794
19795
19796
19797
19800
19801
19809
19813
19814
19815
19831
19871
19872
19873
19874
19875
19876
19877
19878
19879
19880
19881
19883
19884
19885
19886
19887
19890
19891
19892
19893
19894
19895
19896
19920
19921
20121
20122
21181
21182
21183
21184
21185
21186
21187
21188
21189
21190
21191
21192
21193
21194
21195
21196
21197
21198
21199
21200
21201
21202
21203
21204
21205
21206
21207
21208
21209
21210
21211
21235
21236
21252
21253
21254
21255
21256
21257
21258
21259
21260
21261
21262
21263
21264
21265
21266
21267
22006
22007
22049
22050
22051
22052
22053
22054
22055
22056
22057
22058
23547
23548
23550
23551
23552
23553
23687
23688
23689
23690
23691
23692
23693
23694
23695
23696
23697
23698
23699
23759
23769
24650
24756
24757
24758
24759
24760
24761
24762
24763
24764
24765
24766
24767
24768
24769
24770
24771
24772
24773
24774
24775
24776
24777
24778
24779
24780
24781
24782
24783
24784
24785
24786
24787
24788
24789
24790
24791
24792
24793
24794
24795
24796
24797
24798
24799
24800
24801
24802
24803
24804
24805
24806
24807
24808
24809
24810
24811
24812
24813
24817
24818
24823
24824
24825
24826
24827
24828
24829
24830
24831
24832
24833
24834
24835
24836
24837
24838
24839
24840
24841
24842
24843
24844
24845
24846
24847
24848
24849
24850
24851
24852
24853
24854
24855
24856
24857
24858
24859
24868
24874
24875
24881
25213
25692
25693
25694
25695
25696
25697
25710
25711
25712
25725
25726
25727
25729
25747
25748
25754
25755
25756
25818
25819
26172
26450
26451
26821
26822
26823
