1113
1114
1115
1116
1117
1119
1121
1122
1123
1124
1126
1128
1129
1130
1131
1132
1133
1134
1135
1136
1137
1141
1143
1144
1146
1147
1149
1150
1151
1153
1154
1157
1158
1160
1161
1162
1163
1165
1166
1167
1168
1170
1171
1172
1173
1174
1175
1176
1177
1178
1179
1180
1181
1184
1186
1188
1189
1190
1191
1192
1193
1195
1198
1200
1201
1202
1203
1204
1205
1208
1209
1210
1212
1213
1214
1215
1216
1218
1219
1220
1222
1223
1225
1226
1227
1228
1229
1230
1231
1233
1234
1235
1236
1237
1238
1240
1241
1242
1243
1244
1245
1247
1248
1250
1252
1257
1258
1259
1260
1261
1262
1263
1264
1265
1266
1267
1268
1269
1271
1272
1273
1274
1276
1278
1279
1280
1282
1283
1284
1285
1286
1288
1289
1290
1291
1292
1293
1294
1295
1296
1298
1300
1301
1303
1304
1305
1306
1307
1308
1309
1310
1311
1312
1313
1315
1319
1321
1324
1327
1328
1330
1331
1332
1334
1335
1337
1341
1343
1344
1346
1348
1349
1350
1351
1352
1354
1355
1357
1358
1363
1366
1368
1369
1372
1374
1375
1376
1377
1385
1387
1394
1395
1398
1400
1401
1402
1403
1404
1405
1406
1407
1408
1411
1413
1414
1415
1417
1418
1419
1420
1421
1422
1423
1425
1427
1429
1431
1432
1435
1436
1437
1438
1439
1440
1441
1442
1444
1445
1447
1448
1450
1451
1456
1461
1463
1464
1465
1466
1467
1468
1469
1470
1471
1473
1479
1480
1482
1485
1486
1489
1490
1492
1493
1494
1496
1501
1503
1504
1509
1510
1514
1515
1517
1519
1520
1522
1523
1524
1525
1526
1527
1530
1531
1532
1535
1536
1541
1543
1544
1545
1547
1548
1549
1551
1552
1556
1560
1565
1566
1569
1571
1572
1573
1574
1575
1577
1579
1582
1584
1585
1586
1587
1588
1589
1590
1591
1593
1599
1601
1602
1603
1606
1608
1610
1611
1613
1616
1617
1618
1620
1621
1623
1625
1626
1627
1628
1629
1630
1635
1636
1640
1641
1645
1647
1649
1650
1653
1656
1657
1658
1662
1663
1664
1665
1666
1667
1668
1669
1670
1671
1673
1675
1676
1677
1679
1680
1682
1686
1687
1697
1698
1700
1709
1712
1715
1717
1718
1720
1722
1723
1727
1728
1733
1735
1737
1738
1740
1743
1745
1748
1752
1754
1756
1761
1771
1773
1776
1777
1778
1780
1781
1782
1784
1785
1787
1788
1789
1790
1791
1793
1794
1796
1797
1798
1799
1800
1801
1802
1803
1805
1806
1807
1810
1811
1812
1813
1814
1816
1817
1818
1820
1821
1822
1823
1824
1825
1827
1828
1829
1830
1831
1832
1833
1837
1838
1839
1840
1842
1843
1844
1845
1846
1848
1849
1850
1851
1852
1853
1855
1856
1857
1860
1861
1862
1863
1864
1866
1868
3084
3086
3087
3088
3089
3091
3092
3093
3094
3095
3096
3097
3098
3099
3100
3101
3102
3103
3104
3105
3107
3108
3110
3113
3114
3115
3116
3117
3119
3120
3121
3122
3123
3125
3126
3127
3128
3129
3131
3133
3135
3138
3140
3141
3142
3144
3145
3146
3147
3149
3152
3153
3154
3156
3157
3158
3159
3174
3178
3179
3180
3182
3185
3186
3187
3190
3191
3193
3194
3197
3200
3204
3208
3209
3210
3211
3212
3214
3216
3220
3221
3223
3224
3225
3226
3228
3229
3230
3231
3232
3233
3234
3238
3240
3241
3242
3246
3247
3253
3254
3255
3256
3268
3273
3279
3281
3282
3283
3284
3289
3291
3292
3293
3294
3295
3296
3297
3300
3301
3303
3305
3306
3307
3308
3315
3316
3317
3319
3322
3323
3324
3325
3327
3329
3330
3331
3332
3333
3334
3335
3336
3338
3339
3340
3341
3342
3344
3345
3347
3348
3350
3351
3353
3354
3355
3357
3359
3360
3362
3363
3366
3367
3369
3370
3371
3372
3373
3374
3375
3376
3377
3379
3381
3383
3385
3386
3387
3388
3389
3390
3392
3393
3395
3396
3397
3399
3400
3401
3402
3403
3404
3406
3412
3413
3414
3415
3416
3419
3422
3425
3426
3427
3430
3432
3433
3434
3439
3440
3442
3443
3444
3445
3446
3447
3449
3450
3452
3453
3460
3462
3465
3467
3468
3469
3470
3472
3473
3474
3475
3476
3477
3478
3479
3480
3481
3482
3484
3485
3487
3488
3491
3492
3493
3495
3496
3497
3499
3501
3503
3504
3505
3507
3508
3509
3510
3512
3513
3514
3516
3517
3519
3520
3521
3522
3524
3525
3526
3530
3531
3533
3534
3537
3538
3539
3542
3543
3544
3545
3546
3549
3554
3555
3557
3559
3560
3563
3564
3567
3572
3574
3575
3578
3579
3580
3581
3583
3585
3586
3588
3589
3590
3592
3593
3594
3595
3596
3598
3599
3603
3604
3605
3606
3607
3615
3621
3625
3626
3627
3629
3630
3631
3634
3635
3636
3640
3641
3644
3645
3646
3648
3649
3651
3653
3655
3656
3657
3659
3663
3666
3669
3670
3673
3675
3676
3677
3680
3682
3683
3684
3685
3686
3687
3688
3689
3690
3692
3695
3696
3698
3699
3700
3701
3702
3703
3704
3705
3706
3707
3711
3712
3715
3716
3717
3718
3720
3721
3724
3725
3728
3734
3735
3736
3738
3740
3741
3742
3743
3744
3745
3747
3748
3750
3751
3752
3753
3757
3758
3759
3760
3763
3765
3768
3769
3771
3772
3776
3777
3778
3779
3780
3784
3786
3788
3792
3795
3797
3803
3804
3807
3809
3810
3812
3813
3814
3815
3816
3820
3824
3825
3831
3832
3834
3835
3836
3837
3842
3849
3852
3853
3857
3864
3868
3873
3874
3879
3880
3881
3882
4691
4693
4694
4698
4699
4701
4702
4703
4706
4710
4712
4718
4721
4723
4730
4731
4732
4733
4734
4735
4736
4737
4738
4741
4745
4748
4749
4750
4751
4756
4757
4759
4760
4762
4764
4765
4768
4770
4772
4775
4777
4780
4782
4783
4784
4785
4786
4790
4793
4796
4798
4799
4800
4801
4803
4804
4811
4813
4814
4815
4819
4827
4829
4830
4831
4832
4833
4834
4835
4836
4840
4841
4848
4849
4851
4852
4855
4857
4859
4860
4861
4863
4864
4866
4868
4869
4870
4871
4872
4873
4874
4875
4877
4878
4880
4881
4882
4885
4886
4887
4889
4891
4894
4895
4896
4897
4898
4901
4906
4907
4913
4915
4916
4919
4920
4926
4929
4930
4932
4933
4934
4935
4936
4937
4939
4944
4946
4947
4948
4949
4951
4952
4953
4955
4957
4959
4962
4963
4965
4966
4967
4972
4973
4974
4976
4977
4978
4980
4981
4983
4987
4994
4995
4997
4999
5000
5002
5003
5004
5006
5007
5008
5009
5010
5011
5012
5013
5015
5016
5017
5019
5020
5021
5022
5023
5026
5027
5029
5032
5033
5034
5035
5036
5037
5038
5039
5040
5041
5042
5046
5047
5049
5050
5051
5052
5053
5055
5057
5058
5059
5061
5062
5064
5068
5069
5070
5071
5073
5074
5075
5078
5079
5082
5083
5084
5090
5094
5096
5099
5100
5103
5109
5110
5111
5113
5115
5116
5118
5119
5124
5125
5135
5139
5140
5141
5142
5144
5146
5147
5148
5156
5164
5745
5746
5748
5757
5759
5760
5761
5764
5766
5767
5768
5769
5770
5771
5772
5774
5777
5778
5779
5781
5782
5784
5787
5790
5791
5797
5800
5806
5808
5811
5814
5817
5821
5822
5825
5826
5827
5828
5829
5830
5832
5834
5838
5841
5843
5845
5849
5862
5869
5870
5871
5872
5880
5881
5882
5887
5888
5889
5890
5891
5892
5893
5894
5895
5896
5897
5898
5899
5900
5901
5902
5903
5904
5905
5906
5907
5909
5910
5911
5912
5914
5915
5917
5919
5920
5922
5923
5924
5925
5926
5927
5928
5930
6178
6179
6180
6181
6182
6183
6186
6188
6189
6190
6191
6193
6194
6195
6196
6199
6200
6202
6205
6207
6208
6209
6215
6216
6217
6218
6219
6220
6221
6222
6223
6224
6226
6227
6228
6229
6230
6231
6232
6233
6234
6235
6236
6237
6238
6242
6243
6245
6247
6249
6251
6252
6253
6254
6256
6257
6258
6261
6262
6263
6264
6265
6266
6267
6268
6269
6270
6271
6274
6275
6276
6281
6282
6289
6290
6291
6292
6294
6295
6296
6297
6298
6300
6304
6308
6309
6312
6314
6315
6318
6319
6322
6323
6325
6331
6335
6339
6390
6391
6392
6393
6396
6399
6400
6401
6402
6404
6405
6406
6407
6408
6411
6412
6413
6414
6415
6418
6419
6420
6421
6422
6423
6424
6425
6428
6429
6430
6431
6432
6433
6434
6436
6437
6438
6441
6444
6445
6446
6447
6448
6449
6451
6452
6454
6456
6457
6458
6460
6461
6462
6463
6464
6465
6467
6468
6469
6470
6471
6472
6473
6474
6476
6477
6479
6480
6481
6482
6484
6485
6487
6489
6490
6491
6493
6495
6496
6497
6499
6500
6501
6502
6503
6506
6507
6508
6509
6513
6514
6516
6517
6518
6522
6524
6525
6526
6527
6528
6529
6530
6533
6536
6537
6538
6541
6543
6546
6547
6549
6551
6552
6554
6556
6557
6559
6561
6567
6568
7167
7169
7170
7171
7172
7173
7175
7176
7177
7181
7183
7184
7188
7189
7191
7192
7194
7195
7196
7197
7199
7200
7203
7204
7205
7207
7210
7212
7213
7214
7215
7216
7217
7218
7219
7220
7221
7222
7226
7227
7228
7229
7230
7232
7233
7234
7235
7236
7237
7238
7239
7240
7241
7242
7244
7245
7246
7247
7248
7249
7250
7253
7254
7255
7256
7257
7259
7260
7261
7262
7263
7264
7265
7267
7268
7269
7270
7271
7275
7276
7277
7279
7280
7281
7282
7283
7284
7285
7286
7287
7288
7289
7292
7293
7295
7297
7298
7299
7300
7301
7302
7305
7307
7309
7310
7311
7312
7313
7314
7315
7316
7317
7318
7319
7320
7322
7323
7324
7325
7326
7327
7328
7329
7330
7331
7332
7333
7334
7335
7336
7338
7339
7340
7341
7342
7343
7344
7345
7346
7347
7350
7351
7352
7358
7359
7361
7362
7363
7370
7371
7372
7373
7376
7377
7380
7381
7382
7383
7385
7388
7390
7391
7394
7395
7396
7397
7398
7401
7402
7404
7405
7406
7408
7409
7410
7411
7414
7418
7419
7421
7424
7428
7429
7430
7434
7435
7436
7438
7441
7442
7445
7446
7447
7448
7449
7452
7453
7454
7456
7457
7461
7463
7465
7469
7470
7473
7480
7486
7487
7500
7502
7503
7506
7511
7513
7514
7515
7516
7518
7520
7522
7523
7524
7525
7526
7527
7530
7533
7535
7536
7538
7542
7544
7547
7549
7550
7551
7552
7555
7556
7558
7561
7562
7565
7566
7570
7575
7577
7578
7579
7581
7585
7588
7589
7590
7593
7595
7600
7604
7605
7606
7607
7608
7610
7611
7612
7613
7614
7615
7616
7621
7624
7627
7631
7904
8538
8539
8541
8542
8543
8544
8546
8548
8553
8554
8555
8556
8557
8558
8559
8561
8563
8564
8568
8573
8576
8582
8583
8584
8585
8596
8598
8599
8600
8601
8602
8603
8606
8607
8608
8609
8610
8611
8612
8613
8615
8617
8618
8619
8621
8622
8623
8624
8625
8626
8629
8631
8632
8633
8634
8635
8636
8637
8638
8639
8640
8641
8642
8645
8647
8648
8656
8658
8659
8660
8661
8662
8664
8665
8666
8667
8668
8669
8670
8672
8673
8674
8675
8676
8677
8678
8679
8680
8681
8682
8685
8686
8687
8688
8689
8690
8691
8692
8693
8694
8695
8697
8698
8699
8700
8701
8702
8704
8705
8706
8707
8708
8709
8710
8711
8712
8719
8720
8721
8722
8723
8724
8725
8726
8727
8730
8737
8739
8741
8742
8747
8749
8751
8754
8755
8756
8758
8762
8763
8764
8766
8767
8769
8770
8771
8772
8773
8774
8776
8777
8778
8780
8782
8783
8785
8788
8789
8790
8792
8793
8794
8795
8797
8799
8803
8804
8805
8807
8808
8810
8813
8814
8816
8818
8819
8821
8822
8823
8825
8829
8833
8835
8837
8838
8839
8840
8842
8844
8845
8846
8847
8848
8850
8851
8852
8853
8854
8855
8856
8858
8859
8860
8861
8862
8863
8864
8865
8866
8871
8872
8873
8874
8875
8878
8879
8880
8881
8882
8885
8887
8888
8889
8890
8891
8894
8902
8903
8904
8908
8910
8912
8913
8915
8916
8918
8919
8920
8921
8922
8924
8926
8927
8929
8934
8936
8937
8939
8942
8943
8944
8945
8946
8947
8948
8949
8952
8953
8954
8956
8957
8958
8959
8960
8962
8963
8964
8965
8966
8967
8968
8969
8971
8976
8981
8987
8988
8990
8992
8995
8996
9000
9003
9004
9006
9011
9012
9013
9015
9017
9019
9020
9021
9023
9024
9027
9028
9029
9031
9032
9033
9036
9037
9040
9046
9047
9048
9050
9053
9054
9057
9058
9060
9064
9065
9066
9067
9071
9074
9075
9078
9079
9082
9083
9084
9086
9087
9088
9090
9091
9092
9093
9094
9096
9097
9098
9099
9100
9101
9104
9108
9110
9111
9112
9113
9114
9115
9116
9118
9119
9123
9125
9127
9128
9129
9130
9132
9134
9135
9136
9139
9141
9142
9143
9145
9146
9149
9150
9151
9152
9153
9154
9155
9157
9159
9160
9162
9163
9165
9166
9167
9168
9169
9171
9172
9173
9174
9175
9176
9177
9178
9180
9181
9182
9183
9184
9185
9186
9189
9191
9193
9196
9199
9201
9202
9204
9205
9209
9210
9211
9212
9215
9216
9217
9218
9219
9221
9222
9225
9226
9227
9228
9230
9232
9233
9234
9236
9237
9238
9239
9240
9241
9245
9251
9252
9253
9255
9256
9257
9258
9260
9261
9262
9265
9266
9267
9268
9273
9276
9277
9278
9279
9280
9281
9284
9285
9286
9287
9291
9296
9297
9314
9316
9318
9319
9320
9322
9323
9326
9327
9329
9330
9338
9341
9343
9346
9347
9348
9350
9351
9355
9356
9357
9359
9361
9363
9377
9378
9379
9381
9391
9396
9397
9399
9404
9410
9411
9412
9413
9414
9415
9417
9419
9422
9423
9424
9426
9428
9429
9431
9433
9437
9642
9643
9647
9648
9652
9653
9719
10518
10520
10521
10522
10523
10524
10525
10526
10527
10528
10529
10530
10531
10532
10533
10534
10535
10537
10540
10544
10545
10546
10547
10548
10554
10555
10556
10557
10558
10559
10560
10561
10562
10563
10564
10565
10566
10567
10568
10569
10570
10571
10572
10573
10574
10575
10576
10577
10578
10579
10580
10581
10584
10586
10588
10591
10593
10594
10595
10598
10599
10600
10601
10602
10604
10605
10606
10607
10608
10609
10612
10613
10614
10615
10617
10618
10619
10620
10622
10623
10626
10627
10628
10629
10630
10632
10633
10638
10640
10646
10648
10650
10651
10652
10653
10654
10656
10657
10659
10660
10661
10664
10666
10667
10668
10669
10670
10671
10673
10676
10686
10688
10689
10691
10692
10705
10706
10707
10709
10712
10713
10715
10719
10720
10721
10723
10726
10727
10729
10730
10731
10732
10733
10735
10737
10738
10739
10741
10744
10745
10746
10747
10749
10750
10753
10754
10755
10757
10758
10759
10760
10762
10763
10765
10767
10768
10769
10772
10775
10776
10779
10784
10785
10786
10790
10796
10797
10798
10808
10810
10813
10814
10816
10817
10819
10821
10823
10826
10828
10829
10834
10835
10836
10837
10838
10839
10840
10841
10845
10846
10850
10852
10854
10858
10862
10864
10867
10868
10869
10870
10871
10872
10873
10875
10876
10877
10878
10879
10881
10882
10885
10886
10888
10891
10893
10894
10895
10896
10898
10899
10900
10905
10907
10909
10910
10912
10923
10927
10929
10932
10934
10941
10944
10948
10949
10950
10952
10953
10954
10958
10960
10964
10966
10968
10969
10970
10971
10972
10974
10977
10981
10982
10989
10991
11143
11148
11150
11151
11152
11153
11154
11158
11159
11702
11704
11705
11708
11709
11715
11716
11718
11722
11724
11725
11729
11730
11731
11732
11734
11735
11737
11738
11741
11742
11744
11748
11749
11750
11751
11754
11755
11756
11757
11758
11759
11760
11761
11763
11765
11766
11773
11774
11775
11777
11778
11779
11780
11781
11782
11785
11786
11787
11788
11789
11790
11792
11793
11794
11797
11798
11799
11801
11804
11805
11806
11807
11808
11809
11811
11815
11817
11819
11823
11825
11826
11827
11828
11829
11830
11831
11832
11834
11835
11836
11837
11838
11839
11841
11842
11843
11844
11846
11847
11848
11849
11853
11854
11855
11856
11857
11858
11860
11862
11863
11865
11868
11870
11874
11878
11880
11881
11886
11887
11891
11893
11896
11902
11906
11907
11908
11909
11910
11912
11914
11915
11916
11917
11918
11922
11923
11925
11926
11930
11931
11932
11933
11935
11936
11937
11938
11939
11940
11941
11942
11943
11944
11945
11946
11947
11948
11950
11952
11953
11954
11955
11956
11957
11965
11966
11967
11969
11970
11971
11972
11975
11976
11977
11978
11979
11980
11982
11987
11988
11990
11993
11994
11997
11999
12000
12002
12003
12005
12006
12009
12010
12011
12013
12014
12016
12017
12018
12019
12020
12021
12022
12024
12026
12027
12030
12032
12033
12035
12039
12041
12492
12493
12494
12496
12497
12498
12499
12502
12508
12510
12515
12519
12521
12523
12525
12526
12527
12528
12529
12530
12531
12532
12533
12534
12535
12539
12540
12542
12543
12544
12547
12548
12549
12552
12553
12554
12559
12560
12561
12562
12565
12567
12568
12569
12570
12576
12578
12579
12581
12583
12585
12587
12589
12590
12596
12681
12682
12683
12684
12685
12686
12687
12688
12689
12692
12693
12695
12696
12698
12700
12701
12703
12704
12705
12706
12707
12709
12714
12718
12719
12720
12721
12722
12727
12728
12729
12730
12731
12732
12733
12734
12736
12738
12739
12740
12741
12742
12743
12744
12747
12751
12752
12753
12756
12757
12758
12759
12760
12761
12763
12765
12768
12769
12770
12771
12772
12773
12775
12776
12777
12778
12784
12785
12786
12787
12788
12789
12790
12794
12797
12799
12801
12808
12809
12811
12818
12819
12821
12823
12826
12827
12830
12833
12835
12837
12841
12842
13942
13943
13945
13946
13947
13948
13949
13950
13951
13953
13954
13955
13956
13957
13958
13962
13963
13966
13967
13970
13974
13975
13977
13978
13979
13982
13983
13984
13985
13986
13987
13988
13989
13991
13992
13993
13995
13996
13997
13998
13999
14000
14001
14003
14004
14005
14006
14007
14009
14013
14014
14016
14020
14021
14023
14024
14027
14032
14033
14034
14036
14037
14038
14039
14040
14041
14043
14045
14046
14047
14049
14051
14052
14053
14055
14058
14061
14062
14063
14064
14065
14067
14068
14069
14070
14071
14072
14077
14079
14080
14081
14082
14085
14086
14089
14090
14091
14092
14093
14095
14096
14097
14098
14100
14106
14107
14111
14112
14113
14114
14115
14116
14117
14119
14120
14121
14122
14123
14124
14125
14126
14127
14128
14129
14131
14132
14133
14134
14136
14139
14140
14141
14143
14145
14148
14150
14151
14152
14153
14156
14158
14161
14163
14164
14165
14166
14167
14168
14171
14175
14176
14178
14181
14182
14184
14185
14187
14188
14190
14192
14195
14197
14198
14200
14201
14202
14203
14205
14206
14213
14214
14215
14216
14218
14220
14221
14223
14224
14225
14226
14230
14232
14233
14236
14237
14241
14243
14244
14246
14251
14252
14260
14261
14262
14263
14264
14265
14266
14268
14269
14271
14272
14274
14276
14277
14278
14280
14281
14283
14284
14286
14288
14289
14295
14297
14302
14304
14306
14307
14308
14310
14311
14312
14313
14315
14316
14317
14319
14320
14321
14324
14325
14327
14328
14329
14330
14332
14333
14334
14335
14336
14338
14339
14340
14342
14344
14345
14346
14347
14350
14351
14352
14353
14354
14358
14359
14363
14364
14365
14367
14369
14370
14372
14373
14374
14375
14383
14384
14385
14387
14389
14393
14397
14398
14399
14400
14404
14408
14411
14412
14413
14419
14420
14422
14423
14429
14430
14435
14437
14438
14443
14445
14446
14448
14450
14451
14455
14456
14457
14458
14459
14462
14463
14464
14465
14466
14467
14468
14469
14470
14472
14478
14483
14484
14488
14489
14490
14493
14495
14496
14498
14499
14501
14505
14507
14513
14517
14522
14523
14526
14527
14528
14529
14530
14531
14532
14535
14536
14537
14538
14539
14540
14542
14543
14544
14545
14546
14547
14548
14549
14551
14553
14555
14557
14558
14559
14560
14562
14565
14566
14567
14569
14570
14571
14573
14574
14576
14578
14579
14581
14582
14586
14587
14588
14589
14590
14591
14592
14593
14594
14595
14596
14599
14601
14603
14607
14610
14611
14613
14614
14617
14620
14625
14626
14631
14632
14633
14635
14636
14637
14639
14643
14649
14650
14651
14658
14661
14662
14665
14666
14669
14670
14672
14674
14677
14679
14680
14682
14683
14684
14685
14688
14691
14696
14702
14703
14704
14705
14706
14708
14709
14713
14715
14720
14721
14723
14725
14726
14731
14736
14743
14744
14747
14748
14750
14752
14761
14762
14763
14766
14768
14769
14770
14771
14772
14775
14777
14781
14785
14786
14787
14790
14794
14798
14802
14805
14808
14814
14815
14816
14817
14820
14821
14822
14825
14829
15026
15027
15028
15032
15035
15036
15037
15040
15041
15044
15049
15050
15051
15052
15053
15054
15055
15056
15057
15058
15059
15060
16352
16353
16356
16357
16358
16359
16361
16363
16364
16367
16368
16369
16371
16374
16375
16377
16378
16379
16380
16382
16384
16385
16386
16387
16389
16390
16391
16392
16393
16396
16397
16399
16400
16401
16409
16411
16412
16413
16414
16415
16417
16419
16420
16421
16423
16424
16425
16426
16427
16428
16431
16434
16435
16436
16437
16438
16440
16441
16442
16444
16446
16447
16448
16449
16450
16451
16452
16455
16456
16457
16459
16461
16463
16464
16465
16466
16467
16468
16469
16470
16471
16472
16473
16474
16475
16476
16477
16481
16482
16483
16484
16485
16487
16489
16490
16494
16495
16496
16498
16499
16500
16502
16504
16506
16507
16508
16510
16512
16513
16514
16515
16517
16518
16519
16520
16521
16522
16523
16524
16526
16527
16528
16529
16530
16531
16532
16533
16535
16537
16538
16539
16540
16542
16543
16545
16546
16547
16548
16550
16552
16553
16555
16556
16558
16559
16560
16561
16562
16564
16566
16567
16569
16570
16573
16574
16576
16581
16583
16584
16585
16587
16588
16589
16590
16592
16593
16595
16597
16598
16600
16601
16602
16603
16604
16605
16606
16611
16613
16614
16616
16617
16622
16623
16625
16627
16628
16629
16630
16631
16634
16638
16641
16645
16647
16648
16649
16650
16654
16655
16656
16657
16658
16659
16660
16662
16665
16668
16669
16670
16675
16682
16686
16687
16688
16693
16699
16700
16702
16703
16706
16707
16708
16709
16712
16714
16718
16719
16720
16721
16722
16724
16726
16727
16730
16732
16734
16735
16737
16738
16741
16742
16743
16744
16746
16748
16749
16751
16752
16755
16757
16758
16759
16764
16766
16767
16768
16769
16770
16771
16772
16773
16774
16775
16776
16777
16781
16784
16785
16786
16787
16790
16791
16792
16793
16794
16795
16796
16797
16798
16800
16801
16802
16803
16804
16806
16809
16811
16812
16813
16814
16815
16816
16821
16825
16826
16827
16829
16830
16842
16844
16846
16853
16854
16855
16856
16857
16858
16862
16866
16869
16871
16874
16876
16877
16879
16880
16882
16884
16886
16889
16891
16892
16893
16895
16896
16897
16899
16901
16904
16906
16913
16914
16921
16922
16924
16925
16927
16928
16929
16932
16934
16935
16936
16937
16938
16941
16942
16943
16945
16948
16951
16954
16957
16958
16959
16960
16961
16962
16963
16964
16965
16968
16976
16977
16978
16979
16982
16984
16985
16986
16987
16988
16989
16990
16991
16992
16993
16994
16995
16997
16998
16999
17000
17001
17003
17004
17005
17007
17010
17015
17016
17017
17020
17021
17023
17025
17026
17027
17029
17030
17031
17033
17034
17036
17037
17038
17041
17042
17043
17045
17048
17049
17050
17051
17052
17053
17057
17059
17062
17063
17064
17066
17069
17070
17073
17074
17075
17083
17085
17087
17091
17094
17096
17097
17099
17102
17103
17106
17109
17113
17114
17118
17121
17130
17131
17132
17134
17144
17146
17154
17157
17163
17164
17166
17168
17169
17170
17171
17173
17175
17176
17177
17178
17184
17189
17191
17195
17196
17198
17200
17201
17202
17203
17204
17205
17207
17208
17209
17210
17211
17213
17214
17216
17218
17219
17220
17221
17222
17223
17224
17225
17226
17228
17231
17232
17233
17234
17236
17237
17238
17239
17240
17241
17242
17243
17248
17251
17252
17254
17265
17266
17267
17268
17269
17270
17271
17273
17274
17276
17277
17278
17279
17282
17284
17285
17286
17288
17289
17290
17291
17292
17293
17294
17295
17299
17305
17306
17307
17308
17309
17310
17311
17312
17313
17314
17315
17316
17317
17321
17322
17323
17324
17325
17326
17327
17328
17329
17330
17331
17332
17333
17334
17335
17336
17337
17338
17339
17340
17341
17342
17343
17347
17349
17350
17351
17352
17354
17356
17357
17358
17359
17360
17361
17362
17363
17364
17365
17367
17368
17369
17370
17371
17375
17376
17377
17378
17379
17380
17381
17382
17383
17384
17385
17386
17389
17391
17392
17393
17395
17397
17400
17402
17421
17423
17424
17425
17426
17427
17430
17431
17432
17433
17436
17438
17441
17453
17454
17457
17459
17462
17463
17467
17481
17482
17502
17503
17505
17507
17511
17734
17735
17737
17738
17739
17740
17741
17742
17743
17744
17745
17746
17748
17749
17750
17754
17755
17756
17757
17759
17761
17762
17763
17764
17765
17766
17771
17777
18236
18237
18241
18244
18245
18246
18247
18249
18252
18255
18257
18259
18260
18261
18264
18270
18284
18292
18293
18296
18299
18303
18310
18313
18314
18323
18328
18329
18331
18332
18334
18337
18338
18339
18340
18341
18342
18347
18350
18353
18357
18359
18363
18365
18367
18368
18370
18377
18378
18379
18381
18386
18391
18392
18394
18395
18396
18397
18398
18401
18402
18405
18406
18411
18412
18413
18414
18415
18416
18417
18419
18420
18421
18422
18423
18428
18429
18434
18435
18436
18438
18440
18441
18442
18446
18450
18455
18457
18461
18465
18468
18469
18471
18473
18474
18476
18477
18478
18480
18483
18485
18487
18489
18493
18495
18499
18506
18507
18508
18509
18510
18513
18514
18517
18525
18526
18530
18534
18536
18539
18540
18542
18545
18546
18548
18550
18551
18553
18554
18555
18556
18557
18558
18559
18562
18565
18573
18574
18576
18577
18578
18581
18589
18590
18674
18675
18679
18681
18683
18684
18686
18687
18688
18689
18690
18692
18693
19201
19202
19203
19205
19206
19207
19208
19209
19210
19212
19214
19215
19216
19218
19219
19220
19221
19223
19228
19229
19230
19231
19232
19233
19235
19237
19238
19239
19240
19241
19244
19245
19246
19247
19248
19252
19253
19254
19256
19257
19258
19260
19262
19263
19264
19266
19267
19269
19270
19271
19272
19273
19275
19277
19278
19279
19280
19281
19282
19283
19284
19285
19287
19288
19289
19290
19291
19292
19293
19294
19295
19297
19298
19302
19304
19307
19308
19310
19312
19315
19316
19317
19318
19319
19320
19323
19324
19325
19326
19327
19328
19329
19330
19331
19333
19334
19335
19336
19337
19338
19339
19340
19341
19342
19343
19344
19346
19347
19348
19350
19351
19352
19354
19355
19357
19358
19359
19360
19361
19362
19363
19364
19365
19366
19367
19369
19370
19373
19375
19376
19377
19378
19379
19380
19381
19384
19388
19389
19393
19394
19398
19399
19406
19407
19410
19415
19416
19417
19418
19420
19422
19423
19425
19427
19428
19430
19431
19432
19434
19435
19438
19440
19441
19443
19444
19445
19447
19449
19452
19453
19454
19455
19456
19461
19463
19465
19466
19472
19473
19475
19476
19479
19480
19482
19483
19484
19486
19487
19488
19489
19490
19491
19492
19493
19494
19495
19496
19497
19498
19499
19501
19502
19503
19504
19506
19510
19513
19514
19515
19518
19522
19525
19526
19529
19530
19532
19533
19534
19535
19536
19537
19538
19539
19540
19541
19542
19543
19544
19547
19548
19549
19550
19551
19552
19554
19556
19558
19560
19561
19564
19565
19566
19567
19568
19569
19570
19571
19572
19573
19574
19576
19580
19581
19582
19586
19588
19590
19591
19593
19594
19595
19596
19597
19599
19601
19602
19603
19604
19606
19607
19608
19609
19610
19611
19612
19614
19615
19617
19618
19619
19620
19624
19625
19626
19627
19629
19630
19633
19634
19635
19636
19637
19638
19639
19640
19641
19643
19644
19645
19646
19647
19648
19649
19650
19651
19652
19653
19654
19655
19656
19657
19659
19660
19663
19664
19665
19667
19668
19669
19671
19672
19676
19677
19678
19679
19681
19683
19684
19685
19686
19687
19688
19690
19691
19693
19694
19698
19699
19702
19703
19704
19705
19706
19707
19709
19710
19712
19713
19729
19732
19734
19735
19736
19738
19741
19742
19743
19745
19746
19748
19749
19753
19754
19755
19757
19777
19780
19782
19784
19786
19788
19790
19792
19800
19801
19802
19803
19804
19805
19806
19808
19811
19815
19839
19840
19841
19843
19844
19845
19846
19847
19848
19849
19858
19859
19861
19863
19864
19867
19868
19869
19872
19873
19875
19878
19879
19882
19884
19887
19891
19894
19895
19898
19901
19902
19903
19906
19908
19909
19915
19916
19917
19918
19919
19920
19922
19925
19930
19931
19932
19934
19935
19936
19937
19939
19943
19944
19945
19946
19947
19950
19951
19952
19953
19954
19958
19960
19961
19963
19964
19967
19968
19971
19972
19973
19974
19975
19976
19980
19996
20000
20001
20004
20005
20006
20007
20010
20011
20012
20013
20014
20018
20019
20021
20022
20025
20026
20027
20029
20030
20033
20038
20039
20042
20067
20071
20072
20073
20081
20082
20083
20090
20099
20100
20101
20102
20103
20104
20105
20106
20128
20135
20137
20138
20140
20142
20143
20144
20155
20156
20160
20162
20167
20171
20172
20173
20178
20179
20180
20182
20184
20187
20189
20190
20191
20192
20193
20196
20200
20201
20204
20205
20206
20207
20210
20211
20218
20220
20223
20224
20225
20226
20228
20230
20231
20232
20234
20235
20236
20237
20238
20239
20240
20241
20245
20246
20247
20249
20250
20251
20252
20253
20255
20256
20257
20258
20259
20260
20261
20262
20263
20264
20265
20268
20269
20270
20271
20273
20274
20275
20276
20278
20279
20280
20281
20282
20283
20285
20286
20287
20288
20289
20291
20293
20294
20297
20299
20300
20302
20303
20304
20305
20306
20307
20309
20311
20312
20313
20315
20316
20406
20464
20465
20467
20561
20562
20563
20564
20565
20567
20568
20569
20571
20572
20574
20575
20576
20580
20582
20583
20584
20585
20586
20587
20588
20589
20590
20591
20592
20593
20594
20595
20596
20598
20599
20601
20602
20603
20604
20605
20606
20607
20608
20609
20612
20616
20617
20618
20619
20620
20621
20622
20623
20629
20638
20639
20641
20642
20643
20645
20646
20647
20648
20649
20652
20653
20655
20656
20658
20660
20661
20662
20663
20665
20666
20667
20668
20669
20672
20673
20674
20676
20677
20678
20679
20681
20697
20698
20699
20700
20701
20703
20704
20705
20706
20707
20709
20711
20712
20713
20714
20715
20717
20720
20721
20722
20725
20727
20729
20731
20732
20735
20736
20737
20738
20739
20740
20741
20742
20744
20745
20750
20751
20753
20754
20756
20757
20758
20759
20761
20762
20763
20764
20766
20767
20768
20770
20773
20774
20775
20777
20778
20779
20780
20781
20782
20783
20784
20786
20788
20789
20791
20792
20794
20795
20797
20805
20806
20807
20809
20812
20814
20815
20816
20817
20818
20819
20820
20821
20823
20825
20826
20827
20828
20829
20830
20832
20835
20838
20839
20841
20844
20846
20847
20848
20851
20854
20860
20862
21986
21989
21991
21993
21994
21996
21997
21998
22000
22001
22003
22004
22005
22006
22009
22011
22012
22013
22019
22020
22023
22024
22025
22026
22027
22028
22031
22033
22034
22035
22036
22037
22038
22039
22041
22043
22044
22045
22049
22051
22055
22056
22060
22062
22063
22064
22065
22066
22067
22068
22069
22070
22071
22072
22073
22077
22079
22081
22086
22087
22089
22090
22092
22093
22094
22095
22097
22098
22099
22101
22102
22103
22104
22106
22107
22108
22109
22110
22111
22112
22113
22114
22115
22116
22117
22119
22120
22121
22122
22123
22124
22125
22129
22130
22131
22132
22133
22134
22135
22136
22137
22138
22139
22140
22142
22143
22145
22146
22147
22148
22149
22152
22153
22154
22155
22156
22157
22158
22159
22160
22161
22162
22163
22164
22167
22168
22169
22170
22171
22172
22173
22175
22178
22179
22180
22181
22184
22185
22186
22187
22188
22189
22191
22192
22196
22197
22198
22199
22200
22205
22206
22208
22209
22212
22213
22215
22218
22221
22222
22223
22224
22226
22227
22229
22231
22237
22239
22240
22242
22243
22245
22246
22247
22248
22250
22251
22253
22254
22255
22257
22258
22260
22264
22267
22270
22275
22276
22279
22281
22282
22283
22293
22295
22296
22298
22299
22303
22304
22305
22307
22308
22311
22312
22313
22318
22322
22323
22324
22327
22329
22334
22335
22337
22338
22339
22340
22344
22346
22349
22350
22354
22355
22356
22358
22362
22364
22365
22366
22367
22369
22370
22372
22373
22374
22375
22377
22380
22383
22384
22386
22387
22390
22395
22396
22398
22400
22402
22404
22405
22416
22420
22423
22424
22425
22426
22427
22428
22429
22431
22433
22434
22435
22438
22439
22440
22441
22442
22443
22444
22448
22450
22455
22457
22459
22468
22469
22472
22474
22478
22479
22480
22481
22483
22484
22485
22486
22487
22489
22490
22492
22493
22494
22495
22502
22504
22505
22506
22507
22508
22510
22511
22512
22513
22514
22515
22517
22521
22522
22523
22524
22525
22527
22528
22529
22538
22539
22540
22542
22544
22545
22546
22547
22555
22557
22560
22561
22564
22565
22569
22573
22574
22575
22576
22578
22579
22581
22582
22586
22588
22589
22590
22591
22592
22593
22595
22596
22599
22600
22602
22610
22614
22618
22619
22620
22621
22622
22628
22629
22630
22631
22636
22637
22640
22641
22644
22645
22646
22649
22656
22657
22658
22659
22660
22661
22662
22663
22668
22669
22670
22671
22673
22675
22676
22677
22678
22679
22680
22684
22685
22686
22687
22688
22689
22690
22691
22693
22694
22697
22698
22700
22701
22702
22704
22706
22710
22711
22712
22718
22719
22722
22724
22726
22727
22728
22732
22735
22738
22741
22742
22747
22748
22749
22752
22753
22756
22759
22760
22761
22763
22764
22765
22768
22772
22775
22776
22778
22780
22781
22784
22787
22788
22790
22791
22800
22802
22803
22804
22805
22806
22809
22817
22818
22820
22822
22823
22825
22829
22830
22831
22832
22833
22834
22835
22836
22837
22838
22839
22840
22843
22844
22846
22847
22848
22849
22850
22851
22852
22853
22854
22855
22856
22857
22858
22859
22860
22861
22862
22863
22864
22865
22866
22867
22868
22869
22870
22872
22875
22877
22878
22879
22882
22883
22886
22888
22892
22893
22897
22899
22902
22903
22904
22905
22907
22908
22911
22919
22920
22922
22924
22925
22928
22931
22932
22934
22935
22936
22940
22941
22942
22947
22950
22953
22954
22955
22956
22958
22959
22963
22965
22966
22968
22971
22973
22974
22977
22984
22985
22986
22987
22990
22993
22995
23002
23004
23005
23006
23009
23010
23011
23014
23015
23019
23022
23023
23025
23027
23031
23032
23033
23036
23040
23041
23043
23044
23045
23047
23049
23051
23052
23053
23054
23055
23057
23060
23061
23062
23064
23065
23066
23067
23072
23073
23084
23086
23093
23094
23095
23096
23098
23099
23106
23107
23108
23114
23115
23116
23117
23118
23119
23125
23133
23134
23136
23137
23138
23139
23142
23146
23147
23148
23149
23151
23155
23156
23157
23158
23159
23160
23161
23162
24635
24636
24638
24639
24640
24641
24643
24644
24645
24646
24647
24648
24649
24651
24654
24656
24659
24660
24661
24662
24663
24665
24668
24670
24674
24675
24677
24683
24684
24685
24688
24689
24690
24691
24692
24694
24695
24697
24698
24700
24701
24703
24704
24707
24708
24709
24710
24712
24714
24715
24716
24719
24721
24723
24724
24726
24728
24729
24731
24732
24733
24734
24735
24738
24739
24743
24746
24747
24748
24750
24751
24752
24758
24759
24760
24762
24763
24764
24765
24766
24767
24768
24769
24771
24772
24773
24774
24776
24777
24778
24779
24781
24783
24784
24785
24786
24787
24788
24789
24791
24793
24794
24796
24797
24798
24799
24800
24802
24803
24804
24805
24807
24809
24811
24812
24813
24814
24815
24817
24818
24819
24820
24822
24825
24826
24827
24828
24829
24830
24832
24833
24836
24837
24838
24841
24844
24845
24847
24848
24851
24854
24857
24858
24859
24860
24861
24862
24868
24869
24871
24874
24875
24882
24884
24885
24886
24888
24894
24895
24897
24898
24899
24900
24901
24902
24903
24905
24906
24907
24908
24910
24911
24912
24913
24916
24918
24919
24920
24921
24924
24928
24930
24931
24932
24933
24934
24935
24936
24937
24938
24941
24945
24946
24947
24948
24949
24954
24961
24964
24965
24966
24973
24976
24977
24979
24980
24981
24982
24984
24985
24986
24990
24993
24995
24996
24998
25000
25001
25002
25003
25004
25005
25006
25009
25010
25012
25013
25014
25015
25016
25017
25026
25027
25029
25031
25033
25034
25035
25036
25037
25038
25039
25040
25041
25042
25043
25044
25047
25048
25050
25052
25054
25057
25059
25060
25062
25065
25069
25070
25071
25073
25075
25076
25077
25078
25079
25080
25081
25083
25084
25085
25088
25089
25090
25091
25092
25093
25094
25095
25096
25097
25098
25099
25100
25101
25107
25108
25111
25112
25113
25114
25115
25116
25117
25118
25119
25121
25122
25123
25124
25125
25126
25127
25128
25132
25133
25135
25137
25139
25140
25141
25147
25148
25149
25150
25151
25152
25153
25154
25155
25156
25157
25158
25159
25160
25161
25162
25163
25167
25170
25174
25175
25177
25181
25182
25197
25198
25201
25202
25206
25209
25211
25212
25213
25214
25215
25216
25217
25218
25219
25220
25222
25224
25225
25226
25230
25231
25232
25233
25235
25236
25237
25238
25243
25246
25247
25252
25254
25256
25257
25258
25260
25261
25262
25263
25265
25266
25267
25268
25269
25270
25271
25273
25274
25275
25279
25281
25283
25288
25290
25293
25296
25298
25301
25302
25303
25304
25305
25306
25307
25309
25310
25314
25315
25316
25321
25322
25323
25324
25325
25326
25327
25328
25329
25330
25331
25334
25336
25337
25338
25349
25353
25356
25363
25364
25370
25371
25372
25373
25374
25379
25380
25384
25388
25393
25396
25397
25398
25399
25400
25402
25403
25404
25406
25408
25409
25410
25411
25412
25413
25416
25418
25419
25420
25421
25422
25423
25426
25430
25431
25433
25434
25435
25436
25437
25438
25440
25443
25444
25445
25446
25447
25449
25451
25452
25453
25455
25456
25458
25459
25460
25464
25465
25466
25467
25468
25469
25470
25472
26276
26277
26279
26280
26281
26282
26283
26286
26287
26292
26293
26294
26295
26296
26299
26303
26305
26306
26307
26309
26310
26311
26313
26316
26317
26318
26322
26324
26325
26326
26328
26331
26332
26333
26336
26340
26344
26345
26346
26347
26348
26351
26352
26359
26362
26364
26365
26367
26369
26371
26372
26375
26379
26380
26382
26383
26385
26388
26389
26391
26392
26394
26395
26396
26402
26403
26404
26407
26408
26410
26411
26412
26420
26422
26424
26425
26426
26430
26431
26432
26433
26434
26435
26436
26437
26440
26441
26442
26443
26446
26448
26450
26454
26455
26459
26460
26463
26464
26466
26467
26468
26471
26472
26473
26474
26475
26476
26477
26478
26479
26482
26483
26485
26486
26487
26488
26492
26494
26495
26496
26497
26498
26499
26500
26501
26502
26503
26507
26510
26512
26513
26514
26515
26517
26518
26519
26521
26523
26524
26532
26536
26538
26539
26542
26543
26544
26545
26546
26550
26552
26554
26556
26559
26560
26561
26566
26567
26568
26570
26571
26573
26574
26575
26576
26577
26578
26579
26583
26585
26587
26588
26589
26590
26591
26593
26594
26595
26596
26597
26599
26602
26606
26607
26609
26613
26618
26619
26624
26625
26626
26629
26630
26631
26636
26637
26640
26642
26643
26644
26646
26650
26651
26655
26656
26659
26660
26661
26662
26665
26666
26668
26678
26680
26681
26687
26693
26695
26706
26708
26709
26712
26715
27377
27378
27379
27380
27381
27382
27384
27385
27389
27390
27392
27393
27394
27395
27396
27397
27398
27399
27400
27401
27402
27403
27405
27406
27408
27410
27411
27414
27416
27419
27420
27421
27422
27423
27424
27425
27426
27427
27428
27429
27430
27431
27432
27434
27435
27436
27437
27438
27439
27440
27446
27450
27452
27455
27457
27459
27460
27461
27462
27463
27464
27465
27466
27468
27469
27471
27472
27473
27475
27476
27479
27480
27481
27482
27483
27484
27485
27487
27488
27489
27490
27491
27497
27498
27499
27500
27505
27506
27507
27508
27509
27510
27511
27512
27513
27514
27515
27516
27518
27519
27521
27522
27523
27524
27525
27526
27529
27531
27538
27544
27545
27546
27549
27550
27552
27554
27559
27560
27561
27562
27563
27564
27569
27570
27571
27572
27573
27574
27575
27577
27579
27580
27581
27582
27583
27584
27585
27586
27588
27589
27590
27592
27593
27595
27597
27598
27601
27602
27603
27604
27605
27606
27609
27610
27614
27616
27617
27619
27620
27622
27623
27624
27625
27626
27634
27635
27637
27638
27641
27642
27643
27647
27648
27649
27650
27651
27653
27654
27655
27656
27657
27658
27659
27661
27662
27663
27664
27665
27666
27667
27668
27669
27672
27673
27677
27678
27679
27680
27681
27682
27683
27685
27686
27688
27689
27692
27693
27694
27695
27697
27700
27701
27702
27704
27705
27706
27707
27708
27711
27712
27721
27722
27723
27724
27725
27726
27727
27728
27731
27732
27733
27734
27735
27737
27739
27741
27747
27748
27749
27750
27751
27753
27754
27756
27759
27761
27764
27765
27767
27768
27769
27770
27772
27775
27776
27780
27781
27783
27784
27785
27786
27787
27788
27789
27790
27791
27792
27794
27795
27797
27799
27800
27801
27802
27803
27806
27807
27808
27810
27812
27813
27814
27817
27818
27819
27820
27821
27823
27826
27827
27828
27829
27830
27831
27832
27833
27834
27836
27837
27838
27839
27841
27842
27846
27847
27848
27849
27859
27860
27861
27862
27863
27864
27865
27866
27867
27868
27874
27880
27882
27884
27887
27890
27891
27892
27893
27895
27896
27897
27898
27900
27905
27908
27913
27914
27916
27917
27921
27923
27924
27925
27926
27927
27928
27929
27930
27931
27932
27933
27935
27936
27937
27938
27939
27940
27941
27942
27944
27946
27959
27960
27961
27962
27963
27964
27965
27967
27969
27970
27971
27972
27974
27975
27980
27981
27982
27983
27984
27985
27986
27987
27988
27990
27991
27992
27993
27994
27995
27996
27997
27998
28001
28002
28003
28004
28005
28006
28007
28008
28012
28013
28014
28015
28016
28017
28018
28019
28020
28021
28025
28026
28027
28029
28031
28036
28040
28041
28042
28043
28047
28048
28049
28050
28051
28052
28053
28054
28060
28062
28063
28066
28067
28068
28069
28070
28071
28072
28074
28075
28077
28079
28094
28102
28104
28105
28106
28111
28113
28119
28121
28122
28123
28124
28125
28126
28127
28128
28129
28130
28132
28133
28136
28137
28138
28139
28140
28141
28142
28144
28146
28147
28148
28156
28169
28170
28171
28175
28176
28181
28185
28186
28187
28193
28194
28195
28379
28571
28572
28573
28574
28575
28576
28577
28578
28579
28580
28581
28583
28585
28588
28589
28591
28593
28595
28596
28597
28598
28599
28602
28603
28604
28605
28607
28609
28611
28613
28617
28618
28619
28620
28622
28623
28624
28626
28627
28628
28629
28630
28631
28632
28633
28634
28635
28636
28638
28639
28640
28641
28642
28644
28646
28647
28648
28649
28650
28651
28652
28654
28655
28656
28657
28658
28659
28660
28663
28665
28666
28668
28669
28670
28672
28673
28674
28675
28677
28678
28679
28680
28681
28683
28686
28687
28688
28692
28694
28698
28699
28700
28702
28703
28704
28706
28707
28708
28710
28716
28717
28718
28719
28720
28723
28724
28725
28726
28727
28728
28729
28730
28731
28735
28736
28737
28738
28740
28742
28743
28744
28746
28747
28749
28751
28752
28768
28774
28775
28780
28781
28782
28783
28784
28785
28786
28788
28789
28791
28792
28793
28794
28795
28796
28797
28798
28799
28800
28801
28802
28803
28805
28806
28807
28809
28810
28812
28813
28814
28815
28817
28818
28819
28820
28821
28822
28823
28824
28827
28830
28831
28832
28833
28834
28836
28838
28839
28842
28843
28845
28847
28848
28849
28850
28851
28852
28854
28860
28863
28864
28865
28866
28867
28872
28873
28874
28875
28876
28877
28878
28879
28880
28881
28882
28887
28888
28889
28890
28891
28892
28895
28900
28901
28902
28903
28904
28908
28909
28910
28911
28919
28920
28921
28924
28925
28926
28928
28929
28934
28935
28938
28939
28940
28941
28942
28944
28948
28951
28952
28953
28954
28955
28956
28957
28958
28959
28961
28962
28964
28966
28974
28976
28978
28979
28981
28985
28992
28993
28995
28997
29826
29827
29829
29830
29831
29834
29836
29837
29838
29839
29840
29841
29842
29843
29844
29846
29847
29850
29851
29852
29853
29854
29856
29857
29858
29859
29860
29861
29865
29866
29868
29870
29871
29874
29875
29877
29878
29879
29880
29881
29882
29886
29887
29889
29890
29891
29892
29893
29894
29895
29896
29897
29899
29900
29901
29904
29905
29906
29908
29909
29910
29911
29912
29913
29914
29915
29916
29917
29918
29919
29922
29923
29924
29925
29926
29927
29928
29929
29930
29931
29934
29935
29936
29937
29938
29939
29940
29941
29945
29946
29947
29949
29950
29951
29952
29953
29954
29958
29959
29960
29961
29962
29964
29965
29967
29968
29969
29970
29971
29972
29973
29974
29975
29977
29978
29979
29980
29981
29982
29983
29984
29985
29987
29988
29989
29990
29991
29992
29993
29994
29995
29997
29998
29999
30001
30002
30003
30007
30011
30015
30016
30017
30019
30020
30021
30022
30023
30024
30025
30026
30027
30028
30030
30032
30033
30034
30035
30038
30039
30041
30042
30047
30048
30049
30050
30051
30053
30054
30055
30056
30057
30058
30059
30061
30062
30064
30066
30067
30069
30070
30074
30075
30076
30077
30078
30079
30080
30081
30083
30084
30085
30086
30087
30088
30089
30090
30091
30092
30093
30096
30097
30099
30100
30101
30102
30104
30105
30106
30108
30109
30112
30113
30114
30115
30116
30117
30118
30119
30120
30121
30123
30124
30125
30126
30127
30128
30129
30130
30131
30137
30138
30139
30141
30146
30147
30150
30151
30154
30160
30166
30168
30170
30171
30172
30173
30174
30175
30177
30179
30181
30186
30191
30192
30193
30195
30196
30197
30198
30201
30202
30204
30205
30206
30208
30209
30210
30211
30212
30215
30216
30217
30218
30221
30228
30236
30237
30238
30243
30246
30248
30249
30250
30251
30252
30253
30254
30255
30257
30260
30261
30264
30269
30270
30271
30272
30273
30274
30275
30278
30279
30287
30288
30291
30295
30296
30297
30298
30300
30301
30302
30304
30306
30308
30310
30311
30312
30313
30315
30316
30318
30320
30323
30326
30328
30331
30332
30334
30335
30338
30340
30341
30342
30343
30345
30346
30348
30349
30352
30353
30356
30361
30362
30363
30364
30366
30368
30369
30370
30372
30373
30375
30377
30378
30379
30382
30383
30386
30387
30392
30393
30394
30396
30398
30402
30403
30404
30405
30407
30695
30696
30697
30698
30700
30702
30704
30713
30714
30715
30951
31635
31636
31647
31650
31651
31652
31653
31654
31659
31662
31663
31666
31667
31670
31678
31679
31688
31689
31690
31692
31693
31694
31695
31703
31704
31705
31706
31707
31721
31727
31728
31729
31730
31733
31753
31755
31756
31769
31770
31772
31773
31777
31779
31783
31784
31785
31786
31788
31789
31790
31791
31792
31793
31794
31795
31796
31798
31799
31801
31802
31803
31804
31805
31806
31807
31808
31810
31812
31813
31815
31817
31818
31819
31820
31822
31823
31826
31828
31830
31831
31832
31833
31835
31839
31841
31844
31845
31846
31848
31849
31850
31851
31852
31854
31855
31860
31862
31865
31866
31867
31872
31873
31874
31875
31878
31879
31880
31881
31883
31884
31886
31887
31888
31890
31891
31893
31894
31895
31896
31897
31898
31899
31900
31903
31905
31906
31907
31909
31910
31911
31913
31916
31917
31921
31922
31923
31924
31925
31926
31927
31929
31930
31931
31933
31934
31935
31936
31937
31938
31939
31940
31942
31943
31944
31945
31948
31950
31954
31955
31956
31957
31958
31959
31960
31961
31962
31963
31964
31965
31966
31968
31969
31971
31972
31975
31976
31977
31979
31982
31985
31986
31988
31990
31991
31992
31994
31996
31997
32000
32002
32003
32004
32005
32006
32007
32008
32009
32010
32013
32014
32015
32016
32017
32018
32019
32020
32021
32022
32023
32024
32025
32027
32029
32030
32032
32033
32035
32036
32038
32041
32042
32043
32044
32045
32047
32048
32050
32052
32053
32055
32057
32058
32059
32060
32061
32062
32063
32064
32065
32067
32068
32069
32070
32071
32072
32073
32074
32075
32078
32079
32080
32081
32082
32083
32084
32086
32088
32094
32096
32097
32099
32105
32107
32111
32114
32115
32116
32118
32120
32121
32123
32129
32132
32133
32134
32135
32136
32137
32139
32141
32144
32146
32148
32151
32153
32154
32155
32157
32158
32159
32162
32163
32164
32167
32169
32172
32175
32176
32177
32179
32180
32184
32186
32189
32190
32193
32195
32199
32200
32202
32205
32208
32209
32210
32211
32212
32213
32215
32216
32217
32218
32219
32220
32221
32222
32223
32227
32228
32229
32235
32236
32237
32239
32243
32245
32246
32247
32248
32249
32257
32258
32259
32260
32261
32262
32263
32264
32265
32266
32268
32269
32270
32271
32272
32273
32276
32277
32279
32281
32283
32284
32285
32286
32287
32288
32290
32291
32294
32296
32298
32299
32300
32302
32303
32304
32307
32309
32310
32315
32317
32319
32320
32321
32323
32330
32332
32333
32334
32335
32338
32340
32342
32345
32346
32347
32348
32350
32352
32354
32355
32356
32357
32362
32364
32365
32367
32368
32369
32370
32371
32372
32373
32374
32375
32376
32378
32379
32381
32382
32385
32389
32391
32395
32396
32398
32399
32405
32406
32408
32409
32410
32415
32416
32417
32419
32422
32423
32425
32426
32428
32430
32437
32438
32439
32440
32444
32446
32450
32451
32454
32456
32458
32461
32464
32466
32467
32468
32472
32473
32474
32475
32477
32478
32480
32482
32485
32487
32488
32489
32493
32494
32495
32496
32497
32499
32500
32502
32503
32504
32505
32506
32508
32513
32514
32515
32517
32519
32520
32522
32523
32524
32525
32526
32527
32528
32529
32532
32533
32534
32537
32604
32605
32609
32613
32614
32619
32620
32624
32627
32628
32629
32630
32631
32634
32635
32637
32638
32639
32640
32641
32642
32643
32644
32645
32646
32648
32652
32653
32655
32659
32664
32665
32667
32668
32671
32672
32673
32676
32677
32680
32682
32685
32687
32688
32691
32692
32693
32698
32699
32701
32702
32704
32706
32709
32711
32712
32713
32721
32726
32731
32736
32739
32742
32744
32745
32751
32757
32774
33026
33028
33029
33031
33032
33033
33034
33035
33036
33037
33040
33041
33044
33045
33048
33051
33052
33054
33058
33059
33060
33061
33108
33109
33377
33378
34141
34142
34144
34147
34148
34149
34150
34151
34152
34153
34155
34156
34157
34158
34159
34160
34164
34166
34167
34168
34169
34170
34171
34172
34174
34175
34176
34177
34178
34179
34180
34182
34183
34184
34185
34187
34188
34189
34191
34194
34195
34196
34197
34199
34201
34202
34203
34204
34205
34207
34208
34210
34211
34212
34213
34214
34215
34216
34218
34219
34220
34221
34222
34223
34225
34226
34227
34228
34229
34231
34234
34235
34241
34243
34244
34245
34248
34249
34252
34253
34254
34255
34256
34260
34261
34262
34263
34265
34266
34267
34268
34269
34270
34272
34273
34274
34275
34276
34277
34278
34279
34280
34281
34282
34286
34287
34288
34289
34290
34291
34292
34293
34296
34299
34300
34301
34302
34303
34304
34305
34309
34311
34312
34317
34319
34320
34321
34322
34323
34324
34325
34326
34329
34331
34333
34334
34335
34336
34337
34338
34339
34342
34343
34344
34345
34347
34349
34350
34352
34353
34370
34372
34373
34374
34375
34376
34377
34378
34379
34383
34386
34387
34388
34389
34390
34391
34392
34413
34414
34415
34418
34419
34420
34421
34424
34425
34426
34427
34428
34429
34430
34431
34432
34462
34463
34464
34465
34466
34467
34468
34469
34471
34472
34474
34475
34476
34477
34478
34479
34480
34481
34483
34484
34486
34487
34488
34492
34493
34494
34495
34497
34498
34499
34501
34502
34503
34504
34506
34507
34508
34509
34516
34518
34521
34522
34524
34528
34530
34531
34532
34533
34534
34537
34538
34540
34543
34545
34546
34547
34550
34551
34553
34555
34556
34558
34560
34562
34563
34564
34565
34566
34567
34568
34569
34571
34572
34575
34577
34643
34644
34646
34648
34652
34653
34654
34655
34656
34657
34659
34660
34661
34662
34663
34664
34665
34666
34670
34672
34673
34674
34675
34677
34680
34681
34683
34685
34686
34687
34688
34689
34690
34691
34693
34694
34695
34696
34697
34699
34700
34701
34704
34709
34712
34714
34715
34719
34720
34723
34724
34725
34726
34731
34733
34734
34739
34740
34741
34742
34743
34747
34748
34750
34751
34753
34754
34755
34756
34759
34762
34763
34769
34770
34773
34774
34775
34776
34778
34779
34786
34790
34792
34793
34798
34801
34803
34804
34806
34813
34816
34822
34823
34826
34827
34828
34829
34830
34836
34837
34838
34839
34842
34843
34844
34845
34846
34847
34849
34850
34853
34854
34855
34856
34857
34860
34862
34863
34864
34866
34867
34869
34872
34875
34876
34882
34883
34884
34885
34886
34887
34889
34890
34892
34895
34897
34898
34899
34900
34901
34902
34904
34905
34907
34908
35036
35037
35064
35066
35067
35068
35069
35072
35073
35074
35080
35083
35085
35086
35087
35090
35092
35099
35783
35784
35789
35790
35793
35796
35797
35798
35799
35800
35801
35802
35803
35804
35805
35806
35809
35810
35811
35812
35813
35814
35817
35820
35823
35825
35826
35828
35829
35830
35831
35832
35833
35836
35837
35839
35840
35842
35843
35844
35845
35846
35847
35848
35849
35850
35852
35854
35858
35862
35867
35869
35870
35873
35874
35875
35879
35880
35881
35882
35883
35885
35886
35887
35888
35889
35893
35894
35895
35896
35905
35906
35908
35916
35919
35920
35922
35924
35925
35928
35929
35930
35931
35932
35935
35938
35939
35940
35941
35943
35945
35946
35947
35948
35951
35952
35953
35954
35956
35957
35958
35961
35963
35965
35970
35974
35975
35977
35978
35983
35987
35988
35989
35991
35992
35993
35994
35996
35997
35998
36005
36007
36010
36014
36016
36019
36022
36026
36027
36028
36030
36032
36033
36034
36035
36036
36037
36038
36039
36040
36041
36042
36043
36045
36047
36050
36052
36054
36055
36056
36057
36058
36059
36060
36061
36062
36063
36064
36065
36069
36071
36072
36073
36074
36075
36077
36078
36082
36084
36085
36086
36087
36088
36091
36092
36093
36094
36096
36097
36098
36100
36103
36104
36115
36116
36117
36119
36120
36121
36122
36123
36124
36125
36126
36127
36128
36129
36130
36132
36133
36134
36135
36136
36137
36138
36140
36141
36142
36143
36144
36145
36146
36147
36148
36150
36151
36152
36154
36161
36162
36166
36167
36168
36169
36170
36171
36172
36173
36174
36175
36176
36177
36178
36179
36180
36183
36186
36187
36188
36189
36190
36192
36193
36195
36196
36197
36199
36370
36371
36373
36374
36375
36376
36381
36382
36387
36389
36606
36607
36608
36610
36611
36614
36616
36624
36625
36626
36627
36630
36632
36634
36638
36640
36641
36642
36644
36646
36648
36650
36653
36654
36655
36659
36673
36675
36678
36762
36763
36765
36767
36768
36771
36772
36774
36775
36776
36777
36779
36781
36786
36788
36789
36792
36793
36796
36797
36798
36799
36800
36801
36802
36803
36804
36805
36806
36807
36813
36814
36816
36822
36826
36827
36828
36829
36831
36832
36833
36834
36836
36837
36838
36839
36840
36841
36843
36844
36846
36847
36849
36853
36856
36857
36858
36859
36862
36863
36865
36866
36868
36869
36870
36871
36872
36875
36876
36877
36878
36879
36880
36881
36882
36884
36885
36886
36887
36888
36889
36890
36891
36892
36893
36895
36896
36898
36900
36902
36903
36908
36909
36910
36913
36914
36917
36921
36923
36924
36925
36926
36928
36930
36932
36933
36934
36935
36936
36938
36939
36940
36941
36946
36947
36948
36949
36950
36951
36953
36954
38148
38150
38151
38152
38154
38157
38158
38159
38160
38161
38163
38164
38166
38167
38170
38171
38172
38173
38174
38175
38177
38178
38181
38187
38188
38190
38191
38192
38193
38195
38196
38197
38198
38199
38200
38201
38204
38205
38207
38209
38210
38211
38213
38217
38220
38222
38223
38225
38226
38227
38235
38236
38238
38240
38241
38242
38243
38244
38246
38247
38249
38250
38251
38252
38254
38255
38256
38258
38260
38261
38263
38264
38267
38268
38269
38272
38273
38276
38280
38285
38286
38287
38290
38293
38296
38300
38304
38306
38310
38311
38318
38321
38322
38323
38324
38325
38326
38327
38329
38331
38332
38336
38337
38341
38342
38343
38344
38345
38349
38352
38361
38363
38364
38367
38368
38369
38373
38374
38375
38376
38377
38381
38383
38384
38385
38387
38388
38389
38390
38391
38393
38394
38395
38397
38398
38399
38400
38401
38403
38404
38405
38406
38407
38408
38411
38413
38416
38417
38419
38420
38425
38426
38427
38428
38429
38430
38431
38432
38433
38436
38437
38439
38440
38441
38442
38443
38444
38445
38447
38448
38449
38450
38454
38456
38457
38458
38459
38460
38461
38462
38463
38464
38465
38466
38467
38468
38470
38472
38474
38475
38476
38477
38478
38487
38488
38489
38490
38491
38500
38501
38508
38509
38510
38511
38512
38515
38518
38520
38521
38523
38524
38525
38526
38528
38529
38530
38531
38543
38544
38545
38546
38547
38548
38549
38552
38553
38554
38555
38556
38559
38560
38561
38562
38568
38572
38576
38577
38578
38579
38580
38581
38582
38583
38585
38587
38588
38589
38590
38591
38593
38594
38595
38598
38599
38601
38602
38603
38605
38606
38609
38614
38618
38619
38620
38621
38623
38625
38626
38627
38629
38630
38631
38632
38633
38642
38643
38648
38649
38651
38652
38654
38656
38660
38661
38662
38663
38669
38670
38671
38672
38673
38674
38675
38676
38677
38678
38680
38681
38684
38686
38692
38693
38694
38696
38697
38698
38699
38700
38702
38703
38705
38706
38707
38708
38710
38714
38715
38717
38718
38719
38720
38721
38722
38723
38724
38725
38726
38727
38728
38737
38738
38739
38741
38742
38745
38746
38748
38749
38756
38759
38760
38765
38771
38772
38775
38776
38786
38787
38790
38791
38799
38801
38802
38803
38804
38805
38808
38809
38813
38814
38815
38816
38817
38819
38820
38821
38822
38823
38824
38826
38827
38829
38830
38831
38832
38833
38834
38835
38836
38837
38838
38839
38840
38841
38842
38843
38844
38845
38847
38848
38850
38851
38852
38853
38854
38857
38858
38860
38862
38864
38868
38870
38874
38878
38880
38881
38882
39160
39161
39164
39166
39167
39168
39172
39174
39175
39176
39179
39185
39186
39297
39319
40128
40131
40134
40135
40136
40146
40148
40149
40150
40163
40164
40165
40187
40188
40194
40195
40197
40198
40199
40202
40203
40206
40207
40209
40212
40217
40221
40223
40224
40226
40229
40235
40236
40237
40238
40239
40240
40241
40244
40245
40248
40249
40251
40254
40255
40256
40258
40259
40260
40261
40263
40266
40267
40268
40269
40272
40274
40275
40276
40277
40279
40281
40283
40285
40286
40288
40291
40293
40295
40298
40301
40303
40305
40312
40313
40314
40315
40316
40318
40320
40322
40323
40326
40334
40335
40336
40338
40340
40341
40342
40343
40344
40345
40347
40348
40349
40350
40351
40352
40353
40354
40360
40361
40362
40364
40367
40368
40370
40372
40373
40374
40376
40377
40378
40379
40381
40383
40391
40393
40394
40397
40399
40400
40401
40402
40403
40404
40405
40406
40407
40413
40415
40417
40418
40419
40421
40422
40424
40425
40426
40427
40431
40434
40435
40437
40438
40439
40440
40441
40442
40444
40446
40447
40449
40450
40452
40453
40454
40456
40458
40459
40460
40461
40462
40463
40466
40467
40469
40470
40474
40475
40476
40477
40478
40480
40482
40483
40485
40486
40487
40488
40489
40490
40491
40494
40496
40497
40499
40500
40501
40502
40503
40504
40505
40507
40508
40509
40510
40512
40513
40514
40515
40516
40517
40519
40520
40521
40522
40524
40527
40528
40530
40531
40532
40533
40534
40535
40536
40537
40538
40540
40541
40543
40547
40548
40549
40550
40551
40552
40555
40557
40560
40561
40562
40566
40568
40572
40575
40576
40580
40582
40583
40585
40586
40592
40593
40596
40597
40598
40600
40601
40602
40603
40610
40617
40618
40621
40622
40623
40626
40627
40628
40629
40632
40633
40635
40637
40639
40644
40646
40647
40649
40651
40654
40655
40657
40667
40671
40672
40675
40676
40677
40678
40679
40680
40682
40683
40684
40685
40686
40687
40688
40691
40694
40696
40698
40699
40701
40702
40703
40708
40709
40714
40717
40718
40720
40721
40722
40723
40726
40727
40728
40730
40732
40734
40735
40736
40737
40738
40739
40742
40746
40747
40748
40749
40751
40752
40753
40755
40756
40757
40759
40760
40761
40763
40765
40766
40767
40769
40770
40774
40779
40781
40782
40783
40784
40787
40789
40792
40793
40798
40803
40806
40807
40808
40810
40811
40812
40813
40814
40817
40819
40823
40824
40825
40826
40827
40828
40829
40830
40831
40832
40833
40834
40835
40836
40841
40842
40844
40846
40847
40849
40850
40852
40853
40856
40859
40861
40865
40866
40867
40880
40881
40882
40883
40885
40891
40897
40905
40910
40911
40914
40915
40922
40923
40924
40930
40932
40935
40939
40943
40949
40950
40951
40954
40955
40957
40959
40960
40961
40962
40963
40964
40966
40967
40972
41183
41187
41195
41197
41199
41202
41203
41209
41211
41213
41214
41215
41216
41217
41218
41219
41220
41224
41225
41226
41227
41228
41229
41232
41233
41235
41238
41241
41243
41244
41250
41251
41252
41253
41254
41256
41257
41276
41292
41296
41307
42062
42063
42066
42067
42068
42069
42071
42072
42073
42074
42076
42077
42078
42079
42080
42081
42082
42083
42085
42086
42087
42089
42090
42093
42094
42095
42096
42097
42098
42099
42100
42103
42105
42106
42107
42108
42109
42111
42112
42113
42116
42117
42118
42119
42120
42121
42122
42123
42124
42131
42132
42133
42134
42135
42136
42137
42138
42139
42140
42142
42144
42145
42146
42147
42148
42150
42151
42154
42155
42156
42165
42167
42171
42173
42174
42179
42180
42181
42184
42188
42189
42190
42192
42194
42195
42196
42197
42198
42199
42201
42203
42204
42205
42206
42207
42208
42209
42210
42211
42212
42215
42217
42218
42229
42231
42235
42236
42239
42241
42242
42243
42244
42245
42246
42248
42250
42252
42253
42255
42256
42257
42258
42259
42260
42261
42262
42263
42264
42266
42268
42269
42274
42276
42277
42278
42279
42281
42282
42283
42284
42285
42286
42289
42292
42293
42294
42296
42297
42298
42299
42300
42301
42302
42303
42304
42306
42307
42309
42312
42316
42317
42318
42319
42320
42321
42324
42326
42329
42330
42331
42336
42339
42340
42341
42343
42344
42345
42347
42348
42350
42351
42352
42353
42355
42357
42359
42360
42362
42365
42368
42369
42371
42372
42373
42374
42375
42379
42380
42382
42387
42390
42394
42395
42397
42451
42452
42453
42455
42456
42457
42458
42459
42460
42461
42464
42467
42468
42469
42470
42471
42473
42476
42477
42478
42479
42480
42481
42483
42484
42485
42487
42488
42489
42492
42493
42494
42495
42496
42497
42500
42501
42502
42504
42505
42506
42507
42508
42509
42510
42511
42516
42519
42520
42521
42522
42523
42524
42525
42527
42530
42532
42535
42536
42537
42538
42539
42542
42543
42545
42548
42549
42552
42557
42558
42559
42562
42566
42568
42572
42577
42578
42583
42584
42589
42590
42591
42593
42594
42595
42598
42599
42601
42602
42606
42608
42614
42615
42616
42617
42618
42619
42620
42621
42626
42629
42630
42631
42634
42635
42638
42644
42648
42857
42858
43300
43301
43305
43306
43307
43311
43315
43316
43317
43318
43319
43323
43324
43325
43326
43327
43330
43331
43332
43333
43341
43342
43343
43344
43345
43346
43347
43348
43349
43350
43352
43354
43358
43359
43362
43363
43364
43365
43366
43367
43368
43369
43371
43373
43374
43375
43376
43377
43378
43379
43380
43381
43382
43383
43385
43389
43390
43396
43397
43398
43399
43400
43401
43403
43405
43406
43412
43413
43415
43416
43417
43418
43419
43420
43423
43424
43425
43428
43429
43430
43431
43433
43436
43438
43441
43442
43443
43447
43450
43451
43453
43455
43457
43458
43459
43460
43461
43463
43464
43465
43466
43469
43471
43473
43474
43475
43476
43477
43478
43480
43484
43486
43490
43491
43493
43496
43497
43499
43502
43503
43505
43506
43510
43515
43516
43517
43519
43520
43521
43522
43525
43527
43528
43534
43535
43548
43550
43551
43552
43554
43556
43559
43560
43566
43567
43569
43571
43572
43575
43576
43577
43578
43579
43580
43581
43582
43584
43586
43587
43588
43589
43590
43592
43593
43595
43596
43597
43600
43601
43603
43604
43605
43606
43607
43609
43614
43615
43616
43620
43624
43625
43626
43627
43629
43632
43633
43634
43635
43636
43638
43640
43641
43642
43643
43645
43647
43886
43888
44001
44013
44014
44015
44016
44018
44019
44033
44036
44039
44040
44041
44043
44045
44046
44048
44058
44059
44060
44063
44064
44065
44066
44072
44073
44074
44076
44077
44078
44079
44080
44082
44083
44084
44088
44092
44093
44094
44095
44096
44097
44098
44099
44100
44105
44106
44107
44109
44110
44112
44114
44115
44120
44121
44122
44123
44127
44132
44136
44138
44140
44142
44144
44145
44151
44157
44160
44162
44165
44166
44271
44272
44273
44274
44275
44276
44277
44278
44280
44281
44282
44284
44285
44287
44288
44289
44290
44291
44292
44293
44294
44295
44297
44301
44302
44303
44305
44306
44307
44308
44309
44310
44311
44312
44313
44314
44315
44316
44317
44318
44321
44322
44324
44325
44326
44327
44329
44331
44333
44335
44336
44337
44338
44340
44345
44349
44350
44351
44353
44357
44358
44360
44361
44362
44363
44365
44366
44367
44368
44369
44370
44372
44374
44377
44379
44382
44385
44387
44388
44391
44394
44395
44396
44398
44399
44400
44401
44402
44403
44407
44414
44415
44417
44418
44419
44421
44422
44423
44424
44425
44431
44432
44434
44436
44439
44443
44444
44445
44446
44447
44448
44449
44450
44451
44453
44455
44456
44457
44459
44466
44467
44468
44472
44474
44476
44477
44478
44479
44482
44483
44484
44486
44488
44494
44496
44499
44500
44501
44502
44504
44506
44509
44510
44511
44513
44514
44516
44519
44522
44526
44527
44528
