93
94
95
96
97
98
99
100
104
105
106
107
108
109
110
114
115
116
117
672
681
682
851
852
853
854
866
867
874
966
967
968
969
993
1015
1077
1293
1768
1960
2398
2399
2400
2401
2402
2403
2413
2751
2752
2753
2754
2849
2850
2851
2852
2853
2857
2865
2869
2870
3295
3296
3314
3315
3316
3317
3318
3319
3320
3321
3322
3323
3324
3325
3326
3327
3328
3329
3330
3331
3332
3333
3334
3335
3336
3467
3489
4325
4326
4327
4328
4329
4330
4332
4334
4335
4336
4337
4338
4808
4809
4810
4811
4812
4813
4833
4834
4835
4873
4874
4875
4876
4880
4885
4918
4919
4920
4921
5154
5561
5562
5563
5590
5605
6192
6193
6194
6195
6196
6197
6206
6207
6219
6220
6221
6222
6240
6241
6242
6582
7096
7204
7205
7207
7208
7969
9980
9982
9983
9984
9985
9986
9987
9988
9989
9990
9991
9992
9997
9998
9999
10000
10001
10002
10003
10007
10008
10009
10010
10011
10012
10013
10014
10015
10019
10020
10021
10022
10023
10032
10035
10038
10039
10040
10041
10269
10270
10271
10272
10273
10970
10971
10972
10973
10974
10975
10976
10978
10979
10980
10981
10982
10983
10984
10985
10986
11008
11009
11010
11011
11012
11013
11014
11015
11016
11017
11018
11019
13446
14867
14868
14869
14875
14890
14892
14893
14894
14895
14896
14897
14898
14899
14900
14901
14904
14905
14906
14907
14908
14909
14910
14911
14912
14913
15108
15109
15110
15111
15112
15113
15718
15719
15721
15722
15728
15729
15730
15731
15732
15737
15738
15739
15740
15741
15742
15743
15744
15849
15850
15851
15852
15853
15854
15855
15856
15857
15858
15859
15860
17919
17920
17921
17922
17923
17924
17925
17926
17927
17928
17929
17930
17931
17932
17933
17934
17935
17936
17937
17938
17939
17940
17941
17942
17943
17944
17945
17946
17947
17948
17949
17951
17952
17953
17954
17955
17956
17957
17958
17959
17960
17961
17962
18534
18535
18536
18537
18538
18539
18540
18541
18542
18544
18545
18546
18547
18548
18549
18551
18552
18566
18567
18568
18586
18607
18608
18632
18633
18634
18635
18636
18637
18638
18639
18640
18641
18642
18643
18644
18645
18648
18649
18650
18651
18652
18653
18654
18655
18656
18657
18658
18676
18677
18678
18679
18680
18696
18697
18698
18699
18700
18701
18702
18949
19553
19554
19555
19556
19557
19558
19559
19560
19561
19562
19563
19564
19565
19570
19571
19572
19573
20435
20436
20437
20438
20439
20440
20441
20448
20449
20450
20451
20452
20453
20454
20455
20456
20457
20458
20459
20460
20461
20462
20463
20465
20466
20467
20468
20469
20499
20511
20512
20513
20514
20525
20526
20527
20528
20529
20666
21048
21049
21050
21051
21052
21053
21054
21065
21269
21833
21834
21835
21836
21837
21838
21839
21840
21841
21842
21843
21845
21846
21847
21848
21849
22453
22454
22455
22456
22457
22458
22461
22462
22463
22464
22465
22466
22467
22468
22469
22470
22471
22472
22473
22474
22475
22476
22477
22478
22479
22480
22481
22485
22486
22494
22495
22496
22497
22498
22499
22500
22501
22502
22503
22504
22505
22506
22507
22508
22509
22510
22511
22512
22513
22514
22515
22516
23052
23062
23069
23080
23081
23082
23083
23084
23085
23086
23093
23094
23095
23096
23097
23101
23102
23103
23104
23105
23106
23107
23206
23207
23209
23220
23221
23222
23223
23225
23226
23227
23228
23229
23331
23332
23333
23334
23335
23336
23337
23338
23341
23342
23343
23344
23345
23346
23347
23348
23352
23353
23354
23355
23356
23383
23384
23385
23386
23387
23398
23399
23400
23401
23402
23403
23404
23405
23406
23407
23460
23700
23707
23719
23728
23817
23928
24228
24860
24861
24862
24863
24864
24865
24866
24867
24869
24870
24871
24872
24873
24876
24877
24878
24879
24880
25182
25183
25184
25185
25186
25187
25188
25189
25190
25191
25192
25193
25194
25195
25196
25197
25198
25199
25200
25201
25202
25203
25353
25354
25355
25356
25357
25364
25365
25366
25367
25368
25369
25370
25371
25373
25382
25383
25384
25385
25389
25393
25394
25395
25396
25397
25398
25399
25400
25402
25403
25404
25405
25406
25407
25408
25409
25410
25411
25412
25413
25414
25415
25416
25417
25418
25419
25909
25910
25911
25912
25916
25917
25918
25919
25920
25921
25922
25923
25924
25925
25926
25927
25928
25929
25930
25931
25932
25933
25934
25935
25936
25937
25938
25939
25940
25941
25942
25943
25944
25945
25946
25947
25948
25949
25950
25951
25952
25953
25954
25955
25956
25957
25958
25959
25960
25961
25962
25963
25964
25965
25966
25967
25968
25969
25970
25971
25972
26085
26159
26160
26161
26169
26170
26171
26173
26196
26197
26198
26199
26200
26207
26450
