31
32
33
34
35
36
37
38
39
40
41
42
43
44
45
46
47
48
49
54
63
64
65
66
88
89
92
93
94
95
96
97
98
99
100
104
122
123
124
153
154
155
156
157
158
159
160
161
162
163
208
211
233
234
235
236
237
238
239
240
241
242
243
244
245
246
247
248
249
250
251
258
259
260
261
262
263
264
302
306
310
311
312
329
330
331
353
355
356
357
358
359
360
361
362
363
364
365
385
424
425
426
427
428
439
440
445
448
449
487
499
500
501
502
503
504
505
506
507
508
577
578
579
605
606
607
608
609
610
611
612
613
614
615
616
617
631
632
633
634
635
636
637
639
640
641
642
643
644
648
649
650
651
652
657
658
659
660
669
671
672
691
692
693
694
695
707
729
732
733
734
735
736
737
738
739
740
741
742
743
746
747
748
749
750
751
752
753
754
761
762
763
764
771
772
773
787
788
789
790
791
792
793
794
795
796
851
852
853
854
863
864
865
868
869
870
875
876
877
882
883
884
914
915
916
917
918
919
920
921
922
923
924
925
942
943
944
945
947
948
949
951
955
956
960
961
966
967
968
969
979
980
981
982
983
994
995
1016
1017
1018
1019
1023
1024
1025
1026
1027
1028
1071
1072
1073
1080
1089
1090
1093
1166
1168
1170
1171
1172
1173
1174
1175
1176
1178
1213
1263
1269
1270
1271
1285
1294
1315
1316
1357
1358
1359
1360
1361
1362
1363
1364
1388
1389
1390
1391
1392
1393
1394
1395
1396
1397
1398
1399
1400
1401
1402
1412
1413
1414
1423
1424
1427
1428
1429
1430
1431
1435
1436
1437
1438
1439
1440
1441
1442
1446
1447
1448
1449
1450
1451
1452
1453
1454
1455
1469
1486
1487
1488
1489
1490
1491
1492
1493
1494
1495
1496
1497
1498
1514
1515
1516
1517
1518
1519
1521
1522
1523
1524
1525
1530
1531
1532
1533
1538
1539
1540
1541
1554
1555
1556
1561
1562
1564
1565
1566
1567
1568
1569
1570
1571
1572
1573
1618
1619
1620
1621
1661
1662
1663
1664
1665
1666
1667
1668
1669
1670
1671
1672
1673
1674
1684
1685
1687
1700
1701
1702
1703
1704
1705
1706
1707
1708
1717
1718
1719
1720
1730
1731
1732
1733
1734
1735
1736
1737
1738
1741
1742
1743
1744
1745
1746
1756
1757
1758
1759
1767
1768
1810
1811
1812
1813
1830
1836
1837
1882
1883
1884
1885
1886
1887
1888
1889
1890
1891
1892
1893
1894
1895
1896
1903
1904
1905
1906
1907
1908
1914
1915
1916
1917
1918
1919
1920
1921
1933
1934
1935
1936
1937
1950
1951
1961
1962
1963
1964
1965
1966
1967
1968
1969
1970
1971
1972
1977
1978
1992
1993
1994
1995
1996
1997
1998
1999
2000
2001
2072
2075
2076
2087
2088
2089
2090
2091
2092
2093
2094
2122
2123
2124
2125
2126
2148
2149
2150
2151
2152
2153
2154
2155
2156
2157
2166
2167
2168
2169
2172
2173
2179
2180
2181
2205
2206
2208
2209
2210
2211
2212
2213
2218
2226
2249
2250
2251
2252
2253
2254
2260
2261
2262
2263
2264
2265
2280
2281
2285
2289
2290
2291
2292
2293
2310
2311
2312
2313
2314
2315
2317
2321
2322
2329
2330
2331
2332
2333
2334
2335
2336
2337
2338
2339
2340
2341
2342
2343
2344
2345
2346
2347
2348
2349
2350
2351
2361
2362
2363
2364
2365
2366
2367
2368
2369
2370
2371
2372
2373
2374
2375
2388
2389
2390
2391
2392
2393
2394
2395
2398
2399
2458
2459
2460
2486
2487
2488
2489
2490
2491
2492
2493
2494
2495
2496
2509
2510
2518
2519
2520
2521
2522
2545
2546
2547
2548
2549
2550
2559
2560
2561
2562
2563
2564
2565
2566
2600
2601
2602
2603
2604
2605
2606
2644
2645
2646
2647
2648
2649
2650
2651
2652
2653
2654
2655
2656
2673
2674
2675
2676
2677
2678
2679
2680
2682
2683
2684
2685
2686
2687
2688
2689
2690
2717
2718
2719
2720
2721
2722
2723
2724
2725
2726
2727
2728
2729
2730
2731
2732
2751
2801
2802
2803
2804
2805
2806
2826
2827
2828
2829
2846
2847
2848
2849
2850
2851
2852
2853
2871
2872
2873
2874
2877
2888
2889
2897
2898
2899
2900
2901
2940
2941
2942
2943
2944
2945
2946
2947
2948
2949
2950
2951
2952
2953
2971
2972
2973
2974
2975
2976
2977
2978
3024
3025
3026
3027
3028
3029
3030
3031
3032
3033
3034
3062
3067
3068
3069
3070
3071
3072
3131
3197
3213
3214
3215
3216
3217
3218
3243
3244
3245
3246
3247
3248
3249
3250
3251
3252
3253
3254
3255
3256
3257
3258
3259
3260
3261
3262
3263
3264
3269
3270
3271
3272
3273
3274
3275
3288
3295
3296
3297
3298
3299
3300
3301
3302
3304
3305
3310
3314
3315
3316
3317
3318
3319
3320
3321
3322
3325
3340
3341
3342
3343
3344
3417
3418
3419
3436
3437
3438
3439
3440
3462
3463
3464
3485
3486
3514
3515
3555
3556
3557
3558
3559
3560
3561
3562
3563
3564
3565
3566
3567
3568
3569
3570
3571
3572
3573
3574
3575
3576
3577
3578
3579
3589
3590
3591
3592
3593
3594
3595
3596
3597
3598
3599
3609
3610
3611
3612
3613
3614
3615
3616
3617
3618
3619
3620
3621
3622
3623
3624
3625
3626
3627
3628
3629
3630
3639
3640
3641
3675
3679
3701
3702
3703
3704
3705
3706
3707
3712
3713
3714
3715
3716
3717
3718
3733
3734
3735
3736
3737
3738
3740
3741
3742
3743
3753
3766
3767
3768
3769
3773
3774
3775
3776
3777
3778
3793
3794
3796
3797
3798
3799
3800
3801
3802
3803
3808
3816
3817
3818
3820
3821
3822
3823
3824
3831
3837
3838
3839
3840
3841
3844
3845
3846
3847
3848
3851
3853
3854
3855
3868
3869
3870
3871
3872
3873
3874
3878
3879
3880
3881
3882
3883
3884
3885
3886
3887
3890
3891
3892
3897
3902
3903
3904
3905
3907
3908
3909
3910
3911
3914
3915
3916
3923
3924
3925
3927
3928
3929
3930
3931
3932
3933
3937
3942
3943
3944
3946
3947
3948
3949
3950
3951
3952
3953
3955
3956
3957
3959
3960
3961
3965
3966
3967
3969
3970
3971
3972
3973
3976
3977
3978
3979
3980
3981
3982
3983
3984
4021
4022
4023
4024
4025
4026
4027
4028
4029
4030
4031
4032
4033
4034
4035
4036
4037
4038
4039
4040
4062
4063
4099
4100
4101
4102
4103
4104
4105
4106
4107
4119
4126
4127
4128
4129
4130
4131
4138
4139
4140
4141
4142
4143
4144
4145
4182
4205
4252
4253
4254
4260
4261
4264
4265
4266
4267
4311
4312
4313
4314
4315
4316
4317
4318
4325
4326
4327
4328
4329
4330
4331
4332
4339
4340
4341
4342
4343
4344
4392
4393
4394
4395
4396
4397
4398
4399
4400
4401
4402
4465
4466
4501
4504
4506
4519
4520
4521
4522
4528
4529
4530
4531
4534
4535
4536
4543
4544
4545
4546
4547
4548
4549
4550
4555
4566
4567
4568
4569
4572
4573
4574
4575
4599
4600
4601
4602
4603
4604
4605
4606
4607
4608
4609
4610
4611
4612
4613
4614
4615
4616
4617
4618
4619
4620
4621
4622
4623
4624
4625
4626
4627
4628
4629
4645
4646
4658
4659
4660
4661
4662
4663
4664
4665
4666
4667
4668
4669
4670
4671
4672
4673
4674
4675
4676
4677
4678
4679
4680
4681
4682
4683
4684
4685
4686
4687
4688
4689
4690
4691
4701
4702
4703
4714
4715
4716
4717
4720
4764
4765
4780
4795
4797
4798
4799
4800
4808
4809
4810
4811
4812
4813
4865
4866
4867
4868
4869
4870
4871
4872
4873
4874
4875
4876
4878
4879
4880
4899
4940
4944
4952
4954
4955
4987
4998
4999
5000
5001
5002
5003
5004
5005
5006
5007
5008
5009
5010
5011
5012
5013
5014
5015
5016
5023
5024
5025
5026
5027
5028
5029
5030
5119
5120
5121
5122
5123
5146
5154
5172
5176
5177
5178
5179
5199
5200
5201
5202
5203
5204
5205
5206
5207
5256
5257
5258
5259
5260
5261
5262
5263
5264
5265
5266
5281
5282
5285
5311
5312
5313
5314
5315
5316
5317
5318
5319
5320
5321
5322
5333
5334
5335
5349
5350
5351
5352
5353
5354
5355
5356
5357
5383
5394
5395
5396
5397
5398
5399
5400
5401
5402
5403
5404
5405
5406
5407
5408
5409
5410
5411
5412
5413
5418
5419
5420
5421
5422
5423
5424
5425
5426
5427
5428
5448
5449
5450
5451
5452
5453
5454
5455
5474
5475
5476
5483
5484
5485
5486
5487
5488
5489
5490
5491
5492
5493
5494
5495
5496
5498
5499
5500
5501
5502
5503
5504
5505
5506
5514
5515
5516
5517
5518
5519
5520
5531
5532
5533
5534
5535
5536
5537
5538
5539
5540
5558
5559
5560
5561
5562
5563
5565
5566
5567
5568
5591
5592
5593
5594
5595
5596
5606
5607
5608
5609
5610
5611
5621
5622
5623
5624
5625
5635
5636
5637
5638
5639
5648
5670
5673
5674
5675
5682
5683
5684
5690
5696
5697
5698
5699
5700
5701
5702
5703
5704
5705
5706
5707
5708
5709
5724
5725
5726
5727
5728
5729
5766
5795
5796
5817
5825
5831
5832
5833
5834
5835
5836
5837
5838
5839
5840
5841
5842
5843
5862
5863
5864
5881
5932
5933
5934
5935
5936
5937
5938
5978
6021
6056
6076
6077
6078
6079
6080
6081
6082
6083
6084
6085
6086
6087
6088
6089
6090
6111
6112
6113
6114
6115
6116
6117
6118
6119
6134
6135
6191
6192
6193
6194
6195
6196
6206
6207
6259
6260
6261
6262
6263
6264
6265
6300
6301
6302
6303
6304
6305
6306
6307
6308
6309
6340
6341
6342
6343
6345
6346
6347
6379
6380
6381
6382
6383
6384
6385
6386
6387
6430
6431
6432
6437
6438
6439
6440
6441
6442
6443
6444
6445
6446
6447
6448
6449
6450
6451
6452
6453
6454
6455
6456
6457
6504
6505
6527
6528
6529
6530
6531
6532
6541
6545
6546
6547
6548
6549
6560
6561
6562
6563
6564
6565
6566
6567
6610
6612
6613
6614
6615
6616
6617
6618
6620
6634
6635
6636
6637
6638
6639
6640
6641
6642
6643
6644
6645
6646
6647
6648
6649
6650
6651
6652
6653
6654
6655
6656
6657
6658
6659
6660
6661
6662
6663
6664
6665
6666
6667
6686
6687
6688
6689
6690
6691
6692
6693
6695
6696
6697
6698
6734
6738
6739
6743
6746
6747
6748
6753
6754
6755
6760
6761
6762
6763
6764
6765
6766
6831
6832
6833
6834
6835
6836
6837
6838
6839
6840
6841
6842
6845
6846
6847
6848
6849
6850
6851
6852
6862
6863
6864
6865
6866
6867
6868
6869
6870
6871
6872
6884
6885
6886
6887
6888
6889
6890
6891
6892
6893
6894
6895
6896
6915
6916
6917
6918
6919
6920
6951
6952
6953
6954
6955
6956
6970
6971
6972
6973
6974
6975
7003
7004
7005
7006
7007
7008
7009
7010
7011
7012
7020
7021
7022
7041
7042
7043
7044
7045
7046
7047
7048
7049
7084
7096
7122
7123
7148
7149
7150
7161
7166
7195
7198
7199
7200
7201
7202
7203
7204
7205
7209
7210
7211
7212
7213
7214
7215
7229
7266
7297
7298
7299
7300
7301
7302
7303
7304
7305
7306
7307
7308
7309
7310
7311
7312
7313
7314
7315
7316
7317
7318
7319
7320
7321
7322
7323
7324
7338
7339
7340
7341
7342
7343
7344
7345
7346
7347
7362
7363
7364
7365
7367
7368
7369
7370
7371
7372
7378
7379
7387
7388
7389
7390
7391
7392
7393
7394
7395
7396
7397
7398
7399
7400
7401
7411
7412
7413
7414
7459
7478
7479
7480
7481
7482
7483
7484
7485
7486
7487
7488
7489
7497
7498
7499
7500
7501
7502
7503
7504
7505
7521
7522
7523
7549
7550
7551
7552
7553
7554
7555
7556
7565
7566
7567
7568
7569
7570
7571
7572
7573
7582
7593
7595
7596
7615
7616
7617
7618
7619
7620
7621
7622
7623
7624
7625
7626
7627
7628
7629
7639
7642
7643
7644
7645
7646
7647
7648
7649
7650
7661
7662
7663
7672
7673
7674
7675
7676
7677
7678
7679
7686
7687
7688
7689
7690
7691
7692
7693
7694
7695
7696
7697
7698
7701
7703
7704
7705
7706
7707
7708
7709
7710
7721
7722
7723
7725
7726
7727
7728
7729
7730
7731
7732
7733
7734
7735
7736
7737
7738
7748
7749
7758
7759
7760
7761
7762
7763
7764
7765
7766
7768
7769
7770
7771
7772
7773
7774
7775
7776
7778
7786
7787
7788
7792
7793
7794
7795
7796
7807
7812
7813
7816
7817
7818
7819
7820
7821
7822
7823
7824
7825
7826
7836
7837
7838
7839
7840
7843
7844
7850
7851
7883
7896
7897
7898
7899
7900
7901
7902
7903
7904
7905
7906
7907
7908
7909
7910
7923
7924
7925
7926
7927
7928
7929
7930
7931
7932
7933
7934
7938
7939
7940
7941
7953
7954
7955
7968
7977
7978
7979
7980
7981
7982
7983
7984
7985
7986
7987
7988
7989
7990
7991
7992
7993
7994
7995
7996
8014
8015
8016
8017
8018
8019
8020
8022
8023
8024
8025
8026
8027
8028
8029
8030
8038
8039
8040
8059
8060
8063
8067
8068
8069
8070
8071
8072
8073
8074
8075
8076
8077
8078
8079
8085
8086
8087
8088
8089
8090
8091
8092
8093
8094
8136
8137
8138
8139
8140
8141
8142
8143
8144
8145
8146
8147
8189
8190
8191
8192
8193
8194
8195
8196
8197
8198
8199
8200
8212
8213
8214
8215
8216
8217
8218
8219
8220
8221
8222
8223
8245
8246
8247
8248
8249
8250
8251
8252
8253
8254
8298
8307
8308
8309
8310
8311
8312
8313
8314
8321
8322
8323
8326
8327
8328
8330
8331
8332
8333
8335
8336
8337
8338
8339
8346
8347
8352
8353
8354
8355
8356
8357
8364
8365
8366
8367
8368
8369
8375
8376
8377
8378
8379
8380
8381
8382
8383
8384
8386
8387
8388
8389
8399
8400
8404
8429
8432
8440
8441
8442
8445
8451
8452
8453
8459
8460
8461
8462
8463
8464
8465
8466
8467
8469
8470
8471
8472
8473
8474
8475
8476
8477
8478
8479
8480
8481
8484
8485
8486
8487
8488
8489
8490
8491
8492
8503
8504
8505
8506
8532
8533
8534
8535
8536
8545
8546
8547
8548
8549
8550
8551
8552
8553
8554
8628
8645
8646
8647
8648
8650
8657
8668
8669
8704
8705
8706
8707
8708
8709
8710
8711
8712
8713
8714
8718
8719
8720
8721
8736
8737
8738
8739
8740
8741
8759
8767
8768
8772
8799
8817
8818
8819
8820
8821
8822
8824
8837
8851
8852
8853
8854
8873
8874
8875
8876
8877
8878
8880
8881
8889
8894
8895
8900
8901
8906
8907
8908
8914
8915
8921
8922
8923
8924
8925
8928
8929
8930
8931
8943
8944
8945
8951
8954
8976
8988
8989
8990
8991
8992
8993
9004
9005
9006
9007
9009
9010
9011
9018
9019
9021
9022
9023
9024
9025
9026
9027
9028
9042
9043
9044
9045
9046
9054
9060
9061
9063
9064
9065
9066
9067
9077
9078
9079
9080
9081
9082
9083
9086
9087
9088
9089
9090
9091
9092
9093
9094
9095
9096
9097
9108
9109
9110
9111
9112
9113
9114
9115
9116
9159
9160
9161
9162
9163
9164
9165
9166
9167
9197
9198
9199
9200
9201
9223
9224
9225
9226
9227
9228
9229
9230
9231
9232
9233
9249
9250
9251
9252
9253
9254
9255
9256
9257
9258
9259
9276
9277
9278
9279
9285
9286
9287
9288
9289
9290
9291
9292
9293
9294
9295
9296
9297
9298
9299
9300
9301
9302
9310
9311
9312
9313
9314
9315
9349
9350
9351
9352
9353
9354
9355
9356
9357
9387
9388
9408
9409
9410
9411
9412
9413
9414
9415
9416
9417
9418
9419
9436
9437
9438
9439
9440
9441
9442
9443
9461
9462
9499
9500
9501
9502
9503
9504
9505
9529
9530
9538
9546
9547
9548
9549
9550
9559
9560
9561
9562
9563
9569
9570
9571
9572
9573
9574
9575
9576
9577
9587
9588
9589
9590
9591
9592
9641
9649
9650
9651
9652
9653
9654
9678
9679
9680
9681
9682
9706
9707
9708
9723
9729
9730
9731
9733
9734
9735
9741
9746
9747
9750
9751
9752
9753
9761
9764
9765
9766
9768
9773
9774
9775
9776
9777
9785
9786
9787
9788
9789
9790
9791
9792
9793
9796
9797
9798
9799
9804
9805
9806
9807
9808
9809
9810
9811
9812
9813
9814
9815
9816
9817
9818
9819
9822
9823
9824
9825
9826
9839
9841
9855
9856
9858
9878
9879
9880
9881
9882
9883
9884
9885
9886
9887
9888
9889
9890
9891
9892
9893
9906
9907
9908
9909
9910
9911
9912
9913
9933
9934
9947
9948
9949
9950
9951
9952
9953
9954
9955
9956
9957
9958
9963
9964
9965
9966
9967
9993
9994
9995
9996
9997
9998
9999
10000
10001
10002
10003
10033
10034
10035
10037
10038
10039
10040
10075
10079
10080
10081
10082
10083
10092
10098
10099
10100
10101
10102
10111
10112
10113
10114
10115
10126
10127
10143
10144
10145
10154
10155
10166
10167
10176
10179
10180
10181
10182
10183
10184
10185
10186
10187
10188
10215
10257
10258
10259
10264
10276
10277
10296
10297
10298
10299
10300
10301
10302
10303
10304
10305
10306
10307
10308
10309
10310
10311
10312
10313
10314
10315
10316
10317
10318
10319
10320
10321
10322
10323
10336
10343
10344
10345
10346
10347
10348
10349
10350
10351
10352
10353
10354
10355
10356
10357
10358
10359
10361
10362
10363
10364
10365
10366
10367
10368
10369
10370
10371
10372
10373
10374
10376
10377
10378
10379
10380
10381
10382
10383
10384
10385
10386
10387
10388
10389
10390
10391
10392
10393
10394
10395
10396
10397
10398
10399
10435
10436
10437
10438
10439
10440
10441
10447
10448
10449
10450
10451
10452
10453
10454
10455
10456
10457
10458
10459
10472
10473
10474
10475
10487
10488
10489
10490
10494
10495
10496
10497
10498
10522
10523
10524
10525
10526
10527
10528
10529
10534
10535
10538
10539
10545
10546
10547
10550
10551
10552
10553
10565
10566
10567
10568
10569
10570
10592
10593
10594
10595
10596
10597
10598
10599
10600
10601
10602
10603
10604
10605
10606
10607
10621
10622
10623
10624
10625
10626
10627
10628
10643
10644
10645
10646
10647
10679
10680
10681
10719
10720
10721
10722
10723
10724
10725
10726
10727
10728
10729
10730
10777
10778
10779
10780
10781
10782
10785
10786
10787
10788
10794
10817
10818
10819
10820
10821
10822
10875
10876
10877
10878
10879
10880
10881
10882
10883
10884
10885
10886
10887
10894
10895
10896
10897
10920
10921
10925
10926
10934
10936
10937
10938
10944
10945
10946
10947
10948
10949
10950
10951
10952
10953
10954
10955
10956
10957
10958
10959
10960
10963
10964
10965
10966
10967
10968
10977
10978
10979
10980
10981
10982
10984
10985
10987
10990
10991
10992
10999
11000
11001
11004
11005
11007
11010
11011
11012
11013
11014
11019
11027
11028
11029
11045
11046
11047
11048
11049
11050
11051
11054
11055
11056
11061
11062
11063
11074
11075
11076
11077
11078
11079
11087
11088
11089
11090
11091
11092
11102
11103
11110
11111
11123
11124
11127
11131
11132
11141
11142
11143
11144
11145
11146
11147
11158
11159
11160
11166
11167
11168
11169
11170
11188
11189
11190
11191
11192
11193
11194
11195
11196
11197
11198
11199
11200
11201
11202
11203
11204
11216
11217
11218
11219
11220
11221
11222
11223
11224
11225
11226
11240
11277
11278
11279
11280
11286
11287
11330
11335
11337
11339
11340
11341
11342
11345
11362
11363
11364
11380
11381
11385
11386
11387
11388
11389
11401
11402
11431
11435
11453
11466
11498
11499
11500
11501
11502
11503
11504
11505
11506
11572
11573
11574
11575
11586
11587
11588
11589
11590
11591
11592
11615
11616
11617
11618
11619
11620
11621
11622
11623
11630
11631
11632
11633
11672
11673
11674
11675
11687
11688
11689
11714
11715
11716
11717
11718
11719
11720
11721
11722
11745
11746
11747
11748
11772
11773
11780
11781
11784
11785
11786
11787
11788
11789
11790
11808
11809
11810
11811
11812
11813
11814
11815
11816
11817
11818
11819
11820
11821
11822
11823
11831
11832
11833
11834
11835
11836
11837
11838
11839
11888
11889
11891
11892
11893
11941
11942
11943
11944
11945
11946
11947
11948
11949
11950
11951
11952
11953
11954
11955
11956
11961
11962
11963
11964
11965
11966
11981
11982
11983
11984
11985
11986
11987
11988
11989
11990
11991
11992
11993
11994
11995
11996
11997
11998
11999
12000
12001
12006
12007
12008
12009
12010
12011
12012
12013
12027
12042
12043
12046
12048
12049
12050
12051
12052
12053
12054
12055
12063
12064
12065
12066
12067
12069
12077
12078
12079
12080
12081
12082
12083
12084
12085
12086
12087
12088
12089
12090
12091
12092
12093
12094
12095
12096
12097
12098
12099
12100
12101
12102
12103
12104
12105
12106
12107
12108
12109
12110
12111
12112
12113
12114
12115
12144
12160
12161
12162
12163
12164
12165
12186
12187
12188
12189
12190
12191
12192
12199
12202
12203
12204
12205
12211
12222
12223
12224
12225
12226
12227
12228
12242
12243
12254
12255
12256
12257
12258
12259
12278
12279
12280
12281
12282
12288
12289
12295
12297
12298
12300
12301
12310
12311
12312
12313
12314
12315
12316
12338
12339
12340
12341
12342
12343
12357
12358
12359
12360
12374
12375
12376
12377
12381
12386
12388
12398
12399
12400
12401
12418
12419
12420
12421
12422
12423
12424
12425
12426
12427
12433
12434
12435
12448
12449
12450
12451
12452
12453
12454
12459
12470
12471
12472
12473
12474
12475
12485
12487
12488
12526
12527
12528
12529
12530
12531
12532
12538
12541
12542
12543
12544
12546
12547
12548
12549
12563
12564
12565
12566
12567
12568
12569
12577
12578
12579
12589
12598
12599
12636
12637
12638
12639
12640
12641
12642
12643
12660
12661
12662
12663
12664
12665
12666
12684
12685
12686
12687
12688
12689
12690
12691
12692
12702
12703
12704
12705
12706
12707
12708
12716
12717
12718
12719
12733
12734
12735
12736
12737
12738
12739
12740
12741
12742
12743
12744
12745
12746
12747
12748
12749
12750
12751
12752
12753
12754
12761
12762
12763
12764
12796
12797
12798
12799
12800
12817
12818
12819
12820
12821
12822
12847
12848
12860
12861
12862
12863
12864
12865
12866
12867
12868
12905
12916
12927
12928
12929
12945
12946
12947
12948
12949
12950
12957
12958
12959
12960
12972
12973
12974
12975
12976
12977
12978
12979
12980
12981
12982
12983
13005
13006
13007
13008
13009
13010
13011
13012
13013
13014
13023
13024
13025
13026
13027
13028
13029
13030
13038
13039
13040
13061
13067
13068
13069
13083
13085
13086
13089
13098
13099
13107
13108
13111
13124
13125
13131
13132
13133
13134
13143
13160
13161
13162
13163
13164
13165
13166
13167
13195
13196
13197
13198
13199
13200
13201
13202
13251
13252
13253
13254
13255
13256
13257
13258
13259
13260
13261
13262
13275
13276
13277
13278
13279
13280
13281
13282
13283
13284
13285
13286
13287
13288
13289
13290
13334
13335
13336
13337
13338
13345
13357
13381
13388
13389
13390
13391
13392
13413
13414
13415
13416
13417
13428
13429
13430
13431
13432
13433
13434
13435
13439
13446
13491
13493
13524
13533
13534
13535
13536
13558
13559
13560
13561
13562
13563
13593
13599
13600
13601
13602
13615
13621
13622
13623
13624
13625
13627
13632
13636
13637
13638
13639
13640
13641
13642
13643
13644
13663
13664
13665
13666
13667
13668
13669
13670
13671
13672
13685
13686
13687
13688
13689
13690
13698
13699
13700
13701
13706
13719
13720
13722
13723
13724
13745
13759
13760
13774
13775
13776
13807
13808
13809
13810
13811
13812
13813
13814
13815
13816
13817
13818
13819
13820
13821
13822
13823
13840
13841
13842
13855
13856
13857
13858
13859
13860
13861
13862
13863
13864
13865
13866
13867
13868
13869
13870
13871
13872
13873
13887
13890
13891
13892
13893
13899
13905
13906
13907
13908
13909
13915
13916
13917
13918
13919
13920
13921
13922
13930
13931
13932
13933
13934
13936
13937
13938
13939
13940
13941
13942
13943
13944
13957
13958
13959
13960
13961
13962
13963
13964
13965
13966
13975
13976
13977
13978
13979
13980
13981
13982
13983
13991
13992
13993
13994
14004
14005
14006
14007
14008
14009
14010
14011
14018
14019
14020
14030
14031
14032
14033
14049
14050
14051
14052
14060
14066
14067
14068
14069
14070
14072
14073
14079
14103
14104
14105
14106
14107
14114
14115
14116
14117
14121
14122
14165
14198
14199
14200
14201
14202
14203
14204
14205
14206
14207
14208
14215
14216
14217
14221
14222
14223
14224
14225
14226
14227
14228
14229
14230
14231
14232
14239
14240
14242
14243
14244
14245
14246
14256
14257
14258
14259
14260
14261
14262
14270
14271
14272
14273
14274
14275
14276
14277
14278
14279
14322
14323
14324
14325
14376
14377
14378
14428
14474
14485
14488
14489
14499
14500
14501
14502
14503
14509
14510
14511
14517
14518
14519
14520
14521
14529
14530
14531
14532
14533
14534
14535
14536
14565
14566
14567
14568
14569
14570
14571
14581
14586
14587
14588
14589
14590
14604
14615
14622
14623
14624
14625
14626
14627
14628
14643
14644
14645
14664
14665
14666
14667
14668
14669
14670
14671
14679
14680
14681
14682
14683
14684
14685
14719
14727
14728
14730
14731
14732
14743
14744
14787
14788
14789
14790
14791
14792
14793
14794
14795
14796
14797
14819
14828
14831
14832
14833
14834
14835
14853
14859
14860
14861
14862
14863
14864
14865
14866
14867
14868
14869
14875
14877
14878
14879
14881
14882
14883
14884
14885
14886
14887
14888
14891
14894
14895
14896
14897
14898
14899
14900
14901
14902
14903
14904
14905
14906
14907
14908
14909
14914
14931
14965
14966
14967
14968
14969
14970
14971
14972
14973
14974
14985
14986
14987
14988
15021
15022
15023
15024
15025
15026
15027
15028
15029
15030
15031
15032
15033
15034
15035
15036
15037
15038
15039
15040
15041
15047
15099
15102
15104
15108
15109
15110
15111
15112
15114
15115
15116
15117
15118
15119
15120
15121
15122
15138
15139
15158
15159
15160
15161
15162
15169
15170
15172
15173
15175
15176
15177
15178
15179
15180
15181
15182
15183
15184
15185
15186
15202
15203
15215
15216
15217
15218
15219
15220
15221
15222
15223
15224
15225
15226
15227
15228
15229
15240
15241
15242
15243
15244
15245
15258
15259
15260
15261
15262
15268
15270
15271
15272
15273
15274
15275
15298
15318
15343
15373
15374
15375
15376
15377
15378
15379
15380
15381
15382
15383
15384
15385
15395
15396
15397
15398
15399
15400
15401
15415
15416
15417
15418
15420
15421
15422
15423
15435
15436
15437
15438
15450
15451
15452
15453
15454
15455
15462
15463
15464
15465
15466
15467
15468
15469
15484
15485
15486
15487
15488
15489
15490
15491
15492
15493
15494
15495
15518
15519
15520
15521
15522
15523
15524
15551
15552
15554
15555
15556
15557
15558
15559
15560
15561
15562
15593
15597
15598
15599
15600
15602
15603
15651
15652
15653
15654
15661
15662
15663
15664
15665
15674
15675
15676
15677
15678
15679
15680
15696
15697
15698
15699
15700
15701
15702
15710
15711
15713
15714
15715
15716
15717
15718
15719
15720
15721
15722
15726
15727
15728
15729
15730
15731
15732
15736
15737
15738
15739
15740
15741
15745
15752
15764
15788
15789
15790
15791
15792
15793
15794
15804
15805
15806
15807
15808
15809
15810
15811
15828
15829
15830
15831
15832
15833
15834
15835
15836
15837
15838
15849
15851
15852
15853
15854
15855
15856
15857
15858
15861
15862
15867
15868
15869
15870
15879
15880
15881
15882
15883
15884
15906
15907
15913
15914
15915
15916
15926
15927
15930
15933
15934
15935
15936
15937
15938
15939
15940
15954
15961
15962
15963
15964
15965
15966
15967
15968
15969
15970
15971
15977
15979
15980
15981
15982
15983
15984
16025
16026
16027
16028
16030
16043
16044
16045
16046
16047
16048
16049
16066
16067
16068
16069
16070
16071
16072
16091
16092
16093
16094
16095
16096
16097
16098
16099
16100
16101
16102
16103
16165
16166
16167
16168
16169
16170
16171
16172
16188
16189
16190
16191
16193
16219
16222
16223
16224
16225
16226
16227
16228
16229
16307
16308
16309
16314
16315
16316
16317
16318
16319
16320
16340
16341
16342
16343
16346
16349
16352
16353
16354
16391
16409
16410
16411
16412
16413
16414
16415
16416
16417
16418
16419
16453
16454
16455
16456
16457
16458
16459
16460
16467
16468
16469
16470
16472
16473
16474
16475
16476
16483
16493
16494
16495
16496
16497
16498
16507
16508
16514
16515
16516
16517
16518
16533
16534
16535
16536
16537
16538
16539
16540
16541
16549
16550
16551
16552
16553
16554
16555
16574
16591
16592
16593
16594
16595
16596
16597
16625
16626
16627
16628
16629
16630
16631
16632
16633
16634
16635
16636
16643
16644
16645
16646
16647
16648
16649
16650
16651
16673
16676
16694
16695
16696
16697
16698
16699
16700
16701
16702
16703
16708
16709
16710
16711
16712
16713
16714
16715
16716
16717
16718
16719
16720
16734
16735
16736
16737
16738
16795
16798
16799
16800
16803
16804
16805
16806
16816
16817
16818
16819
16820
16821
16822
16831
16832
16840
16841
16842
16843
16844
16845
16846
16847
16848
16849
16850
16851
16852
16865
16866
16876
16877
16878
16879
16880
16881
16882
16883
16884
16885
16886
16887
16888
16900
16901
16902
16903
16904
16905
16906
16907
16908
16909
16910
16911
16912
16913
16914
16915
16916
16917
16918
16933
16945
16946
16947
16948
16949
16950
16951
16952
16953
16954
16955
16956
16957
16958
16975
16976
17010
17011
17012
17014
17015
17016
17017
17018
17019
17020
17021
17022
17023
17024
17025
17026
17027
17034
17048
17049
17050
17051
17052
17053
17054
17055
17056
17057
17058
17059
17060
17061
17062
17063
17064
17079
17080
17081
17082
17083
17084
17085
17086
17087
17091
17092
17093
17094
17095
17096
17097
17102
17103
17104
17105
17106
17107
17108
17109
17110
17111
17112
17113
17114
17115
17116
17136
17137
17138
17139
17140
17141
17142
17143
17144
17145
17146
17147
17148
17149
17150
17151
17152
17153
17154
17155
17180
17181
17182
17183
17184
17185
17186
17187
17188
17189
17193
17194
17195
17196
17197
17205
17206
17207
17208
17209
17210
17211
17212
17213
17214
17215
17216
17227
17228
17229
17230
17231
17232
17233
17236
17248
17249
17250
17251
17252
17253
17254
17255
17256
17257
17258
17259
17260
17261
17268
17269
17270
17271
17272
17273
17274
17275
17276
17277
17290
17291
17292
17293
17294
17295
17298
17303
17304
17305
17306
17307
17308
17309
17310
17311
17314
17315
17316
17317
17318
17319
17320
17326
17327
17328
17329
17330
17332
17337
17340
17341
17342
17343
17344
17345
17347
17348
17349
17350
17351
17352
17353
17358
17359
17363
17364
17365
17366
17367
17370
17371
17372
17374
17375
17378
17413
17414
17415
17416
17417
17418
17419
17426
17427
17428
17429
17430
17431
17432
17433
17434
17454
17455
17456
17457
17458
17459
17460
17461
17481
17482
17483
17484
17485
17486
17487
17504
17505
17506
17507
17508
17530
17531
17532
17533
17534
17535
17536
17537
17538
17539
17550
17551
17552
17553
17554
17555
17556
17557
17581
17592
17593
17621
17622
17623
17624
17625
17626
17627
17628
17629
17630
17631
17632
17641
17642
17643
17644
17645
17646
17647
17648
17649
17650
17651
17684
17685
17686
17713
17714
17715
17716
17717
17718
17719
17720
17721
17722
17813
17814
17815
17816
17817
17818
17828
17829
17830
17831
17832
17833
17834
17835
17836
17837
17838
17839
17840
17841
17842
17846
17847
17848
17849
17850
17890
17891
17892
17893
17894
17895
17913
17914
17915
17916
17917
17918
17927
17928
17929
17930
17931
17932
17933
17934
17935
17947
17953
17954
17955
17956
17957
17960
17961
17963
17964
17965
17966
17967
17968
17969
17970
17971
17972
17973
17974
17975
17976
17977
17978
17979
17980
17981
17982
17983
17984
18007
18008
18009
18010
18011
18012
18013
18014
18015
18016
18017
18018
18019
18020
18021
18022
18023
18041
18061
18062
18063
18064
18065
18066
18067
18068
18092
18093
18094
18095
18096
18097
18098
18151
18154
18155
18191
18196
18211
18212
18213
18214
18215
18216
18219
18238
18258
18275
18276
18278
18279
18280
18281
18282
18283
18284
18285
18286
18303
18304
18305
18306
18307
18308
18342
18343
18344
18345
18346
18354
18356
18357
18363
18364
18378
18379
18380
18381
18382
18383
18384
18385
18386
18387
18397
18398
18403
18404
18405
18419
18420
18421
18422
18423
18431
18435
18436
18445
18446
18447
18448
18449
18450
18451
18452
18467
18468
18469
18478
18479
18480
18481
18486
18492
18493
18494
18495
18496
18515
18520
18525
18526
18537
18538
18539
18540
18541
18550
18551
18552
18569
18570
18571
18572
18573
18574
18575
18576
18577
18586
18627
18628
18629
18630
18631
18647
18648
18649
18650
18651
18652
18667
18668
18669
18670
18676
18677
18678
18679
18680
18687
18688
18689
18690
18691
18692
18693
18694
18695
18696
18697
18698
18699
18711
18800
18801
18802
18803
18826
18833
18834
18835
18836
18837
18838
18839
18840
18841
18842
18843
18870
18932
18988
18989
19030
19039
19040
19055
19056
19057
19058
19059
19060
19062
19063
19066
19067
19068
19069
19070
19071
19072
19073
19074
19075
19076
19077
19079
19080
19081
19097
19098
19099
19100
19101
19102
19103
19104
19105
19106
19107
19108
19117
19118
19119
19120
19121
19122
19123
19124
19125
19126
19127
19128
19129
19130
19132
19156
19157
19158
19162
19163
19164
19165
19166
19167
19168
19169
19170
19171
19172
19173
19174
19175
19176
19177
19178
19179
19180
19181
19182
19183
19184
19200
19201
19202
19203
19204
19205
19206
19207
19208
19209
19213
19214
19215
19219
19220
19221
19222
19236
19237
19238
19239
19240
19241
19246
19247
19248
19259
19260
19261
19262
19263
19264
19281
19282
19283
19284
19285
19286
19287
19288
19305
19306
19310
19311
19312
19313
19314
19315
19316
19317
19318
19319
19320
19321
19322
19323
19324
19325
19326
19327
19328
19329
19330
19331
19332
19338
19339
19340
19341
19342
19343
19344
19345
19378
19379
19380
19381
19389
19398
19399
19400
19401
19402
19415
19416
19417
19418
19419
19461
19462
19463
19464
19465
19466
19467
19468
19469
19470
19471
19472
19473
19474
19475
19476
19477
19478
19493
19494
19495
19496
19497
19502
19512
19513
19514
19515
19516
19519
19520
19521
19522
19536
19552
19558
19559
19560
19561
19566
19567
19570
19571
19572
19574
19575
19576
19577
19582
19583
19586
19587
19588
19594
19595
19596
19597
19598
19613
19614
19615
19616
19621
19622
19623
19624
19625
19626
19627
19628
19633
19634
19635
19636
19637
19638
19639
19640
19641
19642
19651
19652
19654
19655
19659
19660
19661
19662
19663
19664
19670
19671
19672
19673
19674
19675
19676
19677
19678
19679
19681
19682
19683
19684
19709
19710
19711
19712
19713
19714
19715
19716
19717
19724
19725
19726
19727
19728
19734
19735
19736
19737
19738
19742
19743
19745
19746
19747
19748
19749
19760
19761
19762
19763
19764
19765
19766
19775
19776
19777
19778
19782
19783
19784
19785
19793
19794
19795
19796
19797
19813
19814
19815
19816
19817
19818
19819
19820
19821
19822
19832
19834
19835
19836
19843
19856
19857
19858
19859
19860
19861
19862
19863
19871
19872
19873
19874
19885
19886
19887
19893
19895
19896
19902
19903
19904
19910
19911
19912
19913
19921
19928
19929
19930
19931
19932
19942
19943
19944
19945
19946
19947
19948
19949
19950
19951
19960
19989
19990
20027
20028
20029
20030
20031
20032
20033
20034
20035
20036
20063
20064
20065
20066
20067
20068
20069
20089
20090
20121
20122
20196
20197
20198
20199
20229
20230
20231
20232
20233
20234
20235
20236
20237
20238
20239
20240
20241
20242
20243
20244
20245
20246
20247
20248
20249
20250
20251
20252
20253
20254
20255
20256
20257
20258
20259
20260
20286
20287
20288
20289
20290
20291
20292
20293
20294
20295
20296
20297
20298
20299
20301
20303
20305
20306
20307
20308
20309
20310
20311
20312
20313
20314
20315
20316
20350
20379
20380
20381
20382
20383
20384
20385
20386
20387
20388
20389
20390
20433
20434
20442
20443
20444
20445
20446
20447
20448
20449
20450
20451
20452
20453
20454
20455
20464
20465
20466
20467
20468
20469
20500
20501
20502
20503
20504
20505
20506
20507
20508
20509
20510
20516
20525
20526
20527
20528
20529
20565
20566
20567
20568
20578
20579
20580
20581
20582
20583
20598
20599
20600
20601
20602
20603
20604
20605
20640
20641
20642
20643
20644
20645
20651
20652
20654
20655
20656
20657
20658
20659
20660
20661
20662
20663
20664
20665
20667
20669
20670
20671
20679
20680
20681
20682
20683
20684
20685
20746
20747
20748
20749
20750
20751
20759
20760
20761
20762
20763
20764
20782
20783
20784
20785
20786
20787
20788
20792
20793
20803
20804
20805
20806
20807
20808
20809
20817
20818
20819
20820
20821
20822
20823
20824
20825
20826
20827
20845
20846
20847
20848
20849
20850
20851
20852
20853
20854
20855
20872
20873
20874
20907
20908
20910
20911
20912
20913
20914
20915
20916
20918
20919
20920
20932
20933
20934
20935
20936
20937
20940
20941
20964
20965
20966
20967
20968
20969
20970
20971
20972
20973
20974
20975
20976
20977
20978
20979
20980
20981
20982
20983
20984
20985
20986
20987
20988
20989
20990
21001
21002
21003
21004
21006
21007
21008
21009
21010
21011
21012
21013
21014
21028
21045
21049
21050
21057
21058
21059
21065
21084
21090
21091
21092
21106
21114
21115
21116
21117
21118
21129
21130
21131
21134
21135
21136
21137
21138
21139
21140
21141
21142
21145
21146
21147
21148
21158
21170
21171
21172
21173
21174
21175
21176
21181
21184
21185
21186
21187
21188
21189
21197
21198
21199
21200
21201
21202
21203
21204
21209
21212
21224
21225
21226
21243
21244
21245
21252
21253
21254
21255
21256
21262
21263
21264
21265
21266
21268
21269
21281
21282
21283
21284
21285
21286
21303
21408
21409
21410
21411
21412
21413
21414
21415
21416
21444
21445
21446
21447
21448
21449
21450
21451
21452
21453
21454
21455
21459
21460
21461
21462
21463
21485
21486
21487
21488
21489
21490
21491
21531
21539
21540
21541
21542
21543
21548
21551
21552
21553
21554
21555
21565
21566
21567
21568
21569
21570
21577
21578
21579
21588
21594
21598
21599
21600
21601
21602
21603
21614
21615
21616
21617
21621
21622
21623
21624
21625
21627
21628
21629
21630
21631
21641
21642
21643
21644
21648
21649
21650
21651
21652
21653
21654
21655
21657
21658
21659
21660
21661
21662
21663
21664
21665
21668
21669
21670
21671
21672
21673
21674
21675
21676
21677
21678
21679
21680
21681
21682
21683
21684
21685
21686
21687
21688
21689
21690
21691
21692
21693
21694
21695
21696
21697
21698
21699
21715
21716
21754
21769
21771
21782
21783
21784
21785
21786
21828
21834
21835
21836
21837
21838
21845
21847
21848
21850
21856
21857
21858
21859
21860
21861
21862
21863
21864
21865
21866
21867
21891
21907
21908
21909
21910
21911
21912
21913
21914
21915
21916
21917
21941
21942
21944
21945
21946
21947
21948
21949
21950
21951
21952
21953
21954
21955
21957
21958
21960
21961
21962
21963
21964
21965
21966
21967
21968
21969
21970
21989
21990
21991
21992
21993
21994
22012
22013
22015
22019
22020
22021
22025
22036
22037
22038
22039
22040
22049
22050
22055
22056
22058
22060
22061
22064
22065
22066
22067
22068
22083
22084
22085
22098
22099
22100
22101
22105
22106
22107
22108
22125
22126
22127
22128
22129
22130
22131
22132
22133
22134
22135
22136
22137
22138
22139
22143
22144
22145
22146
22147
22148
22149
22150
22151
22152
22153
22154
22155
22156
22157
22158
22159
22160
22169
22170
22171
22181
22182
22183
22184
22188
22189
22195
22197
22200
22201
22202
22203
22210
22223
22224
22225
22249
22250
22251
22252
22253
22254
22255
22256
22257
22258
22259
22260
22261
22262
22263
22270
22271
22272
22273
22274
22275
22276
22290
22291
22292
22293
22294
22295
22296
22306
22307
22308
22309
22310
22311
22312
22313
22335
22336
22337
22338
22339
22340
22341
22342
22343
22344
22345
22346
22347
22348
22349
22350
22351
22360
22361
22362
22363
22364
22365
22377
22378
22379
22380
22381
22382
22383
22385
22386
22390
22391
22392
22393
22394
22395
22406
22407
22408
22409
22410
22411
22412
22419
22420
22421
22422
22423
22424
22425
22426
22435
22447
22448
22449
22451
22452
22453
22454
22455
22456
22457
22458
22461
22462
22463
22464
22465
22466
22467
22468
22469
22470
22471
22472
22473
22474
22484
22494
22495
22496
22497
22498
22499
22500
22501
22502
22503
22504
22505
22506
22507
22508
22509
22510
22517
22537
22546
22547
22548
22549
22550
22577
22614
22615
22616
22617
22654
22655
22656
22657
22658
22659
22660
22661
22662
22663
22710
22711
22712
22713
22714
22715
22716
22729
22730
22731
22732
22733
22734
22735
22736
22737
22742
22760
22761
22762
22763
22764
22765
22766
22767
22787
22788
22789
22790
22791
22792
22802
22803
22804
22805
22827
22828
22859
22881
22882
22885
22886
22887
22888
22889
22893
22895
22906
22907
22908
22909
22910
22911
22912
22913
22934
22935
22936
22937
22938
22939
22940
22941
22948
22949
22950
22951
22952
22953
22954
22955
22969
22970
22971
22972
22973
22974
22975
22976
22977
22986
22987
23002
23003
23004
23011
23012
23013
23014
23015
23016
23026
23033
23034
23035
23038
23039
23052
23055
23056
23060
23061
23062
23074
23075
23076
23077
23080
23081
23082
23083
23084
23085
23086
23093
23094
23095
23096
23097
23121
23127
23136
23144
23145
23146
23149
23150
23151
23152
23153
23166
23167
23172
23173
23174
23175
23176
23177
23190
23191
23192
23193
23194
23195
23196
23204
23205
23206
23207
23209
23212
23220
23221
23222
23223
23225
23226
23227
23228
23229
23281
23282
23283
23284
23285
23286
23287
23288
23289
23290
23291
23292
23293
23315
23316
23317
23318
23319
23327
23328
23329
23330
23331
23332
23333
23334
23335
23336
23337
23338
23341
23342
23343
23344
23345
23346
23347
23348
23351
23352
23353
23354
23357
23358
23359
23360
23361
23362
23363
23364
23365
23366
23367
23368
23369
23370
23371
23383
23384
23385
23386
23387
23396
23397
23398
23399
23400
23401
23402
23403
23451
23452
23453
23454
23455
23456
23460
23466
23472
23501
23502
23503
23504
23505
23506
23507
23508
23509
23524
23529
23533
23534
23535
23539
23547
23548
23550
23551
23554
23555
23556
23557
23558
23559
23560
23561
23609
23610
23611
23612
23613
23614
23658
23659
23664
23685
23686
23687
23688
23693
23694
23697
23698
23699
23700
23706
23707
23727
23728
23736
23737
23738
23752
23753
23754
23755
23759
23768
23783
23784
23785
23786
23787
23800
23801
23802
23803
23804
23805
23806
23809
23817
23860
23861
23862
23863
23864
23865
23866
23867
23868
23869
23870
23889
23900
23901
23902
23903
23912
23913
23914
23915
23916
23917
23918
23921
23922
23923
23924
23928
23932
23933
23934
23941
23942
23943
23944
23945
23946
23947
23948
23949
23950
23951
23952
23953
23954
23955
23977
23978
23979
23980
23981
23982
23983
23984
23985
24005
24013
24014
24015
24016
24017
24023
24024
24025
24026
24027
24043
24050
24051
24052
24057
24058
24061
24063
24064
24065
24066
24069
24070
24071
24072
24082
24083
24084
24085
24086
24089
24090
24091
24092
24093
24094
24095
24097
24114
24115
24116
24127
24152
24153
24163
24164
24165
24166
24167
24168
24169
24177
24178
24179
24196
24197
24215
24216
24217
24218
24219
24227
24228
24234
24235
24236
24237
24242
24243
24244
24253
24255
24256
24257
24258
24259
24260
24261
24262
24263
24273
24274
24275
24276
24277
24278
24279
24282
24283
24284
24285
24286
24287
24288
24289
24290
24291
24314
24315
24316
24325
24326
24327
24328
24329
24330
24331
24332
24333
24346
24347
24348
24349
24350
24351
24352
24353
24354
24428
24476
24478
24479
24491
24492
24493
24495
24496
24497
24498
24499
24515
24516
24523
24524
24525
24526
24533
24534
24563
24564
24565
24566
24572
24573
24574
24575
24589
24590
24605
24606
24632
24633
24634
24637
24649
24651
24652
24653
24669
24670
24671
24672
24673
24674
24675
24676
24677
24678
24679
24680
24681
24695
24696
24697
24723
24724
24725
24726
24727
24728
24729
24730
24731
24732
24733
24734
24735
24736
24737
24738
24749
24750
24753
24754
24756
24757
24758
24759
24763
24764
24765
24766
24767
24768
24769
24770
24771
24772
24776
24777
24778
24779
24780
24781
24788
24789
24790
24791
24793
24794
24795
24796
24797
24798
24799
24800
24808
24809
24811
24812
24813
24814
24818
24821
24823
24824
24827
24828
24831
24832
24833
24834
24835
24836
24837
24838
24841
24842
24843
24844
24845
24849
24850
24853
24854
24855
24856
24857
24858
24860
24861
24862
24863
24864
24865
24866
24867
24869
24870
24871
24872
24873
24875
24876
24877
24878
24968
24969
24970
24971
24981
24982
24983
24993
25006
25007
25008
25023
25024
25025
25029
25030
25031
25032
25033
25043
25044
25045
25046
25088
25089
25090
25091
25101
25102
25103
25104
25105
25106
25124
25125
25126
25127
25128
25136
25140
25141
25142
25143
25144
25145
25146
25147
25148
25149
25150
25151
25152
25153
25154
25161
25162
25172
25173
25174
25175
25176
25177
25178
25179
25181
25182
25183
25184
25185
25186
25187
25188
25191
25192
25193
25194
25195
25196
25197
25198
25199
25200
25201
25204
25205
25206
25207
25211
25212
25227
25228
25229
25230
25231
25232
25233
25234
25235
25250
25268
25269
25270
25271
25272
25273
25274
25286
25292
25293
25353
25354
25355
25356
25357
25358
25359
25360
25361
25362
25363
25364
25365
25366
25367
25368
25369
25370
25371
25376
25377
25378
25386
25387
25388
25389
25393
25394
25395
25396
25397
25398
25399
25400
25402
25403
25404
25405
25406
25407
25408
25409
25410
25411
25412
25420
25421
25422
25424
25437
25453
25510
25511
25512
25519
25520
25521
25522
25524
25525
25526
25527
25528
25529
25530
25531
25532
25533
25534
25535
25536
25537
25542
25543
25544
25552
25601
25602
25603
25604
25610
25611
25612
25650
25664
25665
25666
25668
25673
25674
25684
25685
25686
25687
25688
25693
25694
25695
25696
25697
25698
25699
25700
25701
25746
25747
25757
25758
25759
25763
25802
25822
25823
25824
25825
25826
25827
25828
25829
25830
25831
25832
25852
25853
25854
25855
25856
25857
25858
25859
25860
25868
25869
25870
25871
25872
25873
25874
25875
25876
25877
25878
25884
25909
25910
25911
25912
25913
25914
25915
25916
25917
25918
25919
25920
25921
25922
25923
25925
25926
25927
25928
25929
25930
25931
25932
25933
25934
25935
25936
25937
25938
25939
25940
25941
25942
25943
25944
25953
25954
25955
25956
25957
25958
25959
25960
25961
25962
25963
25964
25965
25966
25967
25968
25973
25974
25975
25976
25977
25978
25979
25992
26012
26013
26014
26015
26016
26017
26018
26019
26020
26021
26022
26044
26049
26050
26051
26052
26069
26070
26074
26082
26085
26104
26139
26142
26143
26144
26145
26146
26147
26159
26160
26161
26169
26170
26171
26173
26196
26197
26198
26199
26200
26207
26213
26214
26215
26223
26224
26225
26270
26271
26272
26273
26274
26275
26282
26283
26284
26285
26286
26287
26288
26289
26290
26291
26292
26293
26294
26295
26310
26311
26312
26313
26314
26337
26338
26339
26340
26341
26342
26343
26344
26345
26346
26347
26348
26349
26350
26351
26352
26353
26354
26355
26368
26369
26370
26371
26372
26373
26374
26375
26376
26391
26392
26393
26394
26395
26396
26397
26406
26407
26408
26409
26419
26448
26449
26450
26451
26452
26453
26454
26459
26460
26461
26462
26463
26466
26467
26468
26469
26474
26475
26476
26477
26478
26479
26480
26488
26520
26525
26529
26530
26536
26542
26543
26544
26547
26548
26549
26550
26561
26562
26563
26564
26570
26571
26572
26573
26574
26578
26579
26580
26581
26582
26586
26587
26588
26592
26593
26594
26595
26599
26600
26601
26603
26604
26605
26606
26626
26627
26628
26629
26630
26631
26632
26633
26634
26635
26636
26637
26638
26639
26640
26641
26642
26643
26656
26657
26658
26659
26660
26661
26671
26685
26686
26687
26688
26689
26690
26691
26692
26693
26694
26698
26699
26700
26701
26702
26703
26704
26705
26706
26707
26716
26717
26718
26719
26720
26731
26732
26733
26734
26737
26738
26739
26740
26741
26742
26745
26746
26748
26752
26753
26754
26755
26756
26757
26758
26759
26760
26762
26765
26766
26772
26773
26774
26775
26776
26777
26778
26779
26780
26781
26782
26783
26791
26792
26793
26803
26804
26805
26806
26817
26818
26821
