63
64
65
66
67
68
69
70
71
72
73
74
75
76
77
78
79
80
81
82
83
84
85
86
87
118
119
120
121
153
154
155
156
157
158
159
160
161
162
163
164
165
166
167
168
169
170
171
172
173
174
175
176
201
202
203
204
205
206
207
258
259
260
261
262
263
264
265
266
267
268
269
270
271
272
273
274
275
276
277
278
279
280
281
282
283
284
285
286
287
288
289
290
291
292
293
294
295
296
307
308
309
366
367
368
391
392
393
394
395
396
416
417
418
419
420
421
422
443
487
488
489
490
491
492
493
494
495
496
497
498
565
566
567
568
569
570
571
572
605
606
607
608
609
610
611
612
613
614
615
616
617
618
619
620
621
622
623
624
625
626
627
628
629
657
658
659
660
661
662
663
664
665
666
667
668
670
691
692
693
694
695
696
697
698
699
700
701
707
719
720
721
722
723
724
725
726
727
728
761
762
763
764
765
766
767
768
769
770
844
845
846
847
848
849
850
882
883
884
885
886
887
888
889
890
891
892
893
894
895
898
960
961
962
963
964
965
1023
1024
1025
1026
1027
1028
1029
1030
1031
1032
1033
1034
1035
1036
1037
1038
1039
1040
1041
1042
1043
1062
1063
1064
1065
1066
1074
1075
1076
1089
1090
1091
1130
1131
1132
1133
1134
1135
1136
1137
1138
1139
1140
1141
1161
1162
1163
1164
1165
1174
1175
1176
1177
1207
1208
1209
1210
1211
1212
1247
1248
1330
1331
1332
1333
1334
1335
1336
1337
1338
1339
1340
1341
1342
1343
1344
1345
1346
1347
1348
1349
1350
1351
1352
1353
1354
1355
1356
1403
1404
1405
1406
1407
1408
1409
1410
1411
1446
1447
1448
1449
1450
1451
1452
1453
1454
1455
1456
1457
1458
1459
1460
1461
1462
1463
1464
1465
1466
1471
1538
1539
1540
1541
1542
1543
1544
1545
1546
1547
1548
1549
1550
1551
1552
1558
1563
1615
1661
1662
1663
1664
1665
1666
1667
1668
1669
1670
1671
1672
1673
1674
1675
1676
1677
1678
1679
1680
1681
1682
1683
1709
1710
1741
1742
1743
1744
1745
1746
1747
1748
1749
1750
1751
1752
1756
1757
1758
1759
1760
1761
1762
1763
1766
1810
1811
1812
1813
1814
1815
1816
1817
1818
1819
1820
1821
1822
1823
1824
1825
1826
1827
1828
1829
1871
1872
1873
1874
1875
1876
1877
1878
1879
1881
1914
1915
1916
1917
1918
1919
1920
1921
1922
1923
1924
1925
1926
1927
1928
1929
1931
1977
1978
1979
1980
1981
1982
1983
1984
1985
1986
1987
1988
1989
1990
2041
2042
2043
2044
2045
2046
2047
2048
2049
2066
2067
2068
2069
2070
2071
2088
2089
2090
2091
2092
2093
2094
2095
2096
2097
2098
2099
2100
2101
2102
2103
2104
2105
2106
2107
2108
2109
2110
2111
2112
2113
2114
2115
2116
2117
2118
2119
2158
2159
2160
2161
2162
2163
2164
2165
2172
2173
2174
2175
2176
2177
2178
2218
2219
2220
2221
2222
2223
2224
2225
2249
2250
2251
2252
2253
2254
2255
2256
2257
2258
2259
2289
2290
2291
2292
2293
2294
2295
2296
2297
2298
2299
2300
2301
2302
2303
2304
2305
2316
2321
2322
2325
2388
2389
2390
2391
2392
2393
2433
2434
2435
2436
2437
2438
2439
2440
2441
2442
2443
2444
2445
2446
2447
2448
2449
2450
2451
2452
2453
2454
2455
2456
2486
2487
2488
2489
2490
2491
2492
2493
2494
2495
2496
2497
2498
2499
2500
2501
2502
2503
2504
2505
2506
2507
2514
2515
2516
2551
2552
2553
2554
2555
2556
2557
2558
2592
2593
2594
2595
2596
2644
2645
2646
2647
2648
2649
2650
2651
2652
2653
2654
2655
2656
2657
2658
2659
2660
2661
2662
2663
2664
2665
2666
2667
2668
2669
2670
2671
2672
2744
2745
2746
2747
2748
2749
2750
2758
2784
2785
2786
2787
2788
2789
2790
2791
2792
2826
2827
2828
2829
2830
2831
2832
2843
2844
2845
2877
2878
2879
2880
2881
2882
2883
2884
2885
2886
2887
2897
2898
2899
2900
2901
2907
2908
2909
2910
2911
2912
2913
2914
2915
2916
2917
2934
2935
2936
2937
2938
2939
2987
2988
2989
2990
2991
2992
2997
2998
2999
3024
3025
3026
3027
3028
3029
3030
3031
3032
3033
3034
3035
3036
3037
3038
3039
3040
3041
3053
3054
3055
3056
3057
3058
3059
3062
3063
3066
3087
3127
3128
3129
3130
3160
3161
3162
3163
3197
3198
3199
3200
3201
3202
3203
3204
3205
3206
3207
3208
3209
3210
3269
3270
3271
3272
3273
3274
3275
3276
3277
3278
3279
3280
3281
3282
3283
3284
3285
3286
3287
3288
3293
3294
3310
3311
3312
3337
3338
3339
3356
3357
3358
3359
3360
3361
3364
3403
3404
3405
3406
3407
3408
3409
3410
3411
3412
3413
3414
3415
3436
3437
3438
3439
3440
3441
3442
3443
3444
3458
3459
3460
3461
3462
3463
3464
3478
3479
3480
3481
3482
3488
3494
3495
3496
3497
3498
3499
3500
3501
3502
3503
3514
3515
3516
3547
3548
3549
3550
3551
3552
3553
3554
3609
3610
3611
3612
3639
3640
3641
3669
3675
3679
3708
3709
3710
3711
3712
3713
3714
3715
3716
3717
3718
3719
3720
3721
3739
3740
3741
3742
3743
3770
3771
3772
3773
3774
3775
3776
3777
3778
3779
3780
3781
3782
3783
3795
3796
3797
3798
3799
3800
3801
3802
3803
3804
3808
3818
3844
3845
3846
3847
3848
3849
3850
3878
3879
3880
3881
3882
3883
3884
3885
3886
3887
3888
3907
3908
3909
3910
3911
3927
3928
3929
3930
3946
3947
3948
3949
3950
3951
3952
3969
3970
3971
4044
4045
4046
4047
4048
4049
4050
4051
4052
4053
4054
4055
4056
4057
4099
4100
4101
4102
4103
4104
4105
4106
4107
4108
4109
4110
4111
4112
4113
4114
4115
4116
4117
4126
4127
4128
4129
4130
4131
4132
4133
4134
4135
4136
4137
4193
4194
4195
4196
4197
4198
4199
4241
4242
4243
4244
4245
4246
4247
4248
4249
4250
4251
4263
4293
4294
4311
4312
4313
4314
4315
4316
4317
4318
4319
4320
4321
4322
4323
4324
4375
4376
4377
4378
4453
4454
4455
4456
4457
4458
4459
4460
4461
4462
4463
4464
4492
4493
4494
4495
4496
4497
4498
4499
4500
4505
4519
4520
4521
4522
4523
4524
4525
4526
4527
4534
4535
4536
4537
4538
4539
4540
4572
4573
4574
4575
4576
4577
4578
4579
4580
4581
4582
4597
4658
4659
4660
4661
4662
4663
4664
4665
4666
4714
4715
4716
4747
4748
4749
4763
4792
4793
4794
4797
4798
4799
4800
4801
4802
4803
4804
4805
4806
4854
4855
4856
4857
4858
4859
4860
4861
4862
4863
4864
4927
4928
4929
4930
4931
4932
4933
4934
4937
4954
4955
4956
4957
4958
4959
4960
4961
4962
4963
4964
4965
4966
4967
4968
4969
4970
4971
4972
4982
4983
4984
4985
4986
5023
5024
5025
5026
5027
5028
5029
5030
5031
5032
5033
5034
5035
5068
5069
5070
5071
5072
5073
5074
5075
5076
5085
5086
5087
5088
5089
5091
5099
5100
5119
5120
5121
5122
5123
5124
5125
5126
5146
5147
5148
5149
5150
5151
5162
5163
5164
5165
5166
5167
5168
5169
5170
5171
5176
5177
5178
5179
5180
5181
5182
5183
5184
5185
5186
5187
5256
5257
5258
5259
5260
5261
5262
5263
5264
5265
5266
5267
5268
5269
5270
5271
5272
5273
5283
5333
5334
5335
5336
5337
5338
5339
5340
5341
5342
5343
5344
5345
5346
5347
5348
5418
5419
5420
5421
5422
5423
5424
5425
5426
5427
5428
5429
5430
5431
5432
5433
5434
5435
5436
5437
5438
5439
5440
5441
5464
5474
5475
5476
5477
5478
5479
5480
5481
5531
5532
5533
5534
5535
5536
5537
5538
5539
5540
5541
5542
5543
5544
5545
5546
5547
5548
5549
5550
5551
5552
5553
5554
5555
5556
5557
5612
5613
5614
5615
5616
5617
5618
5634
5648
5649
5655
5667
5668
5669
5672
5679
5680
5681
5691
5692
5693
5694
5695
5724
5725
5726
5727
5728
5765
5791
5792
5794
5801
5802
5900
5901
5902
5903
5904
5905
5906
5907
5947
5948
5949
5950
5951
5952
5953
5954
5955
5956
5957
5958
5959
5960
5961
5962
5963
5964
5965
5966
5967
5968
5969
5970
5971
5972
5973
5974
5975
5978
5979
6021
6022
6023
6024
6025
6026
6027
6028
6029
6030
6031
6032
6052
6053
6054
6055
6167
6168
6169
6170
6171
6172
6184
6185
6186
6187
6188
6189
6190
6243
6244
6245
6246
6247
6248
6249
6250
6251
6252
6253
6254
6255
6300
6301
6302
6303
6304
6305
6306
6307
6308
6309
6310
6311
6312
6313
6314
6315
6316
6317
6318
6319
6320
6329
6330
6331
6332
6333
6334
6335
6336
6345
6346
6347
6348
6349
6373
6374
6375
6376
6377
6458
6459
6460
6461
6462
6463
6464
6465
6466
6467
6468
6469
6470
6471
6472
6473
6474
6475
6476
6477
6478
6479
6480
6481
6482
6483
6484
6485
6486
6487
6494
6495
6496
6497
6498
6499
6500
6501
6502
6503
6533
6534
6535
6536
6537
6538
6539
6540
6570
6571
6572
6593
6594
6595
6596
6597
6607
6608
6620
6621
6622
6632
6633
6686
6687
6688
6689
6690
6691
6692
6703
6704
6705
6706
6707
6708
6709
6710
6741
6742
6746
6747
6760
6761
6762
6763
6764
6765
6766
6767
6768
6769
6770
6771
6772
6773
6774
6818
6819
6820
6821
6822
6823
6824
6825
6826
6827
6828
6829
6830
6884
6885
6886
6887
6888
6889
6890
6891
6892
6893
6894
6895
6896
6897
6898
6899
6900
6901
6902
6903
6904
6905
6906
6907
6908
6909
6910
6911
6912
6913
6914
6957
6958
6959
6960
6961
6962
6963
6964
6965
6966
6967
6968
6969
7003
7004
7005
7006
7007
7008
7009
7010
7011
7012
7013
7014
7015
7016
7017
7018
7019
7047
7048
7049
7050
7051
7052
7053
7054
7055
7056
7078
7079
7080
7081
7082
7083
7091
7092
7093
7094
7108
7109
7110
7111
7112
7113
7114
7115
7116
7117
7118
7119
7120
7121
7139
7140
7141
7142
7143
7144
7145
7146
7147
7162
7163
7164
7165
7188
7189
7190
7191
7192
7193
7194
7201
7202
7203
7257
7258
7259
7260
7261
7262
7263
7277
7278
7279
7280
7281
7282
7295
7296
7362
7363
7364
7365
7411
7412
7413
7414
7441
7442
7443
7444
7445
7446
7491
7492
7493
7494
7495
7496
7497
7498
7499
7500
7501
7502
7503
7504
7505
7506
7507
7508
7509
7510
7511
7512
7513
7514
7521
7522
7523
7559
7560
7561
7562
7563
7564
7565
7566
7567
7568
7569
7570
7571
7572
7573
7574
7575
7583
7584
7594
7595
7596
7597
7598
7599
7600
7621
7622
7623
7624
7625
7626
7627
7628
7629
7630
7631
7639
7684
7685
7686
7687
7688
7689
7690
7691
7692
7693
7694
7695
7696
7697
7698
7699
7725
7726
7727
7728
7729
7768
7769
7770
7771
7772
7773
7774
7775
7778
7792
7793
7865
7866
7867
7868
7869
7870
7871
7872
7873
7874
7875
7876
7877
7878
7879
7880
7881
7882
7883
7884
7885
7886
7887
7888
7889
7890
7891
7892
7893
7894
7895
7973
7974
7975
7976
8065
8066
8245
8246
8247
8248
8249
8250
8251
8252
8253
8254
8255
8256
8257
8258
8259
8260
8261
8262
8263
8264
8265
8266
8267
8268
8269
8270
8271
8272
8273
8274
8275
8276
8277
8278
8279
8280
8281
8282
8283
8284
8285
8286
8287
8288
8289
8290
8291
8292
8293
8294
8295
8296
8297
8298
8299
8300
8301
8302
8303
8304
8305
8306
8357
8358
8359
8360
8361
8362
8363
8403
8413
8414
8415
8416
8417
8418
8424
8425
8426
8440
8441
8442
8443
8445
8450
8620
8621
8622
8623
8624
8625
8626
8627
8628
8629
8630
8631
8632
8633
8634
8635
8636
8637
8638
8639
8640
8641
8642
8643
8683
8684
8685
8686
8687
8688
8689
8690
8691
8692
8693
8694
8695
8696
8697
8698
8699
8700
8701
8702
8703
8769
8791
8792
8793
8794
8795
8796
8797
8798
8813
8814
8873
8874
8875
8876
8877
8906
8907
8908
8909
8910
8921
8922
8923
8924
8925
8943
8944
8945
8946
8947
8948
8954
8962
8963
8995
8996
8997
8998
8999
9000
9001
9020
9047
9048
9049
9050
9062
9084
9085
9249
9250
9251
9252
9253
9254
9255
9256
9257
9258
9259
9260
9261
9262
9263
9264
9265
9266
9267
9268
9269
9270
9271
9272
9273
9274
9275
9280
9281
9436
9437
9438
9439
9440
9441
9442
9443
9444
9445
9446
9447
9448
9449
9450
9451
9452
9453
9454
9455
9456
9457
9458
9459
9460
9489
9490
9491
9492
9493
9494
9495
9496
9497
9498
9538
9539
9540
9541
9542
9543
9564
9565
9566
9567
9568
9626
9627
9628
9629
9630
9631
9632
9633
9634
9635
9636
9637
9638
9639
9640
9668
9669
9670
9702
9703
9713
9729
9730
9731
9732
9761
9762
9763
9764
9765
9766
9767
9785
9786
9787
9788
9789
9790
9791
9792
9793
9861
9862
9863
9864
9865
9866
9867
9868
9869
9870
9871
9872
9873
9874
9875
9876
9877
9935
9936
9937
9938
9939
9940
9941
9942
9943
9944
9945
9946
9947
10038
10039
10040
10041
10067
10068
10069
10070
10071
10072
10073
10074
10103
10104
10105
10106
10107
10108
10109
10110
10154
10155
10156
10157
10158
10208
10209
10210
10211
10212
10213
10214
10215
10245
10246
10247
10248
10249
10250
10251
10252
10253
10279
10280
10281
10282
10283
10284
10285
10286
10287
10288
10289
10290
10291
10292
10293
10433
10434
10478
10479
10480
10481
10486
10530
10531
10532
10547
10548
10549
10598
10599
10600
10601
10602
10603
10604
10605
10606
10607
10608
10609
10610
10611
10612
10613
10614
10615
10616
10617
10618
10619
10620
10648
10649
10651
10746
10747
10748
10749
10750
10751
10752
10753
10754
10755
10756
10757
10758
10759
10760
10761
10762
10763
10764
10765
10766
10767
10768
10769
10770
10771
10772
10773
10774
10775
10776
10845
10846
10847
10848
10849
10850
10851
10852
10853
10854
10855
10856
10857
10858
10859
10860
10861
10862
10863
10864
10865
10866
10867
10868
10869
10870
10871
10872
10873
10874
10875
10876
10877
10931
10935
10967
10985
10986
10996
10997
10998
11007
11045
11046
11047
11048
11049
11050
11051
11102
11103
11104
11105
11106
11107
11108
11125
11126
11141
11142
11143
11144
11145
11146
11147
11148
11149
11150
11151
11152
11153
11154
11155
11156
11157
11158
11170
11171
11179
11180
11181
11182
11183
11184
11185
11186
11233
11234
11257
11258
11259
11260
11261
11262
11263
11264
11265
11266
11267
11268
11269
11270
11271
11272
11273
11274
11275
11276
11288
11289
11290
11291
11318
11319
11320
11321
11322
11323
11324
11325
11326
11327
11328
11329
11330
11337
11401
11402
11403
11404
11405
11406
11407
11408
11409
11410
11411
11412
11413
11414
11415
11416
11417
11418
11419
11420
11421
11422
11423
11424
11425
11426
11427
11428
11429
11430
11434
11521
11522
11523
11524
11525
11526
11527
11528
11529
11530
11531
11532
11533
11534
11535
11536
11537
11538
11539
11540
11541
11542
11543
11544
11545
11546
11547
11548
11549
11550
11551
11552
11553
11554
11555
11556
11557
11558
11559
11560
11561
11562
11563
11564
11565
11566
11567
11568
11569
11570
11571
11572
11573
11613
11614
11749
11750
11751
11752
11753
11754
11755
11756
11757
11758
11759
11760
11761
11762
11763
11764
11765
11766
11767
11768
11769
11770
11771
11772
11773
11774
11775
11776
11777
11778
11779
11874
11875
11876
11877
11878
11879
11880
11881
11882
11883
11884
11885
11886
11887
11888
11889
11890
11906
11927
11928
11929
11930
11931
11932
11933
11940
12042
12043
12044
12045
12046
12047
12144
12166
12167
12168
12169
12170
12171
12172
12173
12193
12194
12195
12196
12197
12222
12223
12224
12225
12226
12227
12228
12229
12230
12231
12232
12233
12234
12235
12236
12237
12238
12239
12241
12278
12279
12280
12281
12282
12283
12295
12296
12298
12337
12338
12339
12340
12341
12342
12343
12344
12345
12374
12375
12376
12377
12378
12382
12383
12384
12403
12404
12405
12406
12407
12408
12409
12410
12411
12412
12413
12414
12415
12416
12417
12418
12419
12420
12421
12422
12423
12424
12425
12436
12437
12438
12439
12440
12441
12442
12443
12444
12445
12446
12447
12448
12449
12450
12451
12452
12453
12454
12460
12461
12462
12463
12464
12465
12466
12467
12468
12469
12470
12471
12472
12473
12474
12475
12479
12480
12481
12482
12483
12484
12485
12486
12487
12512
12541
12542
12589
12590
12591
12592
12593
12594
12595
12596
12597
12598
12599
12600
12751
12752
12753
12754
12755
12756
12757
12758
12759
12760
12761
12762
12763
12764
12845
12891
12892
12893
12894
12895
12896
12897
12898
12899
12900
12901
12902
12903
12904
12905
12945
12946
12947
12948
12949
12950
12951
12952
12953
12954
12955
12956
13020
13021
13022
13049
13050
13051
13052
13053
13054
13055
13056
13057
13058
13082
13089
13105
13106
13111
13135
13136
13137
13138
13139
13168
13169
13170
13171
13172
13173
13174
13175
13313
13314
13315
13316
13317
13318
13319
13320
13321
13322
13323
13324
13325
13326
13327
13328
13329
13330
13331
13332
13344
13381
13382
13383
13384
13385
13386
13387
13446
13447
13448
13449
13450
13493
13516
13517
13518
13519
13520
13521
13522
13523
13524
13525
13569
13570
13571
13572
13573
13574
13575
13576
13577
13578
13603
13604
13605
13606
13607
13608
13609
13620
13677
13678
13679
13680
13700
13701
13702
13703
13704
13705
13706
13707
13725
13726
13727
13728
13761
13762
13763
13764
13765
13766
13767
13768
13780
13781
13782
13783
13784
13785
13786
13806
13886
14008
14009
14010
14011
14012
14013
14014
14015
14016
14017
14018
14019
14020
14049
14050
14051
14052
14053
14054
14055
14056
14057
14058
14059
14097
14114
14115
14116
14117
14118
14119
14120
14184
14185
14186
14187
14188
14236
14237
14238
14269
14294
14295
14296
14297
14298
14299
14300
14301
14302
14303
14304
14305
14391
14392
14393
14428
14429
14430
14431
14432
14433
14434
14435
14474
14475
14476
14477
14478
14479
14480
14488
14489
14522
14523
14524
14525
14526
14527
14528
14569
14570
14571
14572
14573
14574
14575
14576
14577
14578
14579
14580
14581
14582
14583
14627
14628
14629
14630
14631
14632
14633
14634
14635
14636
14637
14638
14639
14640
14641
14642
14643
14644
14645
14646
14647
14672
14673
14674
14675
14676
14677
14678
14730
14731
14732
14733
14734
14735
14736
14737
14738
14739
14740
14741
14742
14743
14744
14745
14746
14747
14748
14749
14750
14751
14829
14830
14894
14895
14896
14897
14898
14899
14900
14901
14902
14903
14904
14905
14906
14907
14908
14909
14910
14911
14912
14913
15000
15001
15002
15003
15004
15005
15006
15007
15008
15042
15043
15048
15049
15096
15097
15098
15100
15110
15111
15112
15113
15131
15132
15133
15134
15135
15136
15137
15138
15139
15163
15164
15165
15166
15167
15168
15238
15239
15313
15314
15315
15316
15317
15318
15402
15403
15404
15405
15406
15407
15408
15409
15410
15411
15412
15413
15414
15534
15535
15536
15537
15538
15539
15540
15541
15542
15543
15544
15545
15546
15547
15548
15549
15550
15551
15552
15553
15595
15621
15622
15623
15624
15625
15643
15644
15645
15646
15647
15648
15649
15650
15684
15702
15703
15704
15705
15706
15707
15708
15709
15710
15712
15727
15728
15729
15730
15731
15732
15733
15734
15735
15736
15737
15738
15739
15740
15741
15742
15743
15744
15775
15776
15777
15778
15779
15780
15781
15782
15844
15845
15846
15847
15851
15852
15853
15854
15855
15856
15857
15858
15859
15860
15890
15917
15918
15919
15920
15921
15922
15930
15931
15932
16020
16021
16022
16023
16024
16025
16026
16027
16028
16029
16041
16042
16114
16115
16116
16117
16118
16119
16120
16134
16187
16193
16201
16219
16220
16221
16239
16240
16241
16297
16298
16310
16311
16312
16329
16330
16331
16332
16333
16334
16335
16336
16337
16338
16339
16340
16341
16342
16343
16349
16350
16441
16442
16443
16444
16445
16446
16447
16448
16449
16450
16451
16452
16453
16454
16455
16456
16457
16458
16459
16460
16461
16462
16463
16464
16465
16466
16501
16502
16503
16504
16505
16506
16510
16546
16547
16548
16658
16659
16660
16661
16662
16663
16664
16665
16666
16667
16668
16669
16670
16671
16746
16747
16748
16749
16750
16751
16752
16753
16792
16793
16794
16797
16899
16974
17005
17006
17007
17008
17009
17010
17011
17012
17013
17065
17066
17067
17068
17069
17070
17071
17072
17073
17074
17075
17076
17077
17078
17079
17080
17081
17082
17083
17084
17085
17086
17098
17099
17100
17101
17102
17103
17104
17105
17161
17162
17163
17164
17165
17166
17167
17168
17169
17170
17171
17172
17173
17174
17175
17176
17177
17178
17179
17180
17181
17182
17183
17184
17185
17186
17187
17188
17190
17191
17192
17218
17219
17220
17221
17222
17223
17224
17225
17226
17227
17228
17229
17230
17231
17296
17297
17330
17333
17334
17335
17336
17369
17379
17399
17400
17401
17402
17403
17404
17405
17406
17407
17408
17409
17410
17411
17412
17481
17482
17483
17484
17485
17486
17487
17488
17489
17490
17491
17492
17493
17494
17530
17531
17532
17533
17534
17535
17536
17537
17538
17605
17606
17607
17608
17609
17610
17611
17612
17613
17614
17615
17616
17617
17618
17619
17620
17735
17736
17737
17738
17739
17740
17741
17742
17793
17794
17795
17796
17797
17798
17799
17800
17801
17802
17803
17804
17805
17806
17807
17808
17809
17810
17811
17826
17827
17875
17876
17877
17878
17879
17881
17913
17914
17915
17916
17917
17918
17960
17961
17962
18076
18077
18078
18079
18110
18111
18112
18113
18114
18115
18116
18117
18118
18119
18120
18121
18122
18123
18124
18125
18126
18127
18128
18129
18130
18131
18132
18133
18134
18135
18136
18137
18138
18139
18140
18141
18142
18143
18144
18145
18146
18147
18148
18177
18178
18179
18180
18181
18182
18183
18184
18185
18186
18187
18188
18189
18190
18210
18211
18212
18213
18214
18215
18216
18217
18218
18263
18264
18265
18266
18267
18268
18269
18270
18271
18272
18273
18274
18309
18310
18311
18312
18313
18314
18347
18348
18349
18350
18351
18352
18353
18355
18378
18379
18380
18381
18382
18383
18384
18385
18386
18387
18388
18389
18390
18391
18392
18393
18394
18395
18396
18420
18421
18422
18423
18424
18425
18426
18427
18428
18429
18430
18431
18432
18433
18434
18467
18468
18469
18470
18471
18472
18473
18474
18475
18476
18477
18485
18520
18521
18522
18523
18524
18533
18586
18587
18588
18589
18590
18591
18592
18593
18594
18595
18596
18597
18598
18599
18600
18601
18602
18603
18604
18605
18606
18607
18608
18609
18610
18611
18612
18613
18614
18615
18616
18617
18618
18619
18620
18621
18622
18623
18624
18625
18626
18693
18694
18695
18696
18697
18698
18699
18700
18701
18702
18703
18704
18705
18706
18707
18708
18709
18711
18715
18716
18717
18718
18779
18780
18781
18782
18783
18784
18785
18786
18787
18788
18789
18790
18791
18792
18793
18794
18795
18796
18797
18798
18799
18858
18859
18860
18861
18862
18863
18864
18865
18909
18910
18911
18912
18913
18914
18915
18916
18917
18918
18919
18920
18921
18922
18923
18924
18925
18926
18927
18928
18929
18964
18965
18966
18967
18968
18969
18970
18971
18972
18973
18974
18975
18976
18977
18978
18979
18980
18981
18982
18983
18984
18985
18986
18989
18990
19017
19018
19019
19020
19021
19022
19023
19024
19025
19026
19027
19028
19029
19055
19056
19057
19058
19059
19060
19061
19088
19089
19090
19091
19092
19093
19094
19095
19096
19156
19157
19158
19159
19160
19161
19236
19237
19238
19239
19240
19241
19242
19252
19307
19308
19309
19310
19311
19312
19313
19314
19452
19453
19454
19455
19456
19457
19458
19459
19460
19512
19513
19514
19515
19516
19517
19518
19541
19551
19576
19577
19578
19579
19580
19581
19613
19614
19615
19616
19617
19618
19619
19620
19664
19665
19666
19667
19668
19669
19705
19706
19707
19708
19739
19740
19741
19767
19779
19780
19781
19815
19816
19817
19818
19819
19820
19821
19822
19823
19824
19825
19826
19827
19828
19829
19830
19831
19832
19833
19856
19857
19858
19859
19860
19861
19862
19863
19864
19865
19866
19867
19868
19869
19870
19888
19889
19890
19891
19892
19895
19896
19910
19911
19912
19913
19914
19915
19916
19917
19918
19919
19928
19929
19930
19931
19932
19933
19934
19935
19936
19937
19938
20050
20051
20052
20053
20054
20055
20056
20057
20058
20059
20060
20061
20062
20131
20132
20133
20134
20135
20136
20137
20179
20180
20181
20182
20183
20184
20185
20186
20187
20188
20189
20190
20191
20192
20193
20204
20205
20206
20207
20208
20209
20210
20211
20212
20213
20214
20215
20216
20217
20218
20219
20220
20221
20222
20223
20224
20225
20226
20227
20228
20406
20407
20408
20409
20410
20411
20412
20413
20422
20423
20424
20425
20426
20427
20428
20429
20430
20431
20432
20525
20526
20527
20528
20529
20530
20531
20532
20533
20534
20535
20536
20537
20538
20539
20540
20541
20542
20543
20544
20545
20546
20547
20548
20549
20550
20551
20552
20553
20554
20555
20556
20557
20558
20559
20560
20561
20562
20563
20564
20565
20566
20567
20569
20598
20599
20600
20601
20602
20603
20604
20605
20616
20617
20618
20619
20620
20621
20622
20623
20624
20625
20626
20627
20628
20629
20630
20631
20632
20733
20734
20735
20736
20737
20738
20739
20740
20741
20742
20743
20744
20745
20803
20804
20805
20806
20807
20808
20809
20810
20811
20812
20813
20814
20815
20816
20884
20885
20886
20887
20888
20889
20890
20891
20892
20893
20894
20895
20896
20897
20898
20899
20900
20901
20902
20903
20904
20905
20906
20907
20908
20909
20929
20963
21001
21038
21039
21040
21041
21042
21043
21044
21065
21066
21067
21068
21069
21070
21071
21072
21073
21074
21075
21076
21077
21078
21079
21080
21081
21082
21083
21093
21094
21095
21096
21097
21098
21099
21100
21101
21125
21126
21127
21128
21147
21148
21177
21178
21179
21180
21205
21206
21207
21208
21211
21212
21213
21224
21225
21226
21227
21228
21229
21230
21231
21232
21233
21234
21236
21243
21244
21245
21246
21247
21248
21249
21250
21251
21266
21267
21321
21322
21323
21324
21325
21326
21327
21328
21329
21380
21381
21382
21383
21384
21385
21386
21387
21388
21389
21390
21391
21392
21393
21394
21395
21396
21397
21398
21401
21437
21438
21439
21440
21441
21442
21443
21529
21565
21566
21567
21568
21569
21570
21571
21572
21588
21589
21590
21591
21614
21615
21616
21617
21618
21619
21620
21621
21715
21716
21717
21718
21737
21738
21739
21740
21741
21742
21743
21744
21745
21746
21747
21748
21749
21750
21751
21752
21753
21754
21787
21788
21789
21790
21792
21793
21816
21817
21818
21819
21820
21821
21822
21823
21824
21825
21826
21832
21847
21848
21849
21850
21931
21932
21933
21934
21935
21936
21937
21938
21995
21996
21997
21998
21999
22000
22001
22002
22003
22004
22005
22014
22015
22018
22036
22037
22038
22039
22040
22041
22042
22043
22044
22045
22046
22047
22048
22082
22083
22084
22085
22086
22123
22124
22125
22126
22127
22128
22129
22130
22178
22179
22183
22184
22195
22196
22210
22226
22227
22228
22229
22230
22231
22232
22233
22234
22235
22236
22237
22238
22239
22240
22241
22242
22243
22244
22245
22246
22247
22248
22249
22250
22251
22252
22253
22254
22255
22256
22257
22258
22259
22260
22261
22262
22263
22277
22278
22279
22280
22281
22282
22283
22284
22285
22286
22287
22288
22289
22290
22291
22292
22293
22294
22295
22296
22314
22315
22316
22317
22318
22319
22320
22321
22322
22323
22324
22325
22326
22327
22328
22329
22330
22331
22332
22333
22334
22335
22336
22337
22338
22339
22340
22341
22342
22343
22344
22345
22346
22347
22348
22349
22350
22351
22352
22366
22367
22368
22369
22370
22371
22372
22373
22374
22375
22376
22377
22378
22379
22380
22381
22382
22383
22435
22436
22437
22438
22439
22440
22441
22442
22443
22444
22445
22450
22494
22495
22496
22497
22498
22499
22500
22501
22502
22503
22504
22505
22506
22507
22508
22509
22510
22511
22512
22513
22514
22515
22516
22550
22551
22552
22553
22554
22555
22556
22557
22558
22607
22608
22609
22610
22611
22612
22613
22742
22743
22744
22745
22746
22747
22748
22749
22750
22751
22752
22753
22754
22755
22756
22757
22758
22759
22802
22803
22804
22805
22806
22807
22808
22822
22823
22824
22825
22872
22873
22874
22875
22876
22877
22878
22893
22924
22925
22926
22927
22928
22929
22930
22931
22932
22933
22934
22935
22936
22937
22938
22939
22983
22984
22985
23017
23018
23019
23020
23021
23022
23023
23024
23025
23026
23027
23028
23040
23041
23080
23081
23082
23083
23084
23085
23086
23087
23088
23089
23090
23091
23092
23093
23094
23095
23096
23097
23098
23099
23100
23101
23102
23103
23104
23105
23106
23107
23108
23117
23118
23119
23120
23136
23137
23138
23139
23140
23141
23142
23148
23200
23220
23221
23222
23223
23224
23225
23226
23227
23228
23229
23230
23231
23244
23245
23383
23384
23385
23386
23387
23388
23389
23390
23391
23392
23393
23394
23395
23396
23397
23398
23399
23400
23401
23402
23403
23404
23405
23406
23407
23448
23449
23450
23460
23470
23471
23510
23511
23512
23513
23514
23515
23516
23517
23525
23526
23527
23528
23603
23604
23605
23606
23607
23608
23609
23610
23651
23652
23653
23654
23655
23656
23657
23658
23659
23680
23681
23682
23683
23684
23685
23686
23693
23694
23695
23696
23697
23727
23728
23729
23730
23731
23732
23752
23753
23754
23755
23756
23757
23758
23808
23809
23810
23811
23812
23813
23814
23815
23817
23894
23920
23928
23929
23930
23991
23992
24028
24029
24030
24031
24032
24033
24034
24035
24040
24057
24060
24061
24062
24097
24098
24099
24100
24101
24127
24128
24129
24130
24131
24132
24186
24187
24188
24189
24190
24191
24192
24193
24194
24195
24220
24221
24222
24223
24224
24225
24226
24228
24251
24252
24303
24304
24305
24306
24307
24308
24309
24310
24311
24312
24313
24391
24392
24463
24464
24465
24466
24467
24468
24469
24470
24471
24472
24473
24474
24491
24492
24493
24494
24541
24542
24543
24576
24577
24578
24579
24580
24581
24617
24618
24619
24620
24621
24622
24644
24645
24646
24663
24664
24665
24666
24667
24668
24781
24782
24783
24784
24785
24786
24787
24788
24789
24790
24792
24808
24809
24810
24811
24812
24813
24817
24827
24828
24829
24830
24850
24851
24852
24853
24854
24855
24856
24857
24858
24869
24870
24871
24872
24873
24874
24875
24876
24877
24878
24879
24880
24881
24942
24943
24944
24945
24946
24984
24985
24986
24987
24988
24989
24990
24991
25000
25023
25024
25050
25052
25107
25108
25109
25110
25111
25112
25113
25114
25115
25116
25117
25118
25119
25120
25121
25172
25173
25174
25175
25176
25177
25178
25179
25181
25191
25192
25193
25194
25195
25196
25197
25198
25199
25200
25201
25202
25203
25211
25212
25245
25246
25247
25248
25249
25250
25298
25299
25300
25321
25322
25343
25344
25345
25346
25347
25348
25349
25350
25351
25393
25394
25395
25396
25397
25398
25399
25400
25401
25402
25403
25404
25405
25406
25407
25408
25409
25410
25411
25412
25413
25414
25415
25416
25417
25418
25419
25453
25454
25455
25469
25470
25471
25472
25506
25507
25508
25552
25577
25578
25579
25580
25581
25582
25583
25613
25614
25615
25616
25617
25618
25649
25650
25655
25656
25663
25690
25692
25747
25748
25749
25750
25751
25752
25753
25754
25755
25756
25757
25797
25798
25799
25800
25801
25802
25818
25819
25820
25821
25884
25885
25886
25887
25888
25889
25890
25891
25892
25893
25894
25896
25916
25917
25918
25919
25920
25921
25922
25923
25924
25953
25954
25955
25956
25957
25958
25959
25960
25961
25962
25963
25964
25965
25966
25967
25968
25969
25970
25971
25972
25992
25993
25994
26033
26034
26035
26036
26037
26038
26039
26040
26041
26042
26043
26044
26045
26046
26047
26048
26075
26076
26077
26078
26079
26080
26081
26084
26150
26196
26197
26198
26199
26200
26201
26202
26203
26204
26205
26206
26207
26216
26217
26218
26226
26227
26228
26253
26254
26255
26256
26257
26258
26276
26277
26278
26279
26280
26281
26442
26443
26444
26445
26446
26447
26448
26449
26454
26456
26457
26458
26481
26482
26483
26484
26485
26486
26487
26488
26511
26512
26513
26514
26515
26516
26517
26518
26519
26538
26539
26540
26541
26542
26543
26544
26545
26546
26565
26566
26567
26568
26569
26570
26571
26572
26583
26584
26585
26586
26589
26590
26591
26592
26597
26598
26599
26600
26659
26660
26661
26662
26663
26664
26665
26666
26667
26668
26669
26721
26722
26723
26724
26725
26747
26763
26764
26794
26795
26819
26820
26823
