4
5
6
7
8
9
22
23
24
25
26
27
28
29
30
55
56
57
58
59
60
61
62
67
68
72
73
74
75
87
118
119
125
126
127
128
129
130
131
132
133
134
146
147
148
149
164
166
167
168
169
170
171
172
173
174
175
176
193
194
195
201
202
203
204
205
206
207
217
218
219
220
221
222
266
271
272
273
274
275
303
305
313
314
315
316
317
332
333
334
335
336
337
354
379
380
381
382
383
384
386
387
388
389
390
410
416
417
418
419
420
421
422
429
430
431
432
433
434
435
436
437
438
441
442
511
512
513
514
515
516
517
518
519
520
521
575
576
580
581
582
583
584
585
586
587
588
589
599
600
601
602
619
620
621
622
623
624
625
626
627
628
629
638
645
646
647
661
662
663
664
665
674
675
676
677
678
679
680
696
697
698
699
700
701
702
703
704
718
719
720
721
722
723
724
725
730
731
744
745
765
766
767
768
769
774
775
776
777
797
798
799
800
801
802
803
804
805
806
807
808
871
872
873
885
886
887
891
892
893
894
895
896
898
963
964
965
971
991
992
1003
1004
1005
1036
1037
1038
1039
1055
1056
1062
1063
1064
1065
1066
1069
1070
1081
1082
1083
1084
1087
1088
1091
1092
1108
1109
1110
1111
1112
1113
1114
1115
1116
1117
1118
1119
1120
1121
1122
1123
1124
1125
1126
1127
1128
1129
1131
1132
1133
1134
1135
1136
1137
1138
1139
1140
1141
1151
1152
1153
1154
1155
1156
1157
1158
1159
1160
1161
1162
1163
1164
1165
1169
1185
1186
1191
1194
1196
1199
1200
1201
1202
1203
1204
1207
1208
1209
1210
1225
1233
1236
1237
1238
1239
1240
1241
1242
1243
1244
1247
1248
1254
1255
1264
1265
1266
1267
1268
1287
1302
1303
1304
1305
1306
1307
1308
1311
1312
1322
1323
1324
1325
1326
1327
1328
1329
1349
1350
1351
1352
1353
1365
1366
1367
1368
1369
1370
1371
1372
1416
1419
1462
1463
1464
1465
1471
1520
1526
1527
1528
1529
1542
1543
1544
1545
1546
1547
1548
1575
1576
1577
1578
1579
1580
1581
1582
1583
1616
1622
1623
1624
1625
1626
1627
1628
1629
1630
1631
1632
1633
1634
1635
1650
1651
1652
1653
1675
1676
1677
1678
1679
1680
1681
1682
1683
1688
1689
1690
1691
1725
1726
1727
1749
1750
1760
1761
1762
1785
1786
1787
1788
1789
1790
1823
1824
1825
1826
1827
1828
1829
1831
1832
1833
1834
1835
1838
1853
1854
1855
1856
1857
1858
1859
1860
1861
1862
1863
1864
1865
1866
1867
1868
1869
1870
1871
1872
1873
1874
1875
1876
1877
1878
1879
1897
1898
1899
1900
1901
1902
1922
1923
1924
1925
1926
1930
1931
1947
1948
1949
1983
1984
1985
1986
1987
1988
1989
2002
2003
2004
2005
2006
2007
2008
2067
2068
2069
2070
2071
2073
2074
2079
2098
2121
2127
2128
2129
2130
2131
2147
2174
2175
2182
2183
2184
2185
2194
2195
2201
2202
2203
2204
2214
2215
2216
2217
2227
2228
2229
2230
2231
2232
2233
2234
2235
2236
2245
2246
2247
2255
2256
2257
2258
2259
2266
2267
2273
2274
2275
2276
2277
2278
2279
2286
2287
2288
2294
2295
2296
2308
2318
2319
2325
2328
2381
2382
2383
2384
2385
2386
2387
2426
2427
2428
2429
2430
2433
2448
2449
2450
2451
2452
2453
2454
2461
2462
2463
2464
2465
2466
2467
2468
2469
2470
2471
2472
2482
2497
2498
2499
2500
2501
2502
2503
2504
2505
2506
2507
2523
2524
2525
2526
2527
2528
2529
2568
2569
2570
2571
2607
2608
2609
2610
2611
2612
2613
2614
2615
2616
2617
2618
2619
2620
2621
2633
2634
2635
2636
2637
2638
2658
2659
2660
2661
2662
2663
2664
2665
2666
2667
2668
2669
2670
2671
2672
2681
2691
2692
2693
2694
2695
2696
2697
2698
2699
2700
2701
2702
2703
2704
2705
2706
2707
2708
2709
2710
2711
2712
2713
2714
2715
2716
2734
2735
2736
2737
2738
2739
2740
2741
2742
2743
2815
2816
2817
2818
2819
2820
2831
2832
2843
2844
2845
2856
2865
2886
2890
2891
2892
2896
2907
2908
2909
2910
2911
2912
2913
2928
2929
2934
2935
2936
2937
2938
2939
2956
2957
2958
2959
2960
2961
2962
2963
2964
2965
2966
2967
2968
2969
2970
2979
2980
2981
2982
2983
2984
2985
2986
2996
3000
3002
3003
3004
3005
3006
3007
3008
3009
3010
3011
3012
3035
3036
3037
3038
3039
3040
3041
3053
3054
3055
3056
3057
3060
3063
3073
3074
3075
3076
3098
3099
3100
3108
3109
3113
3114
3115
3116
3117
3118
3119
3120
3121
3127
3141
3145
3146
3147
3148
3149
3150
3151
3152
3153
3154
3155
3156
3160
3161
3162
3169
3170
3184
3185
3186
3187
3188
3189
3190
3191
3192
3193
3194
3195
3196
3225
3226
3227
3228
3229
3230
3231
3234
3235
3236
3237
3280
3281
3282
3283
3284
3290
3293
3294
3303
3311
3312
3362
3363
3389
3390
3399
3400
3401
3402
3420
3421
3422
3427
3428
3429
3430
3431
3441
3442
3443
3444
3451
3452
3453
3454
3455
3456
3457
3458
3459
3460
3461
3472
3478
3479
3480
3481
3482
3505
3506
3507
3509
3513
3516
3534
3535
3536
3537
3538
3539
3540
3541
3542
3543
3544
3545
3546
3547
3548
3549
3550
3551
3552
3553
3554
3604
3605
3606
3607
3608
3637
3638
3649
3650
3651
3652
3653
3660
3661
3662
3663
3664
3665
3666
3669
3670
3671
3672
3673
3674
3676
3677
3678
3680
3681
3682
3683
3684
3685
3686
3687
3688
3689
3690
3691
3692
3693
3694
3695
3696
3697
3698
3699
3700
3708
3722
3723
3724
3725
3726
3727
3728
3729
3730
3731
3732
3744
3745
3746
3747
3748
3749
3750
3751
3752
3754
3755
3756
3757
3758
3759
3760
3761
3762
3763
3764
3784
3785
3786
3787
3788
3789
3790
3791
3792
3805
3806
3807
3809
3810
3811
3812
3813
3814
3815
3819
3825
3826
3827
3828
3829
3830
3842
3843
3852
3856
3857
3858
3859
3860
3861
3862
3875
3876
3877
3893
3894
3895
3896
3906
3912
3913
3917
3918
3919
3920
3926
3934
3935
3936
3945
3958
3968
3974
3985
3986
3987
3988
3989
3990
3991
3992
3993
3994
3995
4065
4066
4067
4068
4069
4070
4071
4072
4073
4074
4075
4076
4089
4090
4091
4092
4109
4110
4111
4112
4113
4114
4115
4116
4117
4118
4120
4121
4132
4133
4134
4146
4147
4148
4149
4150
4151
4152
4153
4154
4172
4200
4201
4202
4225
4226
4227
4228
4241
4242
4243
4244
4245
4246
4247
4248
4249
4250
4251
4255
4256
4257
4258
4259
4262
4268
4269
4270
4271
4272
4273
4295
4296
4297
4298
4299
4300
4301
4319
4320
4321
4322
4323
4324
4337
4345
4346
4347
4348
4349
4468
4469
4470
4471
4472
4485
4492
4493
4494
4495
4496
4497
4498
4499
4500
4502
4503
4507
4508
4509
4510
4515
4523
4524
4525
4526
4527
4532
4533
4537
4538
4551
4552
4553
4556
4557
4558
4576
4577
4578
4579
4580
4592
4593
4594
4595
4596
4597
4647
4648
4649
4650
4651
4652
4653
4654
4655
4656
4657
4707
4708
4709
4710
4711
4712
4713
4719
4729
4730
4731
4732
4736
4737
4738
4739
4740
4741
4742
4743
4744
4745
4747
4748
4749
4755
4760
4761
4772
4773
4782
4783
4784
4785
4786
4787
4792
4793
4794
4801
4802
4803
4807
4893
4894
4895
4896
4897
4898
4922
4923
4924
4925
4926
4937
4956
4957
4978
4979
4981
4989
4990
4991
4992
4993
5022
5031
5032
5033
5034
5035
5058
5059
5068
5069
5070
5071
5072
5073
5074
5075
5076
5083
5084
5086
5087
5088
5091
5101
5102
5103
5104
5105
5106
5107
5108
5124
5125
5126
5137
5138
5139
5140
5141
5142
5143
5144
5145
5147
5148
5149
5150
5151
5152
5153
5163
5164
5165
5166
5167
5168
5174
5183
5184
5225
5226
5227
5228
5229
5230
5231
5232
5233
5234
5235
5236
5237
5238
5248
5249
5250
5251
5267
5268
5269
5270
5271
5272
5273
5274
5275
5276
5277
5278
5279
5280
5287
5288
5289
5290
5300
5301
5302
5303
5304
5305
5306
5307
5308
5309
5310
5328
5329
5330
5331
5332
5336
5337
5338
5339
5358
5359
5360
5361
5362
5363
5364
5365
5388
5389
5390
5391
5432
5433
5434
5435
5436
5437
5465
5466
5467
5468
5472
5473
5477
5478
5479
5480
5481
5482
5507
5508
5509
5510
5511
5512
5541
5542
5543
5544
5545
5546
5547
5548
5549
5550
5551
5552
5553
5554
5569
5570
5571
5572
5573
5574
5575
5640
5641
5642
5643
5647
5649
5653
5655
5662
5663
5664
5665
5666
5667
5668
5669
5671
5722
5723
5738
5739
5751
5752
5753
5754
5755
5756
5757
5758
5777
5778
5782
5785
5786
5787
5788
5789
5791
5792
5793
5794
5799
5800
5811
5812
5813
5814
5815
5826
5827
5828
5829
5830
5847
5848
5849
5850
5851
5852
5853
5854
5855
5922
5923
5924
5925
5926
5927
5928
5929
5930
5931
5939
5940
5941
5942
5943
5944
5945
5946
6004
6005
6006
6007
6008
6023
6024
6025
6026
6027
6028
6029
6030
6031
6032
6120
6121
6122
6123
6124
6125
6126
6127
6128
6180
6181
6182
6184
6185
6186
6187
6188
6189
6190
6253
6254
6256
6257
6266
6267
6268
6269
6270
6271
6272
6273
6274
6288
6289
6290
6291
6292
6293
6294
6295
6296
6310
6311
6313
6314
6315
6316
6317
6318
6319
6320
6329
6330
6331
6332
6333
6334
6335
6337
6338
6339
6348
6349
6351
6352
6353
6363
6364
6365
6366
6367
6368
6369
6370
6371
6372
6373
6374
6375
6376
6377
6388
6389
6390
6391
6392
6393
6394
6395
6479
6480
6481
6482
6483
6484
6506
6507
6508
6509
6552
6553
6554
6555
6556
6557
6558
6559
6568
6569
6572
6621
6622
6629
6630
6631
6632
6633
6680
6681
6682
6683
6684
6685
6710
6722
6723
6724
6725
6726
6733
6750
6751
6752
6759
6767
6768
6769
6770
6798
6799
6800
6801
6802
6803
6804
6805
6818
6819
6820
6821
6822
6823
6824
6825
6826
6827
6828
6829
6830
6843
6844
6853
6854
6855
6856
6857
6858
6859
6860
6861
6897
6898
6899
6900
6901
6902
6903
6904
6905
6906
6907
6908
6909
6921
6922
6923
6924
6925
6926
6927
6976
6977
6978
6979
6980
6981
6982
6983
6984
7000
7015
7016
7017
7018
7019
7023
7024
7025
7026
7027
7054
7066
7067
7068
7069
7070
7071
7072
7073
7074
7075
7076
7077
7078
7079
7080
7081
7082
7083
7095
7104
7105
7106
7107
7113
7114
7115
7116
7117
7130
7131
7132
7133
7134
7135
7136
7137
7138
7165
7180
7188
7189
7190
7191
7192
7193
7194
7196
7197
7216
7217
7218
7219
7220
7221
7222
7223
7264
7265
7272
7273
7274
7275
7276
7277
7278
7279
7280
7281
7282
7289
7290
7291
7292
7293
7294
7295
7296
7352
7353
7354
7355
7356
7357
7358
7359
7360
7361
7385
7386
7409
7410
7425
7426
7427
7433
7434
7435
7436
7437
7438
7439
7441
7442
7443
7444
7447
7448
7449
7450
7451
7452
7453
7454
7455
7456
7457
7458
7460
7461
7462
7463
7464
7465
7466
7467
7468
7469
7470
7471
7472
7473
7474
7475
7476
7491
7515
7516
7517
7518
7519
7520
7524
7525
7526
7527
7528
7529
7530
7531
7532
7533
7534
7535
7536
7537
7538
7539
7540
7541
7542
7543
7544
7545
7546
7547
7548
7557
7558
7585
7586
7587
7588
7589
7590
7591
7592
7601
7602
7603
7604
7605
7606
7607
7608
7609
7610
7611
7612
7613
7614
7632
7633
7634
7635
7636
7637
7638
7640
7651
7652
7653
7654
7655
7656
7657
7658
7659
7660
7680
7681
7682
7683
7685
7711
7712
7713
7714
7715
7724
7739
7740
7741
7742
7743
7744
7745
7746
7747
7767
7777
7779
7780
7781
7789
7790
7791
7809
7814
7815
7856
7877
7878
7879
7887
7888
7889
7890
7891
7892
7893
7894
7895
7945
7946
7947
7948
7962
7963
7964
7965
7966
7967
7969
8021
8045
8046
8047
8048
8049
8058
8062
8081
8122
8123
8124
8125
8126
8127
8128
8163
8164
8165
8166
8167
8168
8169
8170
8171
8172
8173
8211
8224
8225
8226
8227
8228
8229
8230
8231
8232
8233
8234
8235
8236
8284
8285
8286
8287
8288
8289
8290
8319
8329
8340
8341
8342
8343
8344
8345
8358
8393
8394
8395
8403
8405
8406
8408
8409
8414
8415
8416
8417
8418
8435
8449
8454
8455
8456
8457
8458
8468
8482
8483
8493
8494
8495
8496
8497
8498
8499
8500
8501
8507
8508
8509
8510
8511
8512
8513
8514
8515
8516
8517
8542
8543
8544
8563
8564
8565
8566
8567
8568
8569
8570
8575
8576
8577
8578
8589
8590
8591
8612
8613
8614
8627
8636
8637
8638
8639
8640
8641
8642
8643
8654
8655
8701
8702
8703
8726
8727
8728
8729
8730
8731
8754
8755
8756
8757
8758
8773
8774
8778
8779
8780
8781
8798
8805
8810
8814
8832
8833
8834
8835
8836
8861
8862
8863
8864
8865
8866
8867
8868
8869
8887
8902
8903
8904
8905
8919
8920
8926
8927
8934
8935
8936
8946
8953
8955
8956
8957
8958
8963
8972
8973
8974
8975
8986
8987
9056
9100
9101
9142
9143
9144
9145
9146
9147
9148
9180
9181
9182
9183
9184
9185
9218
9234
9235
9236
9237
9238
9239
9240
9241
9242
9243
9244
9245
9246
9247
9248
9281
9340
9341
9342
9343
9344
9370
9371
9372
9373
9374
9375
9406
9407
9421
9422
9423
9424
9425
9426
9427
9428
9429
9430
9431
9432
9433
9459
9460
9463
9464
9465
9469
9470
9471
9472
9473
9474
9475
9476
9477
9495
9496
9497
9498
9518
9519
9520
9521
9522
9523
9524
9525
9526
9527
9528
9551
9552
9553
9554
9555
9558
9564
9594
9595
9596
9597
9602
9603
9604
9605
9606
9607
9608
9609
9610
9611
9633
9634
9635
9636
9637
9638
9639
9642
9643
9644
9645
9646
9647
9648
9660
9664
9669
9670
9671
9672
9673
9674
9675
9676
9677
9683
9684
9685
9686
9693
9694
9695
9696
9697
9702
9703
9704
9725
9726
9739
9743
9754
9755
9756
9757
9758
9759
9760
9779
9780
9781
9782
9800
9801
9802
9803
9820
9821
9877
9972
9973
9974
9975
9981
9982
9983
10008
10009
10010
10011
10012
10013
10014
10015
10024
10025
10026
10027
10028
10029
10030
10031
10042
10043
10045
10046
10047
10048
10050
10051
10052
10053
10054
10055
10056
10071
10072
10073
10074
10076
10077
10078
10084
10085
10086
10087
10088
10134
10135
10146
10147
10148
10149
10150
10151
10152
10153
10159
10160
10161
10162
10163
10164
10165
10169
10170
10171
10172
10173
10174
10175
10178
10189
10190
10191
10192
10193
10216
10217
10218
10219
10223
10224
10225
10226
10227
10228
10229
10230
10231
10232
10251
10252
10253
10254
10255
10256
10265
10271
10272
10273
10290
10337
10338
10339
10340
10341
10342
10360
10445
10446
10536
10653
10654
10655
10656
10657
10658
10659
10660
10661
10662
10682
10683
10684
10685
10686
10687
10688
10689
10690
10691
10696
10731
10732
10733
10734
10776
10784
10803
10804
10805
10806
10807
10808
10809
10810
10811
10812
10813
10814
10865
10866
10867
10868
10869
10903
10904
10905
10906
10907
10908
10922
10923
10924
10927
10931
10932
10939
10940
10941
10942
10943
10961
10962
10969
10970
10983
10988
10989
10996
10997
10998
11006
11008
11015
11016
11017
11034
11035
11036
11037
11038
11039
11040
11041
11042
11052
11072
11073
11093
11094
11095
11096
11097
11098
11099
11100
11101
11114
11115
11116
11122
11182
11183
11184
11185
11186
11247
11248
11249
11264
11265
11266
11267
11268
11269
11270
11271
11272
11273
11274
11275
11276
11281
11282
11293
11294
11295
11298
11299
11300
11301
11302
11303
11304
11305
11306
11307
11326
11327
11328
11329
11336
11360
11374
11375
11390
11391
11392
11393
11394
11395
11396
11421
11422
11423
11424
11471
11472
11473
11474
11475
11476
11510
11511
11512
11542
11543
11544
11545
11546
11547
11578
11579
11604
11605
11606
11607
11608
11624
11638
11639
11640
11646
11647
11648
11649
11650
11651
11652
11653
11654
11677
11678
11679
11680
11681
11682
11683
11684
11685
11686
11691
11692
11693
11724
11725
11726
11727
11728
11729
11730
11731
11791
11792
11793
11794
11795
11804
11805
11806
11807
11840
11841
11842
11843
11897
11898
11899
11907
11908
11909
11910
11911
11912
11913
11914
11915
11916
11932
11933
11934
11935
11977
11978
12028
12029
12030
12031
12032
12033
12034
12068
12153
12159
12178
12185
12241
12246
12247
12248
12249
12250
12251
12252
12253
12267
12268
12269
12270
12271
12272
12273
12274
12275
12276
12277
12283
12285
12286
12287
12299
12302
12303
12304
12305
12306
12307
12308
12309
12326
12327
12328
12329
12330
12331
12332
12333
12334
12335
12336
12337
12344
12345
12346
12348
12349
12350
12351
12352
12353
12354
12355
12356
12366
12367
12368
12369
12370
12371
12372
12373
12378
12379
12380
12384
12385
12390
12391
12392
12393
12394
12395
12396
12397
12408
12409
12410
12411
12412
12413
12414
12415
12416
12417
12428
12429
12430
12431
12432
12439
12440
12441
12442
12443
12444
12445
12446
12447
12455
12456
12457
12458
12464
12465
12466
12467
12468
12469
12476
12477
12478
12481
12482
12483
12484
12498
12499
12500
12501
12502
12518
12519
12553
12576
12591
12592
12593
12594
12595
12596
12597
12611
12612
12613
12614
12615
12616
12617
12618
12619
12620
12621
12622
12667
12668
12669
12670
12693
12694
12695
12696
12697
12698
12699
12700
12709
12710
12711
12712
12713
12714
12715
12721
12722
12723
12724
12755
12756
12757
12758
12759
12760
12774
12775
12776
12777
12778
12779
12780
12823
12824
12825
12826
12827
12828
12829
12849
12858
12891
12892
12893
12894
12895
12896
12897
12898
12899
12900
12901
12902
12903
12904
12910
12911
12930
12938
12939
12940
12941
12942
12943
12944
12951
12952
12953
12954
12956
13020
13021
13022
13031
13032
13049
13050
13051
13052
13053
13054
13055
13070
13071
13072
13073
13082
13090
13091
13112
13113
13114
13119
13126
13127
13128
13140
13147
13148
13149
13150
13151
13152
13175
13176
13177
13182
13183
13212
13213
13214
13221
13222
13223
13224
13225
13226
13227
13228
13235
13236
13237
13238
13239
13240
13241
13242
13263
13264
13265
13266
13267
13268
13269
13270
13271
13272
13273
13274
13339
13340
13344
13382
13383
13384
13393
13394
13402
13403
13404
13405
13406
13407
13408
13409
13410
13411
13418
13426
13437
13438
13453
13454
13455
13456
13457
13458
13459
13460
13461
13462
13463
13464
13465
13466
13467
13468
13469
13473
13474
13475
13476
13477
13478
13479
13480
13481
13482
13500
13501
13502
13503
13516
13517
13518
13519
13520
13521
13522
13523
13526
13544
13545
13546
13547
13548
13549
13550
13551
13552
13574
13575
13576
13577
13578
13580
13581
13582
13583
13594
13595
13596
13597
13598
13608
13610
13611
13612
13617
13618
13619
13620
13677
13678
13679
13680
13691
13694
13695
13702
13703
13704
13705
13707
13708
13709
13710
13711
13721
13729
13730
13731
13732
13741
13742
13746
13747
13748
13749
13750
13751
13754
13755
13756
13757
13758
13769
13777
13779
13787
13788
13789
13790
13791
13792
13793
13794
13795
13796
13797
13798
13984
13985
13986
13987
13988
13989
13990
14000
14001
14012
14013
14014
14015
14016
14017
14029
14040
14041
14042
14043
14044
14045
14046
14047
14048
14053
14054
14055
14056
14057
14058
14059
14077
14080
14081
14085
14089
14090
14091
14110
14111
14112
14113
14118
14119
14120
14123
14124
14125
14126
14127
14128
14129
14130
14131
14132
14133
14134
14135
14136
14137
14138
14139
14140
14141
14142
14143
14144
14145
14151
14152
14153
14154
14155
14156
14157
14158
14159
14160
14161
14162
14163
14164
14189
14190
14191
14192
14193
14194
14195
14196
14197
14209
14210
14211
14219
14220
14269
14285
14294
14295
14296
14297
14298
14299
14300
14311
14312
14313
14314
14337
14338
14339
14340
14341
14342
14343
14344
14345
14346
14347
14348
14349
14350
14351
14352
14353
14354
14355
14356
14357
14358
14359
14365
14366
14367
14368
14369
14370
14371
14372
14373
14374
14375
14394
14395
14396
14397
14405
14406
14407
14408
14409
14410
14414
14415
14416
14417
14418
14421
14422
14423
14424
14425
14426
14427
14435
14436
14437
14438
14439
14445
14448
14449
14450
14451
14452
14453
14454
14459
14460
14461
14462
14463
14464
14467
14468
14469
14470
14471
14472
14473
14482
14483
14490
14491
14492
14493
14494
14512
14513
14514
14515
14516
14528
14537
14538
14539
14540
14547
14548
14549
14553
14554
14557
14558
14559
14560
14561
14563
14577
14578
14579
14580
14585
14591
14592
14593
14594
14595
14603
14612
14616
14617
14618
14619
14640
14641
14642
14653
14654
14655
14656
14657
14678
14693
14694
14695
14705
14718
14733
14734
14735
14736
14737
14738
14739
14740
14741
14742
14762
14763
14764
14765
14766
14767
14768
14769
14813
14836
14837
14838
14839
14854
14855
14856
14857
14858
14870
14871
14872
14873
14874
14910
14911
14912
14913
14916
14917
14918
14919
14920
14921
14922
14923
14924
14925
14926
14927
14928
14929
14930
14936
14937
14938
14939
14940
14941
14942
14943
14944
14945
14946
14947
14948
14949
14950
15000
15001
15002
15003
15004
15005
15006
15013
15045
15046
15050
15051
15052
15053
15054
15055
15056
15057
15058
15059
15060
15061
15062
15063
15064
15065
15066
15072
15073
15074
15075
15076
15077
15078
15079
15080
15081
15082
15083
15100
15105
15106
15113
15131
15132
15133
15134
15135
15136
15137
15147
15148
15149
15150
15151
15152
15288
15289
15290
15291
15292
15293
15294
15295
15296
15319
15320
15321
15351
15352
15386
15387
15388
15443
15444
15445
15446
15447
15448
15449
15510
15511
15512
15513
15514
15515
15516
15517
15543
15544
15545
15546
15547
15548
15549
15550
15565
15566
15567
15568
15569
15570
15595
15601
15604
15610
15611
15612
15621
15622
15623
15624
15625
15626
15632
15633
15634
15643
15644
15645
15646
15647
15648
15649
15650
15684
15688
15689
15733
15734
15735
15742
15743
15744
15754
15758
15759
15760
15761
15762
15765
15766
15767
15776
15777
15778
15779
15780
15781
15782
15844
15845
15846
15847
15859
15860
15890
15891
15892
15893
15894
15895
15908
15909
15910
15911
15912
15923
15924
15925
15928
15929
15931
15996
15997
15998
15999
16000
16001
16002
16040
16114
16115
16116
16117
16118
16119
16120
16121
16126
16127
16128
16129
16130
16131
16132
16144
16145
16146
16147
16148
16149
16150
16186
16187
16197
16198
16199
16239
16240
16241
16242
16243
16244
16245
16246
16247
16248
16249
16250
16251
16252
16253
16254
16255
16256
16257
16258
16259
16260
16261
16262
16263
16264
16272
16273
16274
16275
16276
16277
16278
16279
16280
16281
16282
16283
16284
16299
16306
16329
16330
16331
16332
16333
16334
16335
16336
16337
16338
16339
16348
16350
16386
16387
16405
16406
16407
16441
16442
16443
16444
16445
16446
16447
16448
16449
16450
16451
16452
16485
16486
16487
16488
16489
16490
16491
16492
16511
16512
16513
16526
16527
16528
16529
16530
16531
16546
16556
16557
16558
16559
16573
16658
16659
16660
16661
16672
16728
16729
16730
16731
16732
16733
16754
16755
16756
16757
16758
16759
16760
16761
16762
16763
16764
16765
16766
16767
16768
16774
16775
16776
16777
16778
16779
16780
16781
16796
16797
16827
16837
16838
16974
16984
16985
16986
16987
16988
16989
16992
17013
17029
17030
17031
17032
17033
17042
17043
17044
17045
17046
17047
17066
17067
17068
17069
17070
17071
17072
17073
17074
17075
17076
17077
17078
17090
17098
17099
17100
17101
17119
17120
17121
17122
17134
17135
17168
17169
17170
17171
17172
17173
17174
17175
17176
17177
17178
17179
17190
17191
17192
17198
17204
17219
17220
17221
17222
17223
17224
17225
17226
17296
17331
17334
17335
17336
17368
17369
17420
17443
17444
17445
17446
17447
17448
17449
17462
17463
17464
17465
17466
17467
17479
17480
17488
17515
17516
17517
17518
17519
17520
17521
17544
17545
17546
17547
17548
17549
17558
17559
17560
17561
17562
17563
17575
17576
17577
17578
17579
17580
17586
17587
17588
17589
17590
17591
17605
17606
17607
17608
17609
17619
17620
17635
17636
17637
17723
17724
17725
17726
17727
17728
17729
17730
17731
17732
17733
17734
17743
17744
17745
17746
17747
17748
17749
17750
17751
17752
17758
17759
17760
17761
17762
17763
17764
17765
17766
17767
17768
17769
17770
17771
17772
17773
17774
17775
17801
17802
17803
17804
17805
17806
17807
17808
17809
17810
17821
17822
17823
17860
17861
17862
17863
17864
17865
17902
17903
17904
17905
17906
17907
17908
17919
17920
17936
17937
17938
17939
17940
17941
17950
17997
17998
18049
18069
18070
18071
18072
18073
18074
18075
18086
18129
18130
18131
18132
18133
18134
18135
18136
18137
18138
18139
18157
18160
18161
18162
18163
18164
18165
18166
18167
18168
18185
18186
18187
18188
18189
18190
18192
18193
18204
18207
18208
18209
18210
18220
18221
18222
18242
18243
18277
18294
18295
18296
18297
18298
18325
18326
18327
18328
18488
18489
18490
18491
18497
18498
18505
18506
18507
18508
18509
18514
18521
18522
18524
18534
18543
18544
18545
18546
18561
18609
18610
18611
18612
18613
18614
18615
18616
18617
18618
18632
18633
18634
18635
18636
18653
18654
18655
18656
18657
18666
18671
18672
18673
18674
18675
18685
18748
18811
18812
18813
18814
18815
18816
18817
18818
18819
18820
18821
18822
18823
18824
18825
18828
18829
18830
18831
18832
18844
18845
18846
18847
18848
18849
18850
18863
18864
18865
18871
18872
18873
18874
18875
18883
18884
18885
18886
18887
18888
18889
18890
18891
18919
18920
18921
18922
18923
18924
18925
18982
18983
18984
18985
18986
19031
19032
19045
19046
19047
19048
19049
19064
19065
19078
19082
19091
19092
19093
19094
19095
19110
19111
19112
19113
19114
19115
19136
19137
19159
19160
19161
19210
19212
19227
19228
19229
19230
19231
19249
19253
19254
19255
19256
19257
19258
19265
19266
19267
19268
19269
19276
19277
19278
19279
19280
19289
19290
19291
19292
19353
19354
19355
19356
19357
19358
19359
19360
19361
19362
19376
19383
19384
19385
19386
19390
19391
19392
19393
19394
19395
19396
19397
19409
19410
19411
19412
19413
19414
19426
19427
19428
19429
19445
19446
19447
19455
19456
19457
19458
19459
19460
19506
19507
19508
19509
19517
19528
19529
19530
19531
19532
19533
19534
19535
19547
19548
19549
19550
19553
19554
19562
19563
19564
19568
19569
19590
19591
19592
19593
19599
19600
19601
19602
19609
19610
19611
19612
19617
19650
19656
19657
19689
19690
19691
19698
19699
19700
19701
19708
19781
19920
19940
19941
19957
20037
20038
20039
20040
20041
20042
20043
20044
20045
20046
20047
20048
20049
20098
20099
20100
20101
20102
20103
20104
20105
20106
20107
20117
20118
20119
20134
20138
20139
20140
20141
20142
20143
20144
20148
20149
20150
20151
20152
20153
20154
20155
20156
20157
20158
20159
20160
20161
20162
20188
20189
20190
20191
20192
20193
20221
20222
20223
20224
20228
20302
20363
20391
20392
20393
20394
20395
20396
20397
20398
20399
20400
20401
20402
20403
20404
20405
20425
20426
20427
20428
20429
20430
20431
20432
20435
20436
20456
20457
20458
20459
20486
20487
20488
20489
20490
20491
20492
20493
20511
20512
20513
20514
20548
20549
20550
20551
20552
20553
20554
20555
20587
20588
20589
20590
20591
20592
20593
20624
20625
20626
20627
20628
20629
20630
20631
20632
20633
20634
20635
20636
20637
20638
20639
20646
20653
20666
20672
20673
20674
20675
20676
20693
20694
20695
20696
20697
20698
20699
20700
20701
20719
20739
20740
20741
20742
20743
20744
20745
20775
20776
20777
20778
20779
20780
20789
20790
20791
20801
20909
20925
20930
20938
20939
20948
20949
20950
20963
21021
21022
21023
21024
21025
21026
21046
21047
21051
21052
21076
21077
21100
21101
21102
21103
21104
21105
21107
21108
21109
21110
21111
21113
21119
21127
21128
21132
21133
21143
21144
21156
21157
21167
21168
21169
21210
21273
21274
21275
21276
21277
21278
21279
21280
21288
21289
21290
21291
21298
21299
21300
21301
21302
21311
21312
21313
21314
21323
21324
21325
21326
21327
21328
21330
21331
21332
21333
21334
21335
21336
21337
21349
21350
21351
21352
21353
21354
21355
21356
21357
21358
21359
21360
21361
21391
21392
21393
21394
21395
21396
21397
21399
21400
21402
21403
21404
21405
21406
21407
21425
21426
21427
21428
21429
21430
21431
21432
21433
21434
21435
21437
21438
21469
21470
21471
21483
21503
21504
21505
21506
21507
21508
21509
21510
21545
21546
21547
21556
21557
21558
21559
21560
21573
21574
21575
21576
21585
21586
21590
21591
21592
21597
21604
21605
21611
21612
21613
21618
21645
21646
21647
21656
21666
21667
21719
21723
21726
21727
21728
21729
21730
21731
21737
21744
21745
21746
21747
21748
21749
21750
21751
21752
21753
21755
21772
21773
21774
21775
21776
21791
21792
21793
21794
21795
21796
21798
21799
21800
21801
21802
21803
21804
21805
21806
21807
21822
21823
21824
21827
21829
21839
21840
21841
21842
21843
21844
21846
21918
21919
21920
21921
21922
21923
21924
21925
21926
21927
21928
21929
21930
21943
21959
21978
21979
22006
22059
22062
22063
22073
22074
22075
22076
22077
22078
22079
22080
22081
22082
22086
22087
22088
22089
22093
22094
22095
22096
22097
22102
22103
22104
22113
22114
22115
22116
22117
22118
22119
22120
22121
22122
22123
22124
22185
22186
22187
22192
22193
22194
22196
22198
22199
22206
22207
22208
22209
22212
22213
22214
22215
22216
22217
22218
22219
22220
22221
22222
22232
22233
22234
22235
22236
22237
22238
22239
22240
22241
22242
22243
22244
22245
22246
22247
22248
22264
22265
22266
22267
22268
22269
22280
22281
22282
22283
22284
22285
22286
22287
22288
22289
22298
22299
22300
22301
22302
22303
22304
22305
22318
22319
22320
22321
22322
22323
22324
22325
22326
22327
22328
22329
22330
22331
22332
22333
22334
22352
22353
22354
22358
22359
22368
22369
22370
22371
22372
22373
22374
22375
22376
22384
22405
22413
22414
22415
22416
22417
22418
22446
22450
22475
22476
22477
22478
22479
22480
22481
22511
22512
22513
22514
22515
22516
22518
22519
22520
22521
22522
22523
22536
22538
22539
22540
22541
22542
22543
22544
22545
22559
22560
22561
22562
22563
22564
22565
22566
22567
22568
22569
22570
22571
22572
22573
22574
22575
22576
22582
22583
22584
22585
22586
22587
22588
22589
22590
22591
22612
22613
22673
22717
22718
22719
22720
22721
22769
22770
22771
22772
22773
22774
22797
22798
22799
22800
22801
22806
22807
22808
22809
22810
22816
22817
22818
22829
22830
22831
22832
22833
22834
22835
22836
22837
22838
22839
22840
22841
22842
22843
22846
22847
22848
22849
22850
22851
22852
22853
22854
22855
22856
22857
22858
22876
22877
22878
22897
22904
22924
22925
22926
22927
22928
22929
22930
22931
22932
22933
22983
22984
22985
22988
22989
22990
22991
22992
22993
22999
23000
23005
23006
23007
23008
23009
23010
23024
23025
23029
23030
23031
23032
23036
23043
23044
23045
23046
23047
23064
23065
23066
23067
23068
23069
23071
23072
23073
23091
23092
23102
23103
23104
23105
23106
23107
23109
23116
23147
23154
23155
23156
23157
23200
23201
23202
23203
23237
23239
23240
23241
23242
23257
23258
23259
23260
23261
23262
23263
23264
23265
23322
23323
23324
23325
23326
23339
23340
23349
23356
23388
23389
23390
23391
23392
23393
23394
23395
23404
23405
23406
23407
23408
23409
23410
23411
23412
23413
23414
23415
23416
23417
23418
23419
23420
23421
23425
23426
23427
23428
23429
23430
23431
23432
23433
23434
23461
23462
23463
23467
23485
23486
23487
23488
23489
23490
23491
23492
23521
23562
23563
23581
23582
23583
23584
23585
23586
23587
23588
23615
23633
23634
23635
23636
23637
23638
23666
23667
23668
23669
23691
23692
23695
23696
23712
23713
23714
23715
23739
23744
23745
23746
23747
23748
23749
23750
23751
23756
23757
23758
23760
23761
23771
23772
23773
23778
23779
23780
23781
23782
23788
23789
23790
23791
23792
23793
23794
23795
23796
23797
23798
23799
23829
23830
23831
23832
23833
23834
23835
23836
23890
23891
23892
23894
23895
23896
23897
23898
23899
23904
23905
23906
23907
23908
23929
23991
23992
23993
23994
23995
23996
23997
24006
24007
24008
24009
24010
24011
24012
24018
24019
24020
24021
24022
24036
24053
24054
24055
24056
24060
24062
24067
24087
24088
24102
24103
24104
24105
24107
24108
24109
24110
24111
24112
24113
24119
24120
24121
24122
24123
24124
24133
24134
24135
24136
24137
24146
24147
24148
24149
24150
24151
24154
24155
24156
24157
24158
24159
24190
24191
24192
24202
24203
24206
24207
24220
24229
24230
24231
24238
24239
24240
24241
24251
24252
24267
24280
24281
24307
24308
24309
24358
24359
24360
24361
24362
24363
24364
24365
24366
24367
24368
24369
24370
24374
24375
24376
24377
24378
24379
24380
24381
24393
24394
24419
24420
24421
24422
24423
24424
24434
24435
24436
24437
24450
24451
24452
24453
24454
24463
24485
24486
24487
24488
24489
24490
24494
24500
24501
24502
24503
24512
24520
24521
24522
24527
24528
24529
24530
24531
24532
24541
24542
24544
24545
24546
24547
24548
24549
24567
24568
24569
24570
24571
24582
24585
24586
24587
24592
24598
24599
24600
24603
24604
24607
24608
24609
24610
24611
24612
24613
24623
24628
24629
24630
24635
24636
24642
24643
24647
24650
24656
24657
24663
24664
24665
24666
24667
24668
24760
24761
24762
24783
24784
24785
24786
24787
24792
24804
24805
24806
24807
24810
24819
24825
24826
24829
24839
24840
24848
24851
24852
24874
24879
24880
24941
24947
24948
24949
24950
24951
24952
24953
24967
24972
24973
24974
24975
24976
24977
24978
24979
24980
24992
24994
25009
25010
25014
25015
25016
25017
25018
25019
25020
25021
25022
25050
25052
25053
25054
25055
25056
25057
25058
25059
25060
25061
25073
25076
25077
25078
25079
25080
25081
25082
25083
25084
25085
25086
25087
25092
25093
25094
25095
25096
25097
25098
25099
25114
25115
25116
25117
25118
25180
25189
25190
25202
25203
25220
25221
25222
25223
25224
25225
25226
25245
25246
25247
25248
25249
25256
25257
25258
25259
25287
25288
25289
25294
25295
25296
25297
25301
25302
25303
25304
25305
25306
25307
25308
25309
25310
25311
25323
25343
25344
25345
25346
25347
25348
25349
25350
25351
25373
25385
25414
25415
25416
25417
25418
25419
25425
25426
25427
25434
25435
25436
25443
25444
25445
25446
25447
25448
25449
25450
25451
25452
25456
25473
25474
25475
25476
25477
25478
25479
25480
25481
25482
25483
25487
25488
25489
25490
25491
25492
25493
25494
25508
25509
25564
25565
25566
25567
25568
25577
25578
25579
25580
25581
25582
25583
25584
25585
25586
25587
25588
25589
25590
25600
25605
25606
25607
25608
25609
25617
25619
25620
25621
25622
25623
25624
25625
25626
25627
25628
25629
25631
25632
25633
25634
25635
25636
25637
25651
25652
25653
25654
25690
25710
25711
25718
25719
25720
25721
25722
25723
25724
25725
25726
25727
25753
25754
25755
25756
25777
25778
25779
25780
25781
25782
25783
25811
25812
25813
25818
25819
25861
25862
25863
25864
25865
25866
25867
25895
25897
25898
25899
25900
25901
25902
25903
25904
25905
25908
25924
25945
25946
25947
25950
25951
25969
25970
25971
25972
25980
25981
25982
25983
25993
25994
25995
26001
26002
26003
26004
26005
26006
26007
26009
26010
26011
26033
26034
26035
26036
26037
26038
26039
26040
26041
26042
26043
26053
26054
26060
26061
26062
26063
26071
26072
26073
26087
26088
26091
26092
26096
26097
26098
26099
26100
26101
26102
26103
26106
26107
26108
26109
26110
26111
26112
26113
26114
26115
26116
26117
26118
26119
26120
26121
26122
26123
26150
26172
26208
26209
26210
26211
26212
26219
26220
26221
26222
26234
26235
26236
26237
26238
26239
26240
26241
26242
26253
26254
26255
26256
26257
26258
26264
26422
26423
26424
26425
26426
26427
26428
26455
26457
26458
26464
26465
26473
26484
26485
26486
26487
26497
26511
26512
26513
26514
26515
26516
26517
26518
26519
26538
26539
26540
26541
26545
26546
26557
26558
26559
26560
26566
26567
26568
26569
26583
26584
26585
26590
26591
26597
26598
26721
26722
26723
26763
26819
