11
12
51
52
53
69
70
76
77
105
106
107
108
109
110
113
114
115
116
117
120
121
178
179
180
181
182
183
184
185
223
224
252
253
254
255
256
257
267
268
276
277
278
279
318
319
320
323
324
325
326
327
368
369
397
398
399
400
401
402
403
404
444
457
477
478
479
498
522
523
524
525
526
527
528
529
530
545
546
547
548
549
550
551
552
553
554
555
565
566
567
568
569
570
571
572
574
666
667
668
681
682
688
714
715
716
717
726
727
728
770
778
779
780
785
809
810
811
812
827
828
829
830
831
832
833
845
846
847
848
849
850
862
866
867
874
888
889
890
897
900
901
902
903
904
905
906
907
908
909
910
911
912
913
936
937
938
939
940
950
993
1006
1015
1041
1042
1043
1044
1045
1046
1057
1077
1079
1187
1188
1189
1190
1197
1198
1205
1206
1211
1212
1226
1227
1228
1229
1230
1231
1232
1245
1246
1256
1257
1258
1259
1260
1262
1280
1281
1282
1283
1284
1288
1289
1290
1291
1292
1293
1313
1314
1317
1318
1319
1354
1355
1356
1387
1410
1411
1420
1421
1422
1425
1426
1432
1433
1434
1443
1444
1445
1461
1470
1473
1474
1475
1476
1477
1478
1479
1480
1481
1482
1483
1484
1485
1508
1509
1510
1511
1512
1549
1550
1551
1552
1559
1563
1584
1585
1586
1603
1604
1605
1606
1607
1615
1712
1714
1728
1729
1739
1740
1747
1751
1752
1763
1776
1777
1927
1928
1929
1932
1942
1955
1956
1957
1958
1959
1960
1973
1974
1975
1976
1990
2009
2010
2011
2012
2013
2027
2028
2029
2030
2031
2032
2033
2034
2035
2042
2043
2044
2045
2046
2047
2048
2049
2050
2051
2052
2053
2054
2078
2099
2100
2101
2102
2120
2161
2162
2163
2164
2165
2176
2177
2178
2186
2187
2189
2190
2191
2219
2297
2298
2309
2400
2401
2402
2403
2409
2410
2411
2412
2413
2431
2432
2455
2456
2513
2516
2517
2555
2556
2557
2558
2572
2573
2584
2585
2586
2587
2588
2592
2593
2594
2595
2596
2598
2752
2753
2754
2794
2795
2796
2797
2798
2799
2800
2812
2813
2814
2824
2825
2833
2834
2835
2857
2859
2866
2867
2868
2869
2870
2875
2876
2880
2887
2894
2906
2914
2915
2916
2917
2918
2919
2920
2921
2922
2923
3042
3043
3044
3045
3064
3083
3084
3085
3087
3101
3102
3103
3104
3105
3106
3107
3110
3122
3123
3124
3125
3126
3128
3129
3130
3142
3143
3144
3157
3158
3159
3163
3238
3239
3240
3241
3242
3265
3266
3267
3268
3276
3277
3285
3286
3287
3289
3326
3327
3328
3329
3330
3331
3333
3334
3335
3336
3352
3353
3354
3355
3361
3364
3423
3424
3425
3465
3466
3467
3468
3489
3654
3655
3656
3657
3658
3667
3668
3709
3710
3711
3719
3720
3721
3739
3765
3770
3771
3772
3779
3780
3781
3782
3783
3795
3804
3849
4016
4017
4050
4051
4052
4053
4054
4055
4135
4136
4137
4155
4156
4157
4173
4174
4175
4176
4177
4178
4179
4180
4181
4193
4194
4195
4196
4197
4198
4199
4204
4206
4207
4208
4209
4210
4211
4212
4213
4274
4275
4276
4277
4280
4281
4282
4334
4335
4336
4338
4350
4351
4363
4364
4365
4366
4367
4375
4376
4377
4378
4382
4383
4384
4385
4386
4387
4388
4389
4390
4391
4414
4415
4416
4442
4464
4467
4473
4474
4475
4476
4477
4478
4486
4539
4540
4559
4581
4733
4734
4735
4746
4756
4757
4758
4759
4762
4774
4775
4776
4777
4778
4779
4788
4789
4790
4791
4804
4805
4806
4833
4834
4835
4885
4912
4913
4914
4915
4916
4917
4918
4919
4920
4921
4980
4994
4995
4996
4997
5017
5018
5019
5020
5021
5037
5038
5039
5040
5041
5042
5043
5044
5045
5079
5089
5161
5169
5170
5171
5185
5186
5187
5188
5189
5190
5191
5192
5193
5194
5195
5196
5197
5198
5221
5222
5223
5291
5324
5325
5326
5327
5366
5367
5368
5369
5370
5371
5372
5377
5378
5379
5380
5381
5382
5392
5393
5414
5415
5416
5417
5430
5438
5439
5440
5441
5442
5443
5444
5445
5446
5447
5461
5462
5463
5513
5555
5556
5557
5590
5603
5604
5605
5617
5618
5632
5633
5644
5645
5650
5688
5689
5740
5741
5742
5743
5744
5745
5746
5748
5749
5759
5760
5761
5762
5763
5764
5779
5780
5781
5790
5808
5810
5816
5822
5823
5824
5856
5857
5858
5859
5860
5861
5882
5883
5884
5885
5886
5887
5888
5889
5890
5901
5902
5903
5904
5905
5906
5907
5908
5948
5949
5950
5951
5952
5953
5960
5961
5962
5963
5964
5965
5980
5981
5982
5983
5984
5985
5986
5987
5988
5989
5990
5991
5992
5993
6009
6010
6042
6061
6062
6063
6064
6065
6066
6067
6068
6069
6070
6071
6072
6073
6074
6075
6106
6107
6108
6109
6110
6129
6130
6131
6132
6133
6145
6146
6147
6148
6149
6150
6151
6152
6153
6154
6155
6156
6157
6158
6159
6167
6168
6169
6170
6171
6172
6177
6183
6197
6219
6220
6221
6222
6240
6241
6242
6255
6327
6328
6336
6344
6433
6434
6435
6436
6465
6466
6469
6470
6471
6472
6473
6474
6475
6476
6477
6478
6485
6486
6487
6510
6511
6512
6515
6516
6517
6524
6525
6534
6535
6536
6538
6539
6540
6542
6543
6582
6611
6619
6701
6702
6718
6719
6720
6727
6730
6736
6737
6740
6771
6772
6773
6775
6776
6777
6778
6779
6780
6781
6782
6783
6784
6785
6787
6910
6911
6912
6913
6914
6928
6929
6930
6934
6935
6936
6945
6946
6947
6948
6949
6950
6957
6958
6959
6960
6961
6962
6965
6966
6967
6968
6969
7001
7002
7055
7056
7118
7119
7120
7121
7157
7158
7159
7160
7163
7164
7167
7168
7169
7170
7171
7172
7173
7207
7208
7224
7225
7226
7227
7228
7244
7245
7246
7247
7248
7249
7257
7258
7259
7260
7261
7262
7263
7428
7432
7440
7445
7446
7477
7492
7493
7494
7495
7496
7506
7507
7508
7509
7510
7511
7512
7513
7514
7559
7560
7561
7562
7563
7564
7574
7575
7594
7597
7598
7599
7600
7630
7631
7806
7810
7811
7832
7833
7834
7835
7842
7849
7857
7858
7880
7881
7882
7918
7919
7920
7921
7922
7935
7936
7937
7949
7950
7951
7952
7956
7957
7958
7959
7960
7970
7971
7973
7974
7975
7976
8005
8006
8007
8008
8009
8010
8011
8012
8013
8031
8032
8033
8034
8035
8036
8037
8050
8051
8052
8053
8054
8055
8056
8057
8082
8083
8084
8129
8130
8131
8132
8133
8134
8135
8174
8175
8176
8177
8178
8179
8180
8181
8182
8183
8184
8185
8186
8187
8188
8237
8238
8239
8240
8241
8242
8243
8244
8291
8292
8293
8294
8295
8296
8297
8301
8302
8303
8304
8305
8306
8320
8325
8373
8374
8385
8396
8397
8398
8413
8420
8430
8431
8433
8434
8436
8437
8438
8439
8443
8444
8446
8502
8531
8579
8580
8581
8616
8629
8649
8656
8715
8716
8717
8732
8733
8734
8735
8742
8743
8744
8745
8746
8760
8764
8765
8769
8771
8782
8783
8784
8785
8786
8787
8788
8789
8790
8800
8855
8856
8857
8858
8870
8871
8872
8888
8893
8912
8913
8916
8917
8918
8933
8937
8938
8939
8940
8941
8942
8947
8948
8949
8952
8959
8960
8961
8994
9017
9020
9037
9038
9039
9040
9041
9047
9048
9049
9050
9073
9074
9075
9076
9084
9085
9102
9103
9104
9105
9106
9107
9149
9150
9151
9152
9153
9154
9155
9156
9157
9158
9186
9187
9188
9189
9190
9191
9192
9193
9194
9195
9196
9219
9220
9221
9222
9270
9271
9272
9273
9274
9275
9284
9303
9304
9305
9306
9307
9308
9309
9345
9346
9347
9348
9376
9377
9378
9379
9380
9381
9382
9383
9384
9385
9386
9452
9453
9454
9455
9466
9467
9478
9479
9480
9481
9482
9483
9484
9485
9486
9487
9488
9507
9508
9509
9510
9511
9512
9515
9532
9533
9534
9536
9537
9539
9540
9541
9542
9543
9584
9585
9586
9598
9599
9600
9612
9613
9614
9615
9616
9617
9618
9619
9620
9621
9622
9623
9624
9625
9666
9667
9700
9701
9705
9720
9721
9722
9724
9727
9728
9732
9740
9744
9745
9749
9767
9778
9783
9784
9794
9795
9861
9901
9902
9903
9904
9905
9959
9960
9961
9962
9976
9977
9978
9979
9984
9985
9986
9987
9988
9989
9990
9991
9992
10016
10017
10018
10019
10020
10021
10022
10023
10032
10057
10058
10059
10060
10061
10062
10063
10064
10065
10066
10117
10118
10119
10125
10136
10137
10220
10233
10234
10235
10236
10237
10238
10239
10240
10241
10242
10243
10244
10262
10263
10266
10267
10268
10269
10278
10291
10292
10293
10294
10324
10325
10326
10327
10328
10329
10330
10331
10332
10401
10402
10403
10404
10405
10406
10407
10408
10409
10410
10411
10412
10413
10414
10415
10416
10417
10418
10419
10420
10434
10465
10466
10467
10468
10469
10470
10471
10493
10512
10513
10514
10515
10516
10517
10518
10519
10520
10521
10530
10531
10532
10537
10544
10549
10554
10555
10556
10564
10576
10577
10578
10579
10580
10581
10582
10583
10584
10586
10587
10588
10589
10590
10591
10617
10618
10619
10620
10638
10639
10640
10641
10642
10649
10650
10745
10789
10790
10791
10792
10793
10815
10816
10828
10829
10839
10840
10841
10842
10843
10844
10870
10871
10872
10873
10874
10888
10889
10890
10891
10892
10893
10909
10910
10911
10912
10913
10914
10915
10916
10917
10918
10919
10935
10971
10972
10973
10974
10975
10976
10994
10995
11002
11003
11009
11018
11030
11031
11032
11033
11043
11044
11057
11058
11059
11060
11082
11083
11086
11106
11107
11108
11128
11136
11137
11138
11139
11140
11163
11164
11165
11171
11210
11211
11212
11213
11214
11215
11228
11230
11292
11296
11308
11309
11310
11311
11312
11313
11314
11315
11316
11317
11338
11343
11344
11361
11376
11377
11378
11379
11397
11398
11399
11400
11425
11426
11427
11428
11429
11430
11465
11477
11513
11514
11515
11516
11517
11518
11519
11520
11548
11549
11550
11551
11552
11593
11594
11595
11609
11613
11614
11625
11626
11627
11628
11629
11641
11642
11643
11644
11645
11844
11845
11846
11847
11848
11849
11850
11851
11852
11853
11854
11855
11856
11857
11890
11917
11918
11919
11920
11921
11922
11923
11924
11925
11926
11957
11958
11959
11960
11979
11980
12005
12020
12021
12022
12023
12024
12025
12026
12047
12060
12061
12062
12070
12116
12117
12118
12119
12120
12121
12122
12123
12124
12125
12126
12127
12128
12129
12130
12131
12132
12133
12206
12207
12215
12216
12217
12218
12219
12221
12387
12402
12486
12489
12490
12491
12492
12493
12494
12495
12503
12504
12510
12511
12520
12521
12522
12523
12524
12525
12537
12539
12540
12554
12555
12556
12557
12560
12561
12562
12600
12623
12624
12625
12626
12627
12628
12629
12630
12631
12632
12633
12634
12635
12655
12656
12657
12658
12659
12671
12672
12673
12681
12682
12683
12701
12725
12726
12727
12728
12729
12730
12732
12781
12782
12783
12784
12785
12786
12787
12788
12789
12790
12791
12792
12793
12794
12795
12811
12812
12813
12814
12815
12816
12830
12831
12832
12838
12839
12840
12841
12842
12843
12844
12845
12859
12889
12890
12912
12913
12914
12917
12918
12919
12920
12921
12922
12923
12924
12925
12926
12931
12932
12933
12934
12935
12955
12961
12962
12963
12964
12965
12966
12967
12968
12969
12970
12971
12998
12999
13000
13001
13002
13003
13004
13033
13034
13035
13036
13037
13056
13057
13058
13059
13060
13066
13074
13075
13076
13078
13079
13080
13081
13084
13092
13093
13094
13095
13096
13097
13105
13106
13109
13115
13116
13117
13118
13121
13122
13123
13129
13130
13141
13142
13153
13154
13155
13156
13157
13158
13159
13178
13179
13184
13185
13186
13187
13188
13189
13190
13191
13192
13193
13194
13215
13229
13230
13231
13232
13233
13243
13244
13245
13246
13247
13248
13249
13250
13291
13292
13293
13294
13295
13296
13320
13325
13330
13331
13332
13333
13341
13343
13346
13347
13348
13349
13350
13360
13361
13368
13369
13370
13371
13372
13387
13395
13396
13401
13412
13419
13420
13421
13422
13423
13424
13425
13427
13451
13452
13470
13471
13492
13494
13495
13496
13497
13498
13499
13504
13505
13506
13507
13508
13509
13510
13511
13525
13528
13529
13530
13531
13532
13553
13554
13555
13556
13557
13564
13565
13566
13567
13568
13584
13585
13586
13591
13592
13609
13613
13614
13616
13626
13628
13629
13630
13631
13633
13634
13635
13655
13656
13657
13658
13659
13660
13661
13662
13681
13682
13683
13684
13696
13697
13712
13713
13714
13715
13733
13734
13735
13736
13737
13743
13744
13752
13753
13770
13778
13839
13844
13845
13846
13847
13848
13849
13850
13851
13852
13853
13854
13874
13875
13876
13877
13878
13879
13880
13881
13882
13883
13884
13886
13900
13901
13902
13903
13904
13910
13911
13912
13913
13914
13928
13929
13935
13952
13953
13954
13955
13956
13967
13968
13969
13970
13971
13972
14003
14021
14022
14023
14024
14025
14026
14027
14028
14034
14035
14036
14061
14064
14065
14071
14082
14083
14084
14086
14087
14088
14099
14100
14101
14102
14108
14109
14146
14147
14148
14149
14212
14213
14214
14218
14236
14237
14241
14254
14255
14280
14281
14282
14283
14284
14302
14303
14304
14315
14316
14317
14318
14319
14320
14321
14333
14334
14335
14360
14361
14362
14363
14398
14399
14400
14401
14402
14403
14404
14419
14420
14440
14441
14442
14443
14444
14446
14447
14455
14465
14466
14486
14495
14496
14497
14498
14541
14542
14543
14544
14545
14546
14555
14556
14562
14564
14582
14583
14584
14596
14597
14598
14599
14600
14601
14602
14613
14614
14620
14646
14647
14648
14658
14659
14660
14661
14662
14663
14702
14706
14770
14771
14772
14773
14774
14775
14776
14777
14778
14779
14780
14781
14782
14783
14784
14785
14786
14808
14809
14810
14811
14812
14840
14841
14842
14843
14844
14845
14850
14851
14852
14876
14880
14915
14932
14933
14934
14935
14975
14976
14977
14978
14979
14980
14981
14982
14989
15007
15008
15012
15018
15019
15020
15042
15043
15067
15068
15069
15070
15107
15130
15146
15153
15154
15155
15156
15157
15174
15204
15205
15206
15207
15208
15209
15210
15211
15212
15213
15214
15230
15231
15232
15233
15234
15235
15236
15237
15238
15239
15255
15256
15257
15263
15264
15265
15266
15267
15269
15276
15277
15278
15279
15297
15322
15332
15353
15354
15355
15356
15357
15402
15403
15404
15405
15406
15419
15431
15432
15433
15434
15461
15480
15483
15525
15526
15527
15528
15529
15530
15531
15532
15533
15553
15571
15572
15573
15574
15575
15576
15577
15585
15586
15587
15588
15589
15590
15591
15592
15605
15606
15607
15608
15609
15613
15614
15615
15616
15617
15618
15619
15620
15627
15628
15629
15630
15631
15635
15636
15637
15638
15639
15640
15641
15642
15655
15656
15657
15658
15659
15660
15670
15671
15672
15673
15690
15691
15692
15693
15694
15695
15725
15746
15747
15748
15749
15750
15751
15753
15755
15756
15763
15768
15769
15770
15771
15772
15773
15774
15783
15784
15795
15796
15797
15798
15799
15800
15801
15802
15803
15821
15822
15823
15824
15825
15826
15827
15848
15863
15864
15865
15866
15878
15896
15897
15898
15904
15905
15922
15932
15955
15956
15957
15958
15959
15960
15972
15973
15974
15975
15976
15985
16003
16029
16031
16032
16033
16034
16041
16042
16050
16051
16052
16053
16054
16055
16056
16057
16058
16059
16060
16061
16062
16063
16064
16065
16086
16087
16088
16089
16090
16122
16123
16124
16125
16151
16152
16153
16154
16155
16156
16157
16158
16159
16160
16161
16162
16163
16164
16183
16184
16185
16202
16203
16204
16205
16206
16207
16208
16209
16210
16220
16221
16230
16231
16232
16233
16265
16266
16267
16268
16300
16301
16302
16305
16344
16345
16382
16383
16384
16385
16408
16435
16436
16499
16500
16519
16520
16521
16522
16524
16525
16532
16547
16548
16560
16561
16562
16563
16564
16568
16569
16570
16571
16572
16603
16604
16605
16606
16607
16608
16609
16610
16611
16675
16739
16740
16741
16742
16743
16744
16745
16769
16770
16771
16772
16801
16802
16814
16815
16828
16829
16830
16836
16839
16868
16869
16870
16871
16872
16873
16874
16875
16889
16890
16891
16892
16893
16894
16895
16896
16897
16898
16936
16937
16938
16939
16940
16941
16942
16943
16944
16959
16960
16961
16962
16963
16964
16965
16966
16967
16968
16969
16970
16972
16977
16990
16991
17264
17265
17266
17267
17313
17346
17373
17377
17421
17422
17423
17424
17425
17450
17451
17452
17453
17468
17469
17470
17471
17489
17490
17491
17492
17493
17494
17500
17509
17510
17511
17512
17513
17522
17523
17524
17525
17526
17527
17528
17529
17540
17564
17600
17601
17602
17603
17604
17638
17639
17640
17653
17677
17678
17679
17680
17681
17682
17683
17698
17699
17700
17701
17702
17703
17704
17705
17711
17712
17776
17777
17778
17779
17780
17781
17782
17783
17784
17785
17786
17787
17788
17789
17790
17791
17792
17811
17843
17844
17845
17866
17867
17868
17869
17870
17871
17872
17873
17874
17879
17896
17897
17898
17899
17900
17901
17909
17910
17911
17912
17921
17922
17923
17924
17925
17926
17942
17943
17944
17945
17946
17951
17952
17958
17959
17999
18000
18001
18002
18003
18004
18005
18006
18050
18051
18052
18053
18058
18059
18060
18087
18088
18089
18090
18091
18099
18100
18101
18102
18103
18104
18105
18106
18107
18108
18109
18140
18141
18142
18143
18144
18145
18146
18147
18169
18170
18171
18172
18173
18174
18175
18176
18200
18201
18202
18203
18205
18206
18217
18218
18239
18240
18241
18259
18260
18261
18262
18358
18368
18369
18370
18371
18376
18377
18411
18412
18413
18414
18415
18417
18418
18432
18433
18434
18437
18438
18439
18464
18465
18466
18477
18484
18516
18517
18518
18519
18529
18530
18531
18535
18536
18547
18548
18549
18562
18563
18564
18565
18566
18567
18568
18579
18580
18581
18582
18583
18584
18585
18619
18620
18621
18622
18623
18624
18625
18637
18638
18639
18640
18641
18642
18643
18644
18645
18658
18686
18713
18714
18746
18747
18778
18876
18877
18878
18879
18892
18893
18894
18895
18896
18897
18898
18899
18900
18901
18902
18903
18904
18905
18906
18907
18908
18926
18927
18928
18929
18949
18990
19041
19042
19043
19044
19050
19051
19052
19053
19054
19061
19116
19131
19138
19139
19140
19141
19142
19143
19144
19145
19146
19154
19155
19194
19195
19196
19197
19198
19199
19223
19224
19225
19226
19232
19233
19234
19235
19242
19244
19245
19298
19333
19334
19335
19336
19337
19363
19364
19365
19366
19367
19368
19369
19370
19371
19372
19373
19374
19375
19377
19387
19388
19448
19449
19450
19451
19486
19487
19488
19489
19490
19491
19492
19504
19505
19510
19511
19523
19524
19525
19526
19527
19537
19538
19539
19540
19541
19555
19556
19557
19565
19573
19584
19585
19618
19619
19620
19629
19630
19631
19632
19643
19644
19645
19646
19647
19648
19680
19692
19693
19694
19702
19703
19704
19722
19723
19733
19739
19740
19741
19757
19758
19759
19802
19803
19804
19805
19806
19807
19809
19810
19811
19812
19831
19846
19847
19848
19849
19850
19851
19852
19853
19854
19855
19882
19883
19884
19891
19892
19894
19897
19898
19906
19907
19925
19958
19959
19981
19982
19983
19984
19985
19986
19987
19988
20004
20005
20006
20007
20008
20009
20010
20011
20012
20026
20062
20088
20120
20163
20164
20165
20166
20167
20168
20169
20170
20171
20172
20173
20174
20175
20176
20177
20178
20200
20201
20202
20203
20225
20226
20227
20275
20276
20277
20278
20279
20280
20281
20282
20283
20284
20285
20304
20340
20341
20342
20343
20344
20345
20346
20347
20348
20349
20364
20365
20366
20367
20368
20369
20370
20371
20372
20373
20437
20438
20439
20440
20441
20460
20461
20462
20463
20494
20495
20496
20497
20498
20499
20515
20517
20518
20519
20520
20521
20522
20523
20524
20556
20557
20558
20559
20560
20561
20562
20563
20564
20584
20585
20586
20594
20595
20596
20597
20752
20753
20754
20755
20756
20757
20758
20781
20802
20813
20814
20815
20816
20875
20876
20877
20917
20926
20927
20928
20991
20992
20993
20994
20995
20996
20997
21027
21048
21053
21054
21060
21061
21062
21063
21064
21078
21079
21080
21081
21082
21083
21088
21089
21182
21183
21194
21195
21196
21205
21206
21207
21208
21220
21221
21222
21223
21240
21241
21242
21251
21260
21261
21316
21317
21318
21319
21320
21338
21339
21340
21341
21342
21343
21344
21345
21362
21363
21364
21365
21366
21367
21368
21369
21370
21371
21372
21373
21374
21375
21376
21377
21378
21379
21398
21417
21418
21419
21420
21421
21422
21423
21424
21436
21440
21441
21442
21443
21456
21457
21458
21472
21473
21474
21475
21476
21477
21478
21479
21480
21481
21482
21484
21537
21538
21549
21550
21561
21562
21563
21564
21587
21593
21619
21620
21626
21632
21633
21634
21635
21636
21637
21638
21639
21700
21701
21702
21703
21704
21705
21706
21707
21708
21709
21710
21717
21724
21767
21768
21797
21808
21809
21810
21811
21812
21813
21814
21815
21825
21833
21851
21855
21868
21869
21870
21889
21890
21902
21903
21904
21905
21906
21938
21939
21956
22007
22017
22024
22027
22028
22029
22030
22031
22032
22033
22034
22035
22048
22140
22141
22142
22161
22162
22163
22164
22165
22166
22167
22168
22178
22179
22180
22387
22388
22389
22427
22428
22429
22441
22442
22443
22459
22460
22482
22483
22524
22525
22526
22527
22528
22529
22530
22557
22558
22578
22579
22592
22593
22738
22739
22740
22741
22748
22749
22750
22751
22775
22776
22777
22783
22784
22785
22786
22793
22794
22795
22811
22812
22826
22844
22845
22870
22871
22883
22923
22942
22943
22944
22945
22946
22947
22964
22965
22966
22967
22968
22994
22995
23001
23027
23028
23037
23040
23041
23048
23049
23050
23051
23053
23054
23058
23059
23070
23108
23110
23111
23112
23113
23114
23115
23122
23123
23124
23125
23126
23137
23138
23139
23140
23141
23142
23143
23148
23158
23159
23160
23161
23165
23168
23169
23170
23171
23187
23188
23189
23208
23210
23211
23213
23230
23231
23232
23233
23234
23235
23266
23267
23268
23269
23270
23271
23272
23273
23274
23275
23276
23277
23278
23279
23280
23308
23309
23310
23311
23312
23313
23314
23350
23435
23436
23457
23458
23459
23464
23465
23493
23494
23495
23496
23497
23498
23499
23500
23510
23522
23523
23544
23545
23564
23565
23616
23617
23618
23619
23701
23702
23703
23704
23705
23716
23717
23718
23730
23731
23732
23733
23734
23735
23740
23741
23762
23763
23764
23765
23766
23767
23807
23813
23814
23815
23837
23838
23839
23840
23841
23842
23843
23844
23845
23846
23847
23848
23849
23850
23851
23852
23853
23854
23855
23856
23857
23858
23859
23882
23883
23884
23885
23886
23887
23888
23909
23910
23911
23920
23925
23926
23930
23935
23936
23937
23938
23939
23940
23967
23968
23969
23970
23971
23972
23973
23974
23975
23976
23998
23999
24000
24001
24002
24003
24004
24035
24037
24041
24042
24046
24047
24048
24049
24096
24100
24101
24106
24125
24126
24138
24142
24160
24161
24162
24180
24193
24194
24195
24208
24209
24210
24211
24212
24213
24214
24232
24233
24245
24246
24247
24248
24249
24250
24254
24268
24269
24270
24271
24272
24296
24310
24311
24312
24313
24317
24318
24319
24320
24321
24322
24323
24324
24342
24343
24344
24345
24382
24395
24396
24397
24398
24406
24407
24408
24409
24475
24477
24480
24481
24482
24504
24505
24506
24509
24510
24511
24513
24514
24535
24536
24537
24550
24551
24552
24553
24554
24555
24562
24581
24584
24588
24591
24638
24639
24640
24641
24654
24655
24658
24659
24660
24661
24662
24712
24713
24714
24715
24716
24717
24718
24719
24720
24721
24740
24741
24742
24743
24744
24745
24746
24747
24748
24752
24755
24830
24881
24898
24899
24900
24923
24924
24925
24926
24927
24943
24944
24945
24946
24954
24955
24956
24957
24958
24959
24960
24961
24962
24995
25000
25001
25002
25003
25004
25005
25011
25012
25013
25026
25027
25028
25041
25042
25062
25063
25064
25065
25066
25067
25068
25069
25070
25071
25072
25100
25119
25120
25129
25130
25131
25132
25133
25134
25135
25155
25156
25157
25158
25159
25160
25208
25260
25261
25262
25263
25264
25265
25266
25267
25282
25283
25284
25285
25312
25324
25325
25326
25327
25328
25329
25330
25331
25332
25333
25334
25335
25336
25337
25338
25339
25340
25341
25342
25374
25375
25423
25428
25429
25430
25431
25432
25433
25457
25458
25459
25460
25469
25470
25471
25472
25484
25485
25495
25513
25514
25515
25516
25517
25518
25538
25539
25540
25541
25554
25556
25557
25558
25559
25560
25561
25562
25563
25569
25570
25571
25572
25573
25574
25575
25576
25591
25592
25593
25594
25618
25638
25639
25640
25661
25667
25669
25670
25671
25672
25683
25691
25702
25703
25704
25729
25760
25761
25762
25803
25804
25879
25880
25881
25882
25883
25891
25892
25893
25894
25984
25985
25986
25987
26000
26032
26055
26056
26057
26064
26068
26081
26089
26090
26124
26125
26126
26127
26229
26230
26231
26232
26233
26243
26244
26245
26246
26247
26248
26249
26250
26251
26252
26259
26265
26266
26267
26268
26269
26327
26328
26329
26330
26331
26332
26333
26334
26335
26336
26356
26357
26358
26359
26360
26361
26362
26363
26364
26365
26366
26367
26384
26385
26386
26387
26388
26389
26390
26398
26399
26400
26401
26402
26403
26404
26410
26411
26412
26489
26490
26491
26492
26493
26494
26495
26496
26498
26499
26500
26501
26502
26503
26504
26505
26506
26507
26508
26509
26510
26521
26522
26523
26524
26532
26533
26534
26535
26662
26663
26664
26665
26724
26725
26747
26764
26794
26795
26816
26820
26823
