6
11
14
15
23
24
36
42
43
48
52
56
57
65
70
73
77
81
82
90
92
96
97
101
108
111
114
118
123
128
133
140
152
158
159
170
176
177
183
184
185
191
195
200
206
209
216
219
220
233
240
241
245
246
254
261
262
266
270
273
279
286
293
300
312
316
317
320
322
326
327
334
339
345
346
350
357
360
363
367
368
373
387
392
399
402
403
404
407
409
412
414
415
419
421
422
426
435
444
446
451
462
470
481
489
504
516
517
526
527
537
538
539
550
560
561
584
585
593
594
601
605
610
611
616
623
624
630
633
637
638
644
647
649
652
656
659
662
665
668
669
671
677
685
687
688
692
702
707
709
717
724
727
729
738
742
743
745
749
752
760
764
766
769
770
773
777
780
784
791
796
803
804
805
820
821
822
839
848
851
855
860
862
865
869
873
877
881
884
887
889
892
897
899
901
907
908
916
921
922
926
932
936
940
943
945
949
954
956
957
959
961
964
971
973
982
985
995
996
1005
1008
1017
1019
1022
1028
1030
1037
1038
1039
1043
1045
1049
1052
1053
1061
1065
1066
1068
1069
1073
1075
1080
1082
1087
1090
1091
1099
1113
1123
1137
1145
1166
1168
1169
1179
1184
1186
1187
1195
1198
1199
1204
1207
1212
1216
1217
1222
1227
1228
1239
1243
1249
1253
1255
1256
1266
1269
1271
1279
1281
1290
1297
1298
1303
1304
1311
1319
1323
1324
1328
1332
1333
1343
1344
1348
1350
1353
1356
1359
1360
1364
1367
1368
1375
1380
1381
1386
1390
1391
1398
1402
1404
1405
1409
1410
1412
1420
1424
1425
1429
1438
1444
1448
1454
1458
1459
1468
1469
1471
1474
1479
1480
1483
1486
1492
1493
1496
1499
1505
1506
1507
1508
1512
1515
1516
1519
1525
1527
1529
1533
1536
1537
1539
1541
1547
1548
1550
1552
1556
1557
1558
1560
1562
1570
1571
1580
1594
1595
1596
1601
1613
1628
1629
1634
1636
1640
1641
1649
1656
1660
1667
1668
1673
1678
1684
1688
1689
1692
1695
1696
1702
1703
1707
1709
1711
1714
1718
1729
1733
1736
1743
1748
1752
1754
1757
1760
1762
1763
1764
1765
1766
1774
1776
1777
1779
1787
1794
1798
1803
1812
1815
1845
1846
1856
1866
1874
1884
1886
1887
1890
1894
1896
1899
1902
1908
1911
1913
1916
1917
1921
1926
1929
1936
1941
1949
1952
1954
1958
1959
1962
1967
1968
1974
1977
1981
1985
1989
1991
1998
2012
2020
2021
2031
2039
2046
2053
2054
2056
2059
2065
2068
2070
2071
2077
2086
2087
2090
2096
2115
2121
2123
2126
2128
2130
2133
2134
2139
2140
2144
2146
2147
2150
2156
2159
2162
2166
2168
2171
2173
2177
2178
2180
2181
2184
2185
2187
2191
2193
2197
2207
2208
2210
2218
2219
2222
2231
2232
2239
2240
2247
2251
2257
2262
2265
2267
2269
2279
2284
2293
2295
2300
2301
2309
2313
2318
2320
2329
2334
2336
2342
2346
2351
2352
2358
2359
2361
2364
2368
2369
2375
2376
2380
2381
2386
2388
2393
2394
2400
2405
2408
2409
2412
2418
2427
2431
2439
2443
2449
2450
2454
2464
2465
2477
2491
2492
2501
2506
2509
2512
2515
2520
2525
2526
2530
2531
2537
2538
2542
2546
2550
2551
2557
2579
2580
2598
2599
2602
2613
2614
2625
2626
2634
2649
2650
2663
2664
2669
2672
2675
2686
2696
2708
2722
2738
2747
2750
2752
2755
2757
2761
2768
2774
2777
2779
2785
2793
2795
2801
2807
2817
2818
2822
2827
2831
2834
2835
2838
2841
2845
2848
2850
2860
2861
2864
2865
2874
2877
2879
2880
2883
2885
2887
2889
2892
2893
2894
2899
2907
2911
2913
2914
2917
2920
2922
2925
2927
2933
2936
2938
2944
2949
2950
2954
2957
2964
2974
2988
2994
2998
3006
3007
3016
3029
3030
3037
3044
3048
3050
3051
3052
3054
3056
3061
3062
3063
3080
3091
3096
3098
3099
3102
3106
3111
3115
3116
3121
3131
3133
3138
3144
3150
3151
3158
3160
3166
3174
3175
3186
3193
3201
3205
3206
3215
3224
3228
3235
3240
3245
3252
3259
3264
3266
3272
3273
3279
3280
3281
3287
3289
3292
3298
3300
3302
3305
3310
3312
3313
3317
3328
3344
3348
3351
3354
3360
3364
3367
3372
3378
3385
3393
3400
3404
3410
3412
3419
3422
3425
3428
3431
3432
3438
3442
3443
3448
3453
3463
3466
3468
3470
3474
3475
3477
3479
3482
3484
3487
3488
3506
3509
3510
3524
3525
3538
3551
3555
3563
3571
3577
3579
3581
3586
3589
3593
3595
3596
3599
3600
3604
3609
3614
3620
3624
3625
3630
3631
3636
3639
3647
3650
3654
3657
3658
3661
3666
3683
3684
3688
3691
3695
3698
3699
3703
3704
3710
3714
3720
3723
3724
3729
3740
3746
3747
3756
3757
3767
3776
3780
3785
3786
3790
3798
3802
3814
3818
3822
3824
3830
3831
3835
3836
3840
3841
3843
3847
3849
3850
3855
3859
3862
3866
3867
3871
3874
3877
3881
3884
3885
3888
3889
3892
3896
3901
3905
3911
3916
3920
3922
3925
3927
3930
3933
3936
3937
3940
3941
3944
3949
3950
3951
3953
3954
3957
3961
3964
3967
3970
3971
3978
3988
3999
4008
4009
4017
4024
4033
4034
4045
4049
4051
4061
4064
4069
4074
4075
4081
4084
4085
4086
4088
4091
4095
4097
4098
4101
4105
4107
4112
4115
4116
4117
4121
4122
4128
4129
4132
4133
4136
4137
4141
4150
4154
4155
4162
4168
4172
4174
4178
4186
4192
4195
4205
4209
4213
4218
4219
4224
4233
4239
4243
4248
4249
4252
4254
4259
4262
4263
4274
4285
4287
4288
4290
4293
4300
4301
4307
4309
4310
4316
4318
4323
4326
4329
4330
4336
4341
4356
4361
4364
4370
4374
4375
4381
4385
4389
4397
4401
4402
4407
4412
4415
4417
4419
4423
4424
4425
4427
4432
4436
4440
4441
4445
4446
4452
4455
4456
4461
4464
4470
4476
4481
4484
4488
4494
4499
4503
4505
4506
4510
4512
4514
4515
4518
4522
4526
4527
4529
4553
4557
4562
4586
4587
4594
4601
4605
4611
4617
4618
4623
4628
4635
4636
4642
4643
4646
4651
4656
4657
4664
4665
4670
4675
4679
4682
4691
4698
4699
4703
4706
4711
4713
4716
4720
4723
4726
4727
4728
4730
4731
4732
4735
4740
4743
4748
4754
4756
4759
4762
4764
4767
4770
4771
4772
4776
4777
4779
4783
4786
4787
4789
4794
4798
4799
4802
4810
4813
4817
4820
4824
4825
4830
4835
4837
4842
4844
4845
4850
4851
4852
4857
4858
4863
4864
4872
4876
4879
4889
4896
4899
4916
4917
4920
4921
4924
4930
4933
4935
4942
4948
4949
4957
4964
4969
4970
4975
4977
4983
4984
4992
4996
5000
5005
5010
5013
5016
5021
5026
5029
5030
5032
5034
5035
5041
5045
5050
5056
5057
5062
5067
5071
5078
5083
5084
5087
5088
5089
5091
5093
5098
5105
5108
5112
5114
5117
5118
5121
5123
5126
5132
5133
5139
5140
5144
5149
5150
5156
5157
5160
5165
5168
5172
5174
5176
5177
5181
5184
5185
5190
5191
5196
5202
5207
5212
5219
5220
5223
5229
5233
5234
5237
5244
5247
5255
5259
5263
5264
5265
5266
5270
5273
5274
5276
5278
5280
5282
5284
5289
5291
5294
5297
5299
5302
5305
5310
5312
5313
5316
5320
5322
5327
5335
5336
5339
5344
5347
5355
5359
5365
5383
5386
5387
5391
5393
5399
5408
5412
5417
5420
5426
5428
5432
5433
5437
5440
5441
5447
5451
5454
5460
5462
5468
5471
5476
5480
5481
5488
5489
5494
5495
5502
5508
5520
5523
5529
5545
5551
5563
5565
5570
5571
5584
5591
5596
5602
5607
5612
5616
5625
5628
5633
5635
5646
5647
5649
5659
5660
5663
5666
5669
5672
5676
5678
5684
5685
5699
5703
5708
5719
5723
5728
5732
5733
5736
5737
5739
5742
5745
5746
5750
5753
5754
5757
5758
5762
5764
5766
5770
5771
5772
5776
5778
5780
5781
5782
5786
5789
5791
5792
5795
5799
5804
5805
5807
5812
5815
5816
5818
5821
5823
5824
5826
5827
5830
5837
5843
5850
5854
5858
5871
5878
5883
5894
5898
5902
5907
5915
5921
5924
5928
5931
5938
5941
5959
5969
5970
5974
5979
5983
5988
5993
5998
6005
6015
6016
6026
6027
6032
6034
6037
6038
6039
6041
6045
6046
6050
6052
6055
6059
6060
6067
6071
6074
6081
6087
6097
6105
6110
6115
6119
6122
6130
6134
6140
6144
6148
6152
6155
6158
6159
6162
6168
6175
6176
6179
6182
6186
6189
6190
6194
6196
6199
6204
6207
6211
6212
6217
6222
6224
6225
6229
6233
6238
6242
6245
6246
6250
6251
6257
6258
6261
6264
6265
6269
6273
6279
6284
6286
6291
6293
6294
6295
6296
6299
6305
6308
6309
6311
6317
6320
6322
6323
6326
6330
6331
6335
6336
6339
6343
6344
6346
6349
6357
6358
6366
6367
6372
6375
6376
6380
6387
6390
6391
6397
6400
6405
6416
6417
6421
6422
6431
6433
6440
6448
6458
6464
6475
6480
6481
6484
6486
6487
6492
6493
6498
6501
6503
6514
6523
6532
6546
6549
6551
6555
6556
6559
6562
6566
6575
6576
6581
6583
6587
6589
6592
6594
6601
6603
6605
6606
6607
6609
6617
6618
6619
6620
6622
6626
6627
6633
6644
6645
6650
6655
6656
6666
6667
6671
6678
6679
6684
6685
6689
6692
6702
6705
6710
6712
6713
6716
6717
6719
6721
6723
6726
6729
6730
6731
6736
6749
6751
6754
6763
6764
6767
6768
6772
6773
6777
6782
6791
6797
6804
6809
6810
6816
6821
6827
6834
6835
6846
6856
6865
6866
6872
6877
6882
6883
6887
6894
6895
6901
6907
6912
6927
6943
6944
6956
6962
6969
6974
6979
6982
6984
6988
6991
6992
6999
7006
7010
7012
7018
7020
7028
7034
7045
7048
7050
7054
7057
7061
7062
7069
7074
7081
7082
7103
7106
7115
7119
7123
7127
7136
7138
7142
7143
7144
7147
7156
7169
7172
7176
7183
7189
7200
7203
7208
7210
7215
7218
7225
7235
7240
7241
7246
7253
7259
7269
7273
7279
7280
7282
7286
7287
7294
7296
7300
7305
7313
7318
7322
7323
7328
7334
7335
7337
7340
7351
7354
7359
7365
7369
7371
7372
7377
7382
7384
7392
7396
7397
7401
7408
7410
7414
7418
7419
7423
7424
7426
7427
7428
7431
7435
7436
7439
7442
7443
7446
7451
7452
7453
7456
7457
7464
7465
7466
7469
7474
7480
7487
7502
7505
7510
7513
7528
7529
7530
7533
7539
7543
7548
7549
7558
7563
7569
7572
7581
7583
7587
7590
7599
7605
7606
7609
7614
7618
7625
7628
7631
7637
7658
7659
7684
7692
7693
7699
7732
7738
7740
7746
7756
7764
7765
7800
7817
7821
7822
7827
7833
7836
7845
7853
7857
7860
7866
7877
7881
7886
7888
7890
7892
7893
7898
7904
7906
7912
7917
7918
7923
7930
7931
7934
7937
7940
7941
7944
7946
7948
7949
7952
7955
7958
7960
7967
7969
7976
7977
7983
7987
7997
7998
8003
8006
8015
8020
8025
8026
8029
8030
8036
8037
8040
8044
8048
8053
8057
8058
8065
8072
8073
8083
8088
8089
8100
8101
8102
8114
8115
8121
8124
8128
8131
8142
8143
8157
8158
8163
8167
8169
8173
8178
8179
8180
8190
8198
8203
8210
8218
8219
8229
8230
8231
8238
8244
8247
8248
8252
8255
8269
8270
8271
8278
8285
8292
8303
8304
8307
8315
8318
8326
8328
8330
8332
8333
8334
8339
8344
8345
8347
8350
8355
8356
8363
8364
8367
8370
8375
8380
8381
8383
8384
8389
8392
8397
8398
8400
8404
8406
8407
8412
8413
8414
8417
8422
8429
8432
8434
8435
8441
8463
8476
8491
8497
8502
8503
8513
8519
8520
8525
8526
8533
8540
8544
8548
8549
8559
8567
8582
8586
8590
8598
8599
8606
8607
8614
8616
8622
8630
8635
8640
8647
8648
8649
8652
8653
8655
8674
8678
8680
8686
8691
8697
8704
8708
8714
8717
8721
8725
8728
8731
8733
8735
8736
8738
8741
8746
8750
8752
8755
8758
8759
8760
8762
8763
8767
8769
8781
8784
8787
8789
8790
8796
8797
8799
8805
8806
8822
8824
8830
8831
8835
8836
8840
8845
8847
8852
8853
8857
8860
8865
8871
8874
8881
8887
8895
8897
8899
8907
8908
8923
8931
8936
8938
8944
8951
8952
8954
8956
8958
8961
8962
8963
8965
8972
8978
8983
8989
8993
8995
8997
9001
9002
9003
9005
9009
9014
9015
9016
9024
9025
9031
9035
9038
9040
9043
9049
9057
9060
9065
9066
9070
9072
9074
9079
9080
9084
9091
9092
9093
9101
9103
9105
9107
9110
9111
9116
9123
9124
9135
9144
9147
9154
9155
9158
9162
9166
9173
9181
9182
9191
9192
9198
9206
9207
9212
9213
9214
9218
9222
9228
9229
9230
9240
9241
9252
9256
9257
9265
9266
9272
9276
9281
9294
9295
9305
9306
9309
9312
9313
9321
9322
9332
9333
9339
9341
9344
9349
9352
9355
9364
9365
9372
9383
9392
9393
9398
9401
9403
9405
9413
9414
9427
9428
9438
9439
9443
9453
9456
9461
9463
9465
9467
9471
9472
9477
9480
9482
9487
9490
9493
9496
9498
9502
9504
9505
9512
9518
9521
9525
9527
9528
9531
9539
9542
9543
9550
9555
9557
9563
9564
9568
9569
9573
9578
9584
9588
9591
9594
9597
9599
9600
9603
9605
9608
9610
9614
9617
9624
9625
9627
9631
9632
9635
9637
9644
9650
9662
9669
9674
9680
9683
9690
9695
9699
9702
9704
9705
9710
9716
9719
9722
9723
9724
9725
9728
9730
9732
9734
9738
9743
9748
9751
9759
9764
9770
9771
9772
9776
9777
9778
9780
9788
9807
9816
9829
9839
9841
9856
9858
9873
9879
9884
9887
9893
9895
9901
9908
9931
9938
9951
9954
9958
9961
9962
9965
9967
9971
9974
9975
9977
9979
9987
9996
10001
10018
10020
10026
10030
10031
10034
10045
10046
10047
10048
10050
10054
10055
10056
10059
10061
10065
10068
10070
10072
10074
10075
10077
10082
10083
10088
10091
10096
10097
10102
10110
10113
10118
10125
10126
10130
10134
10140
10158
10161
10162
10166
10172
10173
10183
10189
10200
10201
10206
10211
10212
10216
10218
10219
10224
10226
10230
10232
10235
10238
10240
10243
10244
10247
10249
10250
10252
10253
10260
10262
10265
10266
10270
10275
10279
10280
10285
10294
10302
10317
10322
10332
10338
10341
10347
10353
10367
10368
10369
10381
10393
10394
10395
10406
10407
10416
10417
10418
10426
10427
10439
10442
10453
10460
10479
10495
10504
10505
10510
10513
10514
10525
10528
10531
10533
10535
10537
10541
10547
10553
10556
10558
10563
10567
10568
10570
10574
10578
10579
10584
10587
10593
10597
10601
10602
10607
10610
10615
10619
10624
10628
10632
10633
10638
10639
10644
10651
10656
10657
10662
10666
10675
10679
10686
10687
10695
10700
10713
10723
10724
10730
10731
10739
10750
10758
10770
10776
10782
10784
10787
10793
10796
10802
10806
10810
10813
10818
10826
10829
10831
10837
10838
10847
10856
10865
10870
10877
10882
10883
10887
10893
10897
10901
10902
10906
10908
10913
10915
10918
10919
10924
10926
10931
10947
10954
10974
10980
10994
11000
11001
11002
11003
11006
11022
11023
11029
11038
11043
11048
11052
11062
11070
11076
11077
11084
11085
11090
11098
11103
11106
11114
11117
11125
11131
11146
11151
11152
11157
11160
11161
11164
11165
11167
11171
11179
11184
11186
11187
11189
11195
11197
11203
11205
11209
11210
11215
11218
11224
11227
11228
11241
11252
11256
11258
11259
11265
11271
11275
11277
11280
11282
11284
11285
11287
11291
11292
11293
11295
11296
11300
11303
11306
11307
11310
11314
11316
11317
11319
11323
11328
11330
11336
11341
11343
11345
11350
11357
11363
11370
11375
11380
11394
11401
11405
11415
11425
11439
11449
11455
11461
11466
11467
11472
11476
11487
11492
11501
11516
11522
11528
11534
11543
11548
11558
11569
11579
11585
11592
11595
11597
11601
11605
11608
11611
11614
11617
11618
11623
11628
11629
11632
11633
11637
11640
11642
11645
11649
11650
11667
11673
11680
11681
11687
11693
11703
11709
11717
11723
11727
11737
11738
11748
11752
11753
11771
11778
11779
11781
11782
11788
11792
11795
11806
11819
11837
11843
11851
11852
11853
11861
11862
11867
11870
11876
11881
11893
11896
11899
11905
11906
11907
11908
11911
11913
11916
11919
11922
11925
11926
11930
11933
11938
11947
11948
11949
11955
11958
11964
11970
11975
11992
11993
11994
12008
12013
12017
12031
12039
12040
12043
12046
12048
12052
12056
12060
12063
12064
12067
12082
12083
12084
12092
12093
12102
12103
12112
12121
12139
12146
12151
12154
12160
12167
12171
12174
12178
12180
12187
12193
12199
12200
12205
12214
12216
12219
12222
12227
12231
12232
12237
12239
12241
12244
12245
12249
12250
12255
12256
12261
12262
12268
12273
12279
12285
12289
12295
12305
12306
12311
12320
12321
12327
12333
12339
12343
12344
12352
12353
12362
12367
12368
12374
12385
12386
12391
12396
12401
12402
12406
12407
12410
12416
12417
12420
12421
12425
12429
12432
12435
12438
12442
12447
12451
12454
12456
12458
12459
12463
12466
12467
12469
12472
12475
12477
12478
12480
12484
12485
12487
12493
12507
12509
12511
12516
12520
12525
12528
12532
12536
12537
12543
12545
12550
12553
12554
12556
12560
12562
12564
12568
12569
12571
12574
12578
12582
12583
12591
12592
12596
12600
12605
12610
12614
12615
12620
12621
12626
12634
12635
12642
12643
12646
12653
12654
12658
12659
12679
12686
12698
12700
12705
12718
12720
12721
12724
12730
12736
12742
12748
12752
12756
12762
12771
12772
12780
12787
12788
12794
12795
12799
12800
12805
12810
12816
12824
12844
12851
12855
12857
12862
12866
12867
12868
12870
12874
12876
12877
12883
12884
12885
12895
12896
12897
12902
12903
12904
12908
12911
12916
12921
12928
12931
12940
12942
12946
12957
12961
12967
12977
12983
12989
12995
12996
13001
13008
13013
13016
13020
13030
13032
13037
13048
13055
13060
13065
13088
13093
13094
13097
13102
13108
13110
13114
13118
13120
13123
13124
13128
13132
13134
13137
13139
13146
13150
13156
13157
13163
13164
13171
13172
13177
13178
13181
13183
13184
13188
13192
13211
13213
13214
13215
13217
13220
13225
13226
13229
13233
13236
13239
13240
13245
13247
13250
13255
13260
13261
13262
13271
13272
13287
13290
13305
13309
13312
13319
13320
13321
13322
13331
13332
13334
13348
13353
13354
13361
13364
13369
13375
13378
13385
13388
13403
13406
13407
13421
13430
13436
13438
13442
13445
13447
13449
13451
13452
13453
13454
13458
13463
13476
13482
13485
13490
13491
13496
13501
13503
13504
13506
13511
13515
13519
13526
13529
13540
13551
13552
13553
13583
13584
13586
13590
13592
13597
13602
13607
13609
13615
13622
13639
13644
13648
13652
13658
13667
13672
13674
13679
13687
13711
13715
13717
13718
13720
13724
13726
13727
13728
13732
13733
13735
13737
13740
13741
13743
13747
13749
13750
13753
13755
13756
13760
13766
13767
13768
13769
13773
13775
13776
13777
13785
13786
13788
13796
13801
13812
13820
13821
13829
13835
13838
13847
13854
13861
13867
13868
13871
13873
13879
13884
13887
13892
13898
13903
13909
13913
13918
13922
13927
13939
13944
13948
13951
13956
13964
13966
13972
13977
13978
13986
13987
13996
14009
14014
14018
14026
14031
14037
14043
14047
14049
14062
14065
14068
14070
14073
14075
14081
14083
14084
14086
14088
14091
14093
14096
14097
14111
14115
14122
14126
14132
14138
14139
14154
14155
14161
14165
14171
14177
14178
14185
14192
14197
14201
14207
14210
14211
14214
14224
14230
14234
14238
14239
14243
14248
14252
14254
14259
14265
14278
14279
14284
14293
14300
14301
14310
14314
14320
14325
14329
14332
14335
14337
14342
14343
14349
14350
14355
14359
14368
14377
14384
14391
14395
14396
14399
14400
14404
14407
14408
14412
14415
14416
14420
14424
14425
14428
14431
14432
14435
14437
14442
14446
14451
14452
14455
14457
14461
14462
14466
14469
14470
14474
14477
14478
14481
14486
14489
14494
14496
14497
14501
14507
14510
14516
14521
14526
14530
14531
14540
14543
14544
14547
14552
14556
14558
14560
14561
14563
14566
14567
14569
14576
14577
14581
14583
14588
14593
14595
14597
14599
14601
14602
14611
14614
14615
14619
14624
14626
14633
14638
14639
14643
14647
14656
14660
14668
14675
14676
14681
14689
14690
14692
14693
14709
14716
14721
14724
14725
14730
14734
14737
14747
14754
14760
14761
14765
14769
14774
14778
14781
14786
14796
14801
14806
14816
14817
14821
14855
14860
14873
14876
14881
14884
14893
14896
14897
14900
14906
14909
14913
14920
14928
14934
14939
14945
14946
14947
14948
14955
14956
14962
14974
14982
14987
14988
14998
14999
15006
15012
15013
15017
15019
15025
15029
15031
15032
15037
15040
15043
15044
15046
15049
15054
15060
15068
15075
15076
15082
15088
15094
15114
15116
15120
15122
15123
15124
15128
15129
15132
15133
15137
15139
15143
15146
15150
15151
15156
15166
15167
15169
15171
15174
15180
15184
15185
15192
15198
15199
15201
15208
15212
15220
15221
15227
15229
15236
15241
15244
15245
15248
15251
15252
15253
15254
15262
15272
15274
15278
15279
15282
15283
15286
15287
15290
15291
15294
15295
15298
15301
15305
15306
15308
15311
15312
15314
15315
15317
15318
15321
15326
15327
15331
15332
15336
15337
15342
15343
15348
15350
15351
15352
15355
15357
15362
15363
15366
15370
15371
15376
15380
15381
15382
15384
15386
15392
15393
15400
15401
15404
15406
15412
15422
15427
15440
15444
15455
15457
15459
15460
15468
15469
15478
15479
15486
15490
15498
15502
15503
15508
15516
15517
15524
15532
15542
15544
15545
15550
15551
15586
15595
15600
15603
15605
15611
15616
15620
15628
15633
15637
15646
15650
15662
15666
15670
15677
15681
15686
15689
15693
15698
15699
15706
15707
15710
15719
15723
15725
15732
15733
15740
15744
15746
15748
15755
15758
15761
15766
15771
15778
15786
15787
15790
15793
15796
15801
15807
15811
15816
15820
15824
15832
15840
15846
15853
15857
15863
15868
15873
15877
15880
15887
15890
15894
15895
15897
15898
15903
15905
15907
15912
15916
15921
15924
15928
15936
15940
15946
15947
15953
15960
15965
15966
15969
15970
15976
15978
15980
15984
15988
15989
15992
15995
15998
15999
16002
16008
16011
16015
16018
16022
16024
16030
16034
16036
16038
16042
16046
16051
16057
16061
16068
16077
16082
16083
16087
16094
16103
16107
16117
16121
16123
16127
16130
16131
16133
16134
16138
16143
16150
16164
16167
16172
16177
16181
16185
16191
16195
16196
16199
16205
16207
16210
16212
16213
16217
16218
16221
16222
16229
16241
16247
16257
16262
16276
16277
16283
16288
16289
16295
16299
16301
16302
16304
16306
16309
16312
16315
16319
16320
16323
16328
16331
16332
16337
16339
16344
16346
16350
16351
16358
16359
16364
16365
16367
16368
16371
16372
16377
16380
16387
16390
16395
16396
16402
16403
16410
16411
16416
16417
16422
16424
16428
16432
16433
16435
16442
16443
16450
16451
16452
16454
16458
16462
16466
16468
16470
16471
16482
16491
16492
16498
16506
16517
16528
16531
16532
16536
16540
16554
16578
16579
16584
16588
16597
16598
16602
16603
16604
16608
16611
16615
16616
16619
16622
16623
16633
16635
16640
16641
16647
16651
16657
16664
16669
16670
16676
16679
16680
16684
16687
16690
16698
16702
16703
16706
16711
16713
16720
16726
16745
16752
16757
16763
16766
16776
16784
16789
16793
16800
16802
16809
16818
16824
16828
16846
16851
16852
16857
16863
16864
16865
16866
16871
16874
16875
16879
16885
16886
16888
16892
16897
16898
16900
16908
16914
16915
16918
16924
16925
16930
16931
16935
16940
16943
16949
16950
16955
16956
16958
16962
16968
16970
16971
16972
16981
16986
16989
16990
16992
16994
16997
16999
17000
17004
17007
17009
17012
17014
17019
17020
17021
17025
17026
17028
17031
17038
17045
17051
17052
17055
17064
17070
17071
17072
17076
17078
17082
17083
17089
17090
17092
17095
17101
17105
17110
17111
17112
17116
17117
17121
17131
17140
17141
17142
17145
17151
17152
17155
17160
17164
17167
17172
17173
17176
17184
17185
17188
17197
17201
17209
17216
17223
17226
17257
17258
17276
17295
17331
17345
17348
17376
17379
17381
17382
17389
17390
17395
17401
17402
17407
17408
17415
17417
17424
17430
17431
17432
17435
17440
17441
17447
17448
17452
17453
17457
17458
17459
17465
17466
17467
17471
17476
17477
17484
17485
17486
17488
17492
17493
17497
17500
17502
17506
17511
17518
17524
17532
17535
17540
17544
17547
17552
17553
17560
17564
17571
17575
17578
17588
17597
17599
17602
17607
17610
17611
17629
17646
17647
17660
17661
17672
17692
17696
17702
17709
17717
17718
17727
17728
17732
17740
17745
17752
17756
17760
17766
17769
17770
17775
17781
17786
17789
17790
17792
17795
17798
17799
17803
17815
17818
17820
17823
17824
17825
17827
17842
17850
17856
17858
17863
17884
17893
17899
17905
17908
17912
17915
17920
17922
17925
17928
17929
17934
17937
17941
17943
17947
17952
17957
17959
17961
17968
18020
18034
18065
18066
18072
18078
18080
18084
18094
18098
18102
18103
18104
18108
18114
18115
18119
18120
18124
18128
18132
18133
18138
18142
18143
18147
18149
18155
18156
18159
18163
18166
18173
18176
18181
18183
18184
18189
18190
18193
18201
18206
18214
18218
18219
18226
18232
18233
18243
18245
18248
18249
18254
18262
18264
18265
18270
18271
18276
18279
18282
18331
18355
18361
18364
18367
18370
18371
18374
18382
18387
18391
18394
18396
18398
18409
18410
18413
18415
18418
18421
18427
18439
18443
18449
18451
18456
18463
18465
18472
18475
18476
18480
18481
18483
18489
18490
18494
18502
18503
18507
18517
18534
18536
18538
18540
18541
18542
18545
18546
18548
18549
18552
18555
18559
18563
18565
18568
18571
18575
18577
18581
18585
18590
18594
18596
18600
18601
18605
18608
18612
18613
18614
18618
18621
18633
18636
18639
18642
18643
18647
18652
18657
18662
18680
18692
18697
18699
18701
18702
18709
18714
18717
18718
18722
18723
18732
18736
18737
18745
18752
18753
18761
18767
18768
18774
18778
18781
18782
18787
18793
18794
18814
18821
18830
18838
18841
18846
18854
18861
18875
18886
18889
18890
18897
18898
18902
18905
18906
18908
18912
18915
18916
18922
18925
18929
18931
18935
18938
18939
18946
18947
18951
18954
18960
18962
18965
18966
18972
18973
18981
18983
18992
18993
18999
19000
19005
19009
19010
19014
19018
19019
19024
19025
19032
19034
19037
19047
19054
19057
19062
19067
19068
19073
19080
19084
19086
19090
19099
19102
19109
19112
19113
19119
19123
19124
19129
19133
19148
19158
19175
19202
19212
19218
19220
19221
19224
19229
19238
19241
19247
19251
19252
19255
19262
19267
19273
19284
19290
19292
19301
19312
19316
19322
19325
19332
19343
19345
19351
19357
19359
19368
19369
19375
19379
19381
19385
19388
19391
19396
19399
19408
19412
19413
19425
19426
19431
19439
19442
19447
19450
19456
19458
19465
19488
19508
19513
19517
19521
19524
19526
19527
19530
19533
19534
19538
19540
19549
19557
19559
19561
19564
19572
19583
19588
19592
19593
19597
19602
19607
19608
19611
19616
19617
19626
19639
19642
19646
19675
19679
19688
19695
19696
19701
19707
19715
19720
19721
19723
19727
19731
19732
19733
19736
19737
19739
19741
19743
19748
19749
19754
19755
19757
19759
19763
19764
19765
19784
19790
19791
19795
19800
19811
19814
19818
19822
19826
19830
19836
19842
19851
19854
19858
19862
19863
19866
19870
19874
19878
19879
19880
19887
19892
19896
19904
19916
19918
19919
19920
19921
19930
19935
19938
19946
19947
19966
19967
19977
19984
19996
19997
20001
20003
20009
20022
20031
20035
20043
20044
20048
20056
20060
20069
20074
20081
20097
20105
20106
20107
20114
20115
20122
20129
20137
20139
20142
20144
20147
20150
20155
20158
20159
20161
20166
20168
20169
20170
20174
20177
20178
20183
20186
20187
20190
20192
20193
20195
20199
20203
20205
20206
20210
20211
20216
20220
20224
20225
20227
20235
20241
20249
20266
20291
20303
20305
20306
20312
20313
20324
20328
20335
20345
20357
20358
20368
20385
20386
20396
20397
20410
20418
20419
20423
20424
20426
20431
20432
20433
20434
20438
20441
20442
20446
20447
20449
20453
20454
20455
20459
20463
20464
20466
20468
20469
20472
20479
20480
20484
20489
20494
20498
20499
20503
20509
20512
20518
20523
20526
20528
20529
20533
20534
20538
20542
20543
20547
20550
20554
20559
20560
20564
20565
20569
20572
20581
20585
20590
20595
20601
20605
20608
20614
20618
20622
20630
20635
20638
20642
20655
20661
20662
20666
20676
20678
20691
20692
20700
20701
20708
20710
20712
20715
20718
20727
20730
20732
20735
20738
20740
20742
20750
20751
20756
20757
20762
20768
20769
20770
20773
20779
20780
20785
20786
20789
20793
20798
20799
20800
20801
20806
20807
20808
20812
20815
20816
20818
20827
20830
20831
20838
20839
20857
20860
20861
20865
20866
20871
20877
20881
20886
20887
20897
20898
20905
20917
20930
20931
20937
20939
20947
20950
20955
20956
20962
20963
20966
20974
20987
20993
21008
21012
21013
21014
21016
21020
21022
21026
21031
21036
21040
21044
21048
21050
21054
21055
21059
21061
21062
21067
21068
21071
21077
21083
21087
21089
21099
21104
21109
21116
21119
21122
21128
21132
21135
21139
21143
21146
21187
21188
21189
21192
21193
21200
21201
21202
21208
21215
21218
21219
21222
21230
21234
21238
21239
21244
21248
21251
21256
21261
21265
21275
21276
21283
21290
21295
21296
21300
21306
21307
21312
21318
21325
21327
21336
21337
21341
21344
21348
21353
21354
21357
21358
21359
21360
21361
21364
21367
21371
21374
21375
21377
21378
21379
21384
21387
21388
21393
21396
21397
21404
21407
21411
21414
21415
21419
21422
21423
21428
21431
21432
21434
21442
21450
21451
21455
21458
21463
21471
21477
21482
21485
21490
21491
21501
21502
21509
21510
21517
21518
21526
21527
21528
21530
21534
21543
21548
21550
21558
21563
21567
21570
21575
21578
21582
21583
21588
21594
21601
21602
21605
21609
21612
21613
21616
21617
21625
21628
21638
21651
21652
21661
21662
21676
21684
21690
21725
21728
21734
21740
21748
21753
21793
21803
21806
21807
21814
21815
21818
21821
21824
21832
21834
21837
21838
21840
21842
21843
21845
21846
21847
21849
21853
21854
21860
21861
21869
21876
21877
21885
21897
21905
21911
21912
21916
21923
21924
21930
21934
21940
21943
21946
21947
21952
21953
21957
21960
21961
21965
21967
21968
21987
21999
22016
22021
22024
22029
22034
22035
22038
22044
22047
22048
22053
22077
22094
22101
22116
22121
22135
22139
22150
22159
22171
22194
22219
22222
22231
22236
22239
22244
22247
22253
22255
22261
22268
22276
22286
22289
22302
22305
22309
22311
22317
22322
22324
22325
22333
22339
22343
22344
22349
22351
22354
22361
22382
22394
22398
22401
22410
22416
22417
22418
22421
22424
22434
22439
22440
22442
22452
22455
22458
22462
22467
22469
22473
22474
22476
22480
22484
22489
22495
22500
22501
22504
22509
22510
22512
22516
22521
22525
22529
22533
22537
22541
22544
22548
22550
22553
22558
22561
22562
22565
22566
22567
22569
22573
22574
22575
22581
22585
22588
22589
22591
22598
22599
22602
22603
22609
22611
22613
22614
22617
22623
22624
22629
22637
22645
22650
22651
22660
22661
22662
22668
22672
22673
22676
22677
22685
22688
22693
22694
22701
22702
22706
22707
22713
22721
22724
22731
22734
22745
22749
22752
22755
22764
22765
22767
22773
22774
22782
22786
22790
22791
22798
22804
22832
22835
22836
22840
22843
22845
22851
22852
22855
22856
22859
22863
22867
22868
22875
22878
22881
22883
22889
22891
22898
22901
22904
22908
22912
22917
22918
22922
22923
22926
22927
22931
22933
22934
22938
22939
22944
22953
22954
22960
22977
22981
22985
22990
22997
23000
23008
23012
23019
23023
23028
23029
23032
23035
23041
23045
23066
23076
23081
23086
23088
23094
23097
23106
23107
23109
23111
23113
23119
23127
23131
23134
23135
23140
23142
23153
23160
23161
23170
23182
23205
23216
23219
23221
23223
23224
23226
23229
23233
23234
23260
23287
23298
23305
23325
23326
23329
23330
23333
23334
23337
23338
23340
23342
23346
23347
23359
23360
23364
23371
23376
23380
23381
23384
23387
23391
23395
23399
23403
23405
23412
23415
23416
23421
23429
23432
23440
23443
23444
23447
23451
23455
23456
23459
23462
23470
23472
23474
23475
23481
23486
23487
23494
23495
23503
23504
23513
23514
23519
23522
23525
23549
23556
23559
23563
23569
23573
23576
23580
23583
23588
23592
23596
23598
23601
23606
23608
23615
23622
23624
23629
23632
23635
23638
23641
23643
23646
23650
23653
23657
23662
23668
23674
23684
23687
23690
23692
23693
23718
23725
23731
23732
23735
23738
23740
23743
23745
23750
23751
23754
23755
23758
23759
23764
23772
23780
23785
23795
23796
23809
23821
23840
23853
23859
23869
23881
23889
23898
23903
23907
23908
23911
23917
23918
23919
23928
23951
23952
23960
23972
23973
23981
23995
24000
24009
24015
24020
24025
24031
24037
24040
24041
24042
24043
24049
24052
24053
24054
24056
24072
24074
24078
24081
24084
24090
24093
24098
24101
24103
24110
24112
24115
24117
24118
24121
24122
24130
24135
24147
24151
24156
24160
24162
24165
24169
24175
24182
24185
24188
24192
24194
24195
24199
24204
24210
24211
24216
24217
24222
24223
24230
24236
24239
24244
24248
24267
24276
24287
24290
24300
24302
24306
24328
24332
24338
24344
24349
24362
24372
24373
24376
24378
24379
24381
24385
24388
24389
24392
24393
24396
24400
24401
24408
24410
24411
24416
24421
24422
24426
24431
24435
24439
24440
24444
24446
24447
24452
24457
24458
24467
24471
24473
24474
24477
24479
24481
24484
24487
24490
24493
24494
24496
24506
24510
24511
24516
24517
24525
24532
24541
24546
24551
24558
24565
24569
24574
24578
24590
24595
24600
24609
24610
24613
24624
24626
24627
24628
24632
24640
24646
24675
24704
24715
24728
24736
24743
24758
24761
24762
24767
24768
24775
24779
24782
24786
24787
24796
24797
24803
24806
24807
24809
24813
24817
24820
24822
24824
24826
24828
24830
24835
24836
24837
24843
24846
24857
24862
24866
24868
24872
24879
24880
24883
24884
24892
24893
24896
24903
24904
24909
24910
24915
24916
24919
24929
24930
24935
24939
24940
24945
24949
24957
24961
24969
24971
24975
24976
24979
24983
24987
25004
25005
25008
25010
25018
25019
25023
25024
25037
25057
25060
25065
25070
25077
25082
25083
25090
25095
25103
25109
25115
25117
25128
25131
25135
25139
25143
25150
25153
25159
25160
25165
25170
25173
25176
25177
25178
25180
25181
25183
25184
25187
25188
25190
25192
25194
25195
25196
25199
25200
25201
25202
25217
25222
25226
25229
25230
25234
25238
25242
25244
25246
25249
25288
25293
25296
25299
25303
25305
25309
25311
25312
25317
25318
25327
25328
25338
25347
25354
25356
25357
25365
25369
25370
25371
25373
25377
25384
25385
25388
25394
25398
25399
25405
25410
25411
25412
25413
25415
25418
25419
25426
25427
25428
25433
25435
25440
25441
25444
25449
25450
25455
25463
25467
25476
25479
25480
25485
25489
25492
25493
25499
25502
25503
25512
25514
25518
25521
25522
25525
25529
25534
25535
25536
25539
25541
25542
25544
25546
25550
25551
25561
25562
25573
25576
25581
25587
25597
25602
25607
25611
25614
25617
25624
25625
25633
25636
25637
25640
25644
25646
25648
25653
25672
25680
25696
25700
25707
25709
25715
25720
25723
25727
25728
25733
25741
25743
25745
25747
25755
25766
25769
25772
25776
25779
25782
25786
25789
25792
25796
25799
25801
25818
25819
25826
25832
25840
25841
25846
25849
25856
25860
25867
25871
25875
25883
25888
25892
25899
25900
25905
25910
25912
25914
25918
25919
25921
25923
25924
25926
25929
25931
25932
25937
25938
25939
25941
25944
25946
25951
25952
25955
25958
25959
25962
25966
25967
25970
25972
25997
25999
26003
26007
26014
26015
26019
26020
26026
26030
26036
26037
26041
26043
26052
26062
26066
26068
26070
26071
26077
26082
26084
26087
26091
26094
26095
26097
26098
26108
26111
26112
26116
26119
26121
26122
26123
26127
26132
26135
26136
26138
26146
26147
26153
26154
26161
26163
26164
26168
26170
26175
26179
26183
26191
26192
26196
26199
26204
26211
26215
26238
26248
26255
26263
26264
26266
26267
26272
26273
26277
26278
26288
26295
26301
26320
26343
26408
26412
26415
26418
26425
26432
26437
26441
26444
26477
26483
26487
26493
26505
26515
26524
26531
26569
26601
26605
26611
26615
26619
26623
26625
26631
26634
26639
26640
26643
26649
26650
26653
26655
26660
26661
26665
26680
26681
26683
26690
26693
26697
26703
26705
26712
26715
26720
26734
26736
26741
26755
26757
26776
26782
26783
26789
26790
26802
