18
20
21
29
33
34
35
37
38
42
43
44
45
48
55
57
69
70
71
76
84
89
90
91
92
99
101
112
115
124
125
126
129
130
145
146
148
154
155
164
170
172
176
178
183
184
191
193
194
200
207
208
209
210
211
221
222
223
224
227
228
231
248
250
251
252
253
254
261
262
263
264
274
275
276
277
280
287
288
289
290
293
295
298
299
301
304
305
306
308
317
318
331
332
351
354
358
362
363
364
377
378
379
381
391
392
394
401
403
424
426
435
436
442
443
451
453
457
462
465
471
480
484
485
490
494
497
500
502
507
508
513
514
515
520
521
528
529
530
531
534
536
543
544
545
549
550
565
570
572
573
574
581
582
583
587
589
592
593
594
602
603
604
606
611
614
615
619
622
628
631
634
639
642
648
651
653
654
663
664
667
669
670
675
677
678
685
687
694
697
699
702
703
706
707
708
709
710
720
721
722
723
724
727
731
732
733
734
735
738
742
743
744
745
746
751
756
757
758
759
760
766
773
774
775
780
789
790
791
799
800
801
812
813
814
815
827
828
829
833
841
842
843
851
852
853
855
856
858
863
872
873
875
877
886
887
888
890
896
900
908
909
910
912
913
916
924
925
926
927
937
938
939
940
945
949
950
951
952
956
959
965
966
967
972
973
974
978
982
986
987
988
990
991
992
993
1007
1012
1019
1021
1022
1024
1027
1036
1050
1057
1059
1060
1067
1069
1076
1077
1078
1079
1085
1087
1093
1115
1116
1117
1121
1122
1123
1124
1130
1131
1132
1133
1134
1137
1141
1144
1149
1150
1151
1153
1154
1158
1160
1161
1165
1171
1172
1173
1175
1179
1180
1181
1186
1188
1189
1192
1193
1195
1198
1202
1208
1212
1216
1227
1228
1229
1243
1244
1245
1252
1267
1268
1269
1278
1279
1280
1289
1290
1291
1300
1301
1304
1305
1306
1308
1309
1310
1311
1312
1321
1324
1327
1328
1332
1335
1337
1344
1346
1349
1350
1351
1354
1355
1358
1363
1366
1368
1369
1375
1376
1377
1385
1394
1401
1402
1403
1404
1405
1406
1407
1413
1414
1415
1420
1421
1422
1423
1425
1429
1431
1436
1437
1438
1439
1440
1441
1448
1450
1451
1456
1467
1469
1470
1473
1486
1490
1492
1493
1494
1503
1514
1515
1517
1519
1523
1524
1525
1526
1527
1531
1532
1535
1544
1545
1547
1548
1552
1556
1565
1571
1572
1573
1574
1575
1579
1582
1584
1587
1588
1589
1590
1591
1599
1603
1606
1610
1611
1616
1617
1618
1620
1621
1626
1627
1628
1629
1630
1640
1645
1649
1650
1653
1656
1657
1664
1665
1666
1670
1671
1675
1676
1677
1682
1686
1709
1715
1717
1722
1723
1727
1728
1738
1740
1745
1752
1771
1773
1784
1785
1787
1788
1801
1802
1803
1814
1816
1817
1820
1821
1822
1831
1832
1833
1837
1843
1844
1845
1846
1852
1853
1860
1861
1866
1868
1869
1876
1879
1882
1884
1886
1887
1889
1890
1891
1892
1894
1898
1899
1900
1901
1902
1905
1906
1910
1911
1912
1915
1916
1918
1919
1926
1927
1929
1930
1938
1939
1940
1941
1942
1948
1949
1953
1954
1955
1957
1959
1963
1970
1971
1972
1973
1974
1977
1988
1989
1992
1996
2000
2002
2010
2011
2012
2013
2019
2021
2024
2025
2031
2033
2034
2036
2044
2045
2046
2047
2051
2066
2067
2076
2077
2088
2091
2092
2094
2095
2099
2100
2101
2103
2104
2105
2110
2111
2113
2120
2122
2123
2131
2132
2133
2136
2139
2141
2144
2150
2151
2154
2158
2159
2161
2162
2168
2169
2170
2178
2184
2185
2186
2187
2191
2192
2193
2196
2199
2200
2207
2208
2209
2210
2215
2216
2217
2218
2223
2232
2233
2234
2235
2236
2249
2250
2257
2259
2260
2261
2266
2267
2268
2273
2276
2277
2278
2285
2290
2291
2297
2301
2302
2304
2305
2313
2314
2315
2316
2317
2321
2326
2327
2328
2334
2340
2347
2356
2366
2372
2375
2381
2382
2383
2384
2385
2386
2391
2396
2397
2398
2399
2400
2401
2402
2406
2408
2413
2414
2415
2416
2417
2418
2419
2425
2427
2429
2440
2444
2447
2448
2451
2455
2457
2458
2462
2465
2473
2475
2479
2482
2483
2487
2490
2496
2497
2498
2500
2502
2507
2508
2522
2527
2541
2543
2554
2555
2556
2561
2575
2576
2577
2578
2581
2588
2589
2590
2601
2613
2615
2616
2620
2621
2631
2632
2633
2635
2636
2644
2645
2646
2647
2654
2655
2664
2665
2666
2668
2677
2678
2679
2680
2681
2689
2690
2691
2692
2703
2706
2713
2716
2717
2720
2726
2727
2728
2734
2735
2739
2742
2751
2760
2761
2780
2787
2800
2802
2807
2815
2816
2817
2830
2841
2854
2855
2862
2878
2879
2887
2888
2889
2890
2898
2906
2907
2908
2909
2910
2921
2922
2923
2926
2932
2933
2934
2940
2941
2942
2944
2949
2950
2951
2952
2953
2955
2963
2967
2968
2969
2970
2971
2981
2982
2983
2987
2988
3004
3011
3012
3024
3028
3031
3040
3041
3042
3043
3050
3051
3052
3053
3062
3063
3064
3076
3077
3078
3084
3089
3091
3096
3097
3098
3099
3105
3107
3108
3113
3114
3115
3116
3117
3122
3123
3129
3131
3133
3135
3140
3141
3142
3144
3146
3147
3152
3153
3159
3178
3179
3180
3182
3185
3200
3231
3232
3233
3234
3241
3242
3247
3273
3281
3282
3283
3284
3289
3301
3303
3315
3316
3317
3327
3338
3339
3340
3341
3342
3351
3353
3363
3373
3374
3375
3379
3381
3383
3387
3388
3389
3395
3396
3397
3402
3403
3412
3413
3415
3419
3430
3432
3444
3445
3446
3447
3452
3462
3465
3467
3470
3475
3476
3482
3484
3487
3488
3495
3496
3497
3503
3504
3510
3512
3519
3520
3521
3522
3534
3537
3544
3549
3557
3559
3560
3563
3567
3575
3578
3579
3581
3585
3590
3594
3598
3604
3605
3606
3615
3627
3629
3630
3634
3635
3636
3649
3651
3657
3659
3663
3675
3676
3677
3688
3689
3690
3692
3700
3701
3702
3703
3704
3716
3717
3718
3725
3728
3734
3735
3736
3740
3741
3743
3747
3748
3757
3758
3759
3765
3771
3772
3776
3777
3778
3786
3788
3795
3797
3803
3804
3812
3813
3814
3816
3820
3824
3836
3837
3842
3849
3853
3868
3874
3879
3881
3885
3886
3887
3888
3890
3894
3895
3896
3897
3898
3899
3904
3905
3906
3907
3908
3911
3912
3913
3914
3915
3916
3917
3924
3926
3928
3930
3931
3932
3935
3936
3937
3938
3939
3940
3943
3944
3945
3946
3949
3950
3951
3952
3954
3958
3959
3960
3961
3962
3967
3968
3979
3981
3990
3991
3992
3995
3996
3997
3999
4006
4007
4008
4012
4013
4017
4018
4021
4022
4025
4027
4028
4040
4047
4048
4049
4057
4058
4059
4060
4066
4067
4068
4073
4074
4080
4081
4082
4083
4084
4093
4094
4095
4096
4120
4121
4122
4123
4132
4133
4134
4135
4136
4146
4172
4174
4182
4183
4184
4188
4189
4196
4197
4198
4199
4206
4208
4215
4216
4217
4223
4232
4234
4235
4241
4245
4254
4255
4256
4261
4262
4263
4265
4271
4273
4277
4278
4280
4298
4299
4300
4301
4302
4310
4311
4312
4313
4326
4327
4328
4329
4332
4338
4339
4343
4344
4350
4351
4361
4362
4363
4364
4367
4375
4376
4377
4379
4380
4392
4393
4394
4396
4402
4410
4411
4413
4414
4419
4426
4427
4428
4429
4431
4445
4446
4447
4448
4449
4450
4464
4465
4466
4467
4468
4469
4473
4475
4478
4485
4486
4487
4488
4496
4500
4501
4505
4516
4528
4529
4532
4534
4535
4536
4541
4542
4543
4544
4545
4546
4560
4561
4562
4563
4571
4572
4573
4574
4575
4584
4585
4586
4587
4591
4592
4593
4594
4595
4600
4601
4602
4603
4607
4610
4612
4625
4626
4636
4640
4641
4647
4649
4662
4670
4676
4677
4679
4683
4684
4687
4690
4701
4702
4703
4706
4718
4721
4723
4745
4757
4772
4783
4786
4790
4793
4796
4798
4803
4804
4813
4814
4815
4819
4829
4830
4831
4832
4835
4840
4841
4852
4855
4861
4863
4866
4869
4870
4871
4875
4877
4885
4891
4897
4898
4901
4907
4916
4919
4920
4933
4934
4935
4936
4937
4949
4951
4952
4953
4962
4963
4965
4966
4974
4976
4977
4978
4983
4987
4997
4999
5009
5010
5011
5012
5013
5020
5021
5022
5023
5029
5039
5040
5041
5042
5050
5051
5052
5053
5057
5058
5062
5064
5068
5069
5070
5075
5078
5082
5083
5084
5099
5115
5116
5124
5125
5142
5144
5156
5164
5172
5173
5174
5175
5176
5181
5182
5187
5188
5190
5191
5193
5194
5204
5211
5212
5213
5214
5215
5216
5218
5220
5227
5229
5231
5239
5240
5241
5242
5243
5249
5255
5256
5257
5261
5262
5272
5273
5274
5275
5276
5280
5283
5284
5288
5293
5294
5296
5298
5300
5304
5305
5306
5309
5310
5311
5317
5318
5319
5321
5328
5329
5330
5331
5338
5340
5344
5345
5346
5347
5351
5352
5359
5360
5361
5374
5375
5376
5385
5389
5390
5396
5398
5405
5407
5421
5422
5423
5425
5436
5437
5445
5446
5460
5461
5462
5473
5476
5477
5479
5480
5481
5484
5486
5489
5490
5491
5497
5500
5501
5505
5508
5509
5518
5519
5520
5521
5522
5525
5526
5528
5533
5534
5535
5539
5545
5546
5548
5553
5554
5585
5589
5593
5595
5596
5600
5601
5602
5603
5611
5612
5613
5614
5620
5621
5622
5624
5625
5631
5632
5633
5634
5635
5641
5645
5646
5647
5648
5649
5650
5656
5657
5659
5665
5671
5674
5689
5690
5691
5698
5699
5703
5707
5710
5717
5725
5726
5731
5733
5736
5740
5741
5742
5748
5759
5761
5764
5766
5772
5774
5779
5781
5782
5814
5817
5821
5825
5826
5827
5832
5834
5838
5845
5849
5870
5871
5880
5881
5896
5897
5898
5899
5910
5911
5912
5919
5920
5927
5928
5930
5936
5937
5938
5939
5940
5948
5949
5950
5951
5952
5958
5959
5960
5961
5962
5963
5968
5969
5970
5971
5972
5974
5976
5977
5978
5982
5983
5985
5987
5988
5990
5991
5992
5994
5996
5997
6002
6004
6005
6011
6012
6013
6014
6017
6019
6020
6021
6024
6025
6026
6028
6029
6033
6034
6035
6036
6037
6043
6044
6050
6051
6055
6056
6057
6058
6059
6065
6066
6067
6070
6071
6080
6084
6085
6086
6087
6088
6090
6091
6093
6096
6098
6100
6103
6106
6109
6113
6119
6120
6121
6122
6127
6128
6130
6131
6137
6146
6147
6148
6153
6159
6165
6166
6167
6174
6181
6182
6183
6189
6190
6191
6193
6194
6199
6200
6202
6207
6208
6209
6219
6220
6221
6222
6224
6230
6231
6232
6234
6235
6236
6237
6238
6243
6245
6249
6251
6257
6258
6263
6264
6265
6269
6270
6271
6275
6276
6282
6289
6294
6295
6296
6297
6298
6300
6304
6308
6309
6312
6318
6319
6325
6331
6335
6344
6348
6349
6355
6356
6357
6361
6364
6365
6371
6372
6376
6381
6388
6389
6396
6404
6405
6406
6411
6412
6418
6419
6422
6425
6432
6433
6434
6441
6444
6447
6451
6452
6454
6460
6464
6469
6470
6471
6476
6477
6481
6482
6485
6489
6490
6493
6496
6497
6501
6506
6507
6513
6514
6517
6518
6522
6527
6533
6536
6541
6549
6554
6559
6568
6574
6575
6576
6586
6594
6595
6596
6597
6599
6609
6610
6611
6614
6616
6618
6624
6625
6626
6627
6628
6636
6637
6638
6639
6642
6654
6655
6661
6663
6671
6672
6673
6674
6675
6685
6686
6687
6689
6690
6691
6692
6694
6697
6698
6699
6701
6707
6708
6709
6710
6718
6734
6738
6744
6745
6746
6747
6748
6749
6760
6761
6763
6764
6766
6767
6769
6773
6777
6778
6779
6784
6785
6786
6787
6796
6797
6799
6802
6803
6813
6825
6826
6834
6854
6856
6857
6858
6868
6869
6870
6881
6882
6890
6891
6892
6893
6894
6895
6907
6908
6909
6916
6917
6918
6926
6927
6928
6929
6930
6932
6941
6942
6943
6944
6947
6948
6949
6956
6957
6959
6964
6965
6966
6967
6972
6978
6979
6981
6982
6983
6991
6992
7001
7002
7003
7004
7005
7006
7010
7017
7018
7019
7020
7021
7022
7024
7025
7027
7030
7031
7035
7038
7040
7044
7047
7049
7051
7052
7053
7055
7058
7059
7060
7061
7068
7069
7071
7072
7074
7075
7077
7083
7084
7089
7098
7104
7115
7116
7117
7119
7128
7129
7130
7141
7148
7149
7150
7158
7160
7162
7170
7171
7172
7177
7183
7184
7189
7195
7196
7197
7203
7204
7205
7210
7217
7218
7219
7220
7221
7228
7229
7230
7235
7236
7237
7238
7240
7241
7242
7253
7254
7255
7256
7259
7267
7268
7269
7270
7271
7281
7282
7283
7284
7285
7288
7293
7297
7298
7299
7300
7301
7309
7310
7311
7312
7313
7318
7319
7320
7322
7323
7329
7330
7331
7332
7333
7334
7340
7341
7342
7343
7344
7350
7351
7352
7362
7376
7377
7383
7385
7388
7390
7396
7397
7398
7405
7406
7408
7409
7410
7414
7418
7419
7421
7424
7434
7435
7441
7442
7445
7447
7448
7452
7453
7454
7461
7463
7473
7480
7486
7487
7502
7503
7511
7514
7522
7523
7524
7525
7526
7533
7535
7538
7547
7549
7558
7565
7566
7575
7579
7581
7588
7589
7590
7610
7611
7612
7613
7624
7637
7638
7639
7640
7648
7649
7650
7651
7652
7653
7660
7661
7662
7663
7664
7674
7675
7676
7677
7678
7679
7680
7685
7691
7692
7693
7694
7695
7696
7703
7704
7705
7706
7707
7717
7718
7719
7720
7721
7730
7731
7732
7739
7740
7742
7743
7745
7751
7752
7753
7754
7755
7761
7763
7764
7765
7771
7774
7781
7782
7785
7787
7788
7789
7793
7794
7795
7796
7805
7808
7809
7810
7811
7819
7820
7821
7824
7827
7832
7833
7834
7835
7840
7841
7848
7854
7858
7861
7862
7863
7864
7866
7871
7873
7877
7879
7883
7884
7886
7887
7893
7894
7898
7899
7900
7904
7918
7921
7925
7926
7927
7929
7935
7936
7937
7943
7944
7946
7952
7953
7954
7955
7956
7964
7965
7968
7969
7970
7971
7972
7979
7980
7981
7982
7983
7984
7989
7995
7996
7997
7998
7999
8000
8012
8014
8016
8023
8033
8041
8042
8043
8044
8047
8054
8058
8078
8089
8090
8101
8115
8117
8124
8127
8136
8146
8148
8153
8159
8162
8168
8175
8185
8187
8193
8194
8197
8198
8204
8210
8211
8212
8214
8228
8231
8238
8239
8241
8246
8247
8248
8249
8251
8262
8263
8265
8269
8270
8273
8274
8275
8283
8284
8285
8292
8293
8298
8305
8307
8308
8309
8311
8317
8318
8319
8320
8321
8322
8326
8327
8331
8332
8333
8334
8335
8344
8345
8346
8347
8352
8363
8378
8396
8401
8408
8409
8418
8441
8451
8452
8454
8463
8464
8472
8480
8481
8490
8491
8496
8508
8509
8511
8517
8518
8525
8533
8538
8543
8544
8546
8553
8557
8558
8559
8563
8564
8569
8576
8584
8585
8591
8596
8600
8601
8608
8609
8610
8611
8612
8615
8622
8623
8624
8625
8626
8635
8636
8637
8638
8639
8640
8641
8642
8647
8648
8656
8664
8665
8666
8667
8668
8674
8680
8681
8682
8687
8688
8690
8691
8692
8693
8698
8699
8700
8701
8702
8710
8711
8712
8720
8721
8724
8725
8726
8727
8730
8737
8741
8747
8749
8754
8762
8763
8764
8772
8773
8774
8780
8782
8788
8793
8794
8795
8797
8807
8808
8810
8818
8819
8822
8823
8825
8833
8835
8844
8845
8846
8850
8851
8852
8853
8854
8855
8858
8861
8862
8863
8864
8865
8866
8871
8872
8873
8874
8875
8879
8881
8882
8885
8887
8888
8889
8890
8891
8915
8916
8919
8924
8926
8927
8946
8947
8948
8949
8956
8957
8962
8963
8968
8969
8990
8995
8996
9015
9017
9019
9027
9028
9029
9036
9037
9040
9046
9047
9048
9057
9058
9064
9065
9067
9074
9075
9082
9083
9086
9087
9096
9097
9098
9099
9100
9101
9104
9115
9116
9118
9119
9127
9128
9129
9130
9132
9139
9141
9142
9143
9150
9151
9152
9153
9154
9155
9165
9166
9167
9168
9169
9177
9178
9180
9181
9182
9183
9186
9191
9193
9204
9205
9210
9211
9212
9218
9219
9221
9222
9228
9230
9237
9238
9239
9240
9241
9252
9253
9255
9256
9257
9278
9279
9280
9281
9285
9286
9287
9296
9297
9301
9347
9348
9350
9351
9355
9356
9357
9359
9361
9363
9377
9378
9379
9381
9391
9396
9397
9404
9410
9417
9423
9437
9439
9440
9441
9443
9445
9448
9449
9451
9459
9461
9463
9464
9465
9469
9470
9471
9472
9478
9479
9480
9481
9483
9484
9491
9501
9503
9504
9505
9506
9516
9524
9526
9527
9530
9535
9536
9538
9542
9543
9547
9548
9549
9554
9555
9565
9566
9567
9568
9570
9575
9576
9577
9580
9588
9596
9597
9598
9599
9601
9602
9608
9609
9612
9615
9618
9624
9625
9626
9634
9643
9647
9650
9663
9665
9677
9683
9684
9685
9687
9690
9693
9694
9695
9703
9704
9707
9714
9715
9719
9728
9729
9730
9731
9732
9733
9735
9736
9737
9743
9745
9746
9748
9756
9757
9758
9762
9763
9764
9774
9775
9776
9777
9778
9779
9780
9784
9790
9791
9792
9793
9796
9805
9807
9808
9810
9812
9817
9818
9819
9823
9839
9840
9841
9845
9846
9847
9848
9853
9854
9869
9870
9871
9872
9905
9906
9907
9908
9919
9925
9926
9927
9928
9929
9931
9934
9935
9943
9944
9945
9946
9947
9950
9951
9962
9963
9965
9966
9967
9974
9975
9976
9977
9978
9986
9992
9993
9994
9999
10001
10007
10008
10009
10010
10015
10016
10018
10021
10024
10025
10035
10036
10037
10038
10044
10054
10055
10056
10057
10058
10059
10065
10066
10074
10075
10076
10077
10078
10079
10080
10081
10088
10090
10091
10100
10101
10102
10103
10112
10113
10114
10118
10124
10125
10126
10132
10140
10141
10142
10143
10154
10156
10157
10159
10166
10167
10168
10179
10180
10181
10189
10190
10191
10192
10200
10202
10205
10209
10212
10214
10223
10224
10225
10226
10231
10235
10237
10246
10247
10248
10249
10250
10255
10256
10263
10264
10265
10266
10267
10273
10274
10281
10283
10284
10285
10291
10292
10293
10294
10296
10301
10303
10311
10312
10313
10316
10317
10321
10325
10327
10332
10333
10334
10341
10342
10343
10344
10353
10355
10356
10357
10358
10362
10368
10371
10373
10374
10377
10378
10386
10387
10388
10391
10392
10398
10400
10402
10406
10414
10415
10416
10420
10429
10430
10431
10432
10438
10448
10449
10459
10461
10465
10468
10472
10475
10491
10492
10493
10500
10514
10518
10522
10523
10524
10525
10526
10527
10533
10534
10535
10537
10545
10546
10547
10558
10559
10560
10561
10562
10575
10576
10577
10578
10579
10588
10593
10594
10595
10602
10604
10605
10606
10607
10613
10614
10615
10617
10627
10628
10629
10630
10632
10659
10660
10661
10668
10669
10670
10676
10682
10703
10719
10720
10721
10723
10726
10727
10729
10730
10731
10732
10733
10735
10737
10738
10739
10741
10784
10785
10786
10790
10796
10797
10798
10808
10810
10819
10821
10828
10829
10837
10838
10839
10840
10846
10852
10854
10862
10864
10868
10869
10870
10871
10872
10873
10876
10877
10878
10879
10885
10886
10888
10894
10895
10896
10899
10900
10907
10909
10923
10929
10934
10952
10953
10958
10966
10974
10981
11000
11001
11002
11003
11004
11005
11006
11014
11015
11016
11017
11018
11019
11026
11027
11028
11029
11030
11031
11038
11039
11040
11041
11042
11043
11044
11045
11051
11052
11054
11055
11061
11063
11064
11067
11074
11075
11077
11078
11079
11087
11090
11091
11092
11093
11100
11101
11102
11107
11113
11114
11115
11119
11134
11143
11148
11151
11152
11153
11158
11159
11161
11162
11163
11166
11168
11175
11179
11180
11184
11193
11194
11201
11202
11216
11217
11218
11219
11220
11224
11225
11226
11230
11236
11237
11238
11239
11240
11241
11252
11253
11254
11255
11257
11263
11264
11265
11266
11267
11268
11279
11280
11281
11282
11283
11284
11287
11288
11295
11296
11297
11298
11299
11306
11312
11313
11314
11315
11316
11325
11327
11328
11341
11342
11343
11344
11345
11346
11355
11356
11357
11358
11359
11360
11368
11369
11370
11371
11372
11373
11374
11375
11384
11385
11386
11387
11388
11389
11397
11399
11405
11406
11407
11408
11411
11412
11413
11414
11415
11416
11418
11419
11421
11424
11425
11427
11429
11430
11431
11499
11500
11503
11512
11513
11514
11544
11545
11546
11547
11560
11562
11570
11572
11575
11576
11579
11584
11585
11586
11590
11591
11592
11593
11597
11598
11599
11600
11605
11613
11620
11621
11639
11640
11649
11650
11651
11659
11665
11666
11667
11675
11677
11680
11681
11684
11697
11698
11708
11709
11722
11729
11734
11735
11742
11744
11750
11751
11760
11761
11766
11773
11778
11779
11788
11789
11790
11825
11829
11830
11831
11837
11838
11839
11841
11846
11847
11848
11849
11855
11856
11857
11858
11874
11880
11881
11891
11896
11907
11908
11909
11910
11912
11917
11918
11925
11931
11932
11933
11935
11942
11943
11944
11945
11946
11947
11950
11955
11956
11957
11970
11971
11972
11978
11979
11980
11988
11990
11999
12009
12016
12017
12024
12030
12050
12051
12052
12053
12054
12059
12060
12061
12062
12063
12075
12076
12077
12078
12079
12086
12087
12089
12090
12091
12092
12093
12099
12101
12104
12105
12106
12111
12118
12119
12120
12124
12125
12126
12127
12128
12136
12137
12144
12151
12157
12160
12161
12162
12179
12181
12184
12185
12198
12199
12200
12207
12214
12215
12220
12221
12222
12223
12225
12229
12230
12235
12236
12244
12245
12246
12247
12252
12272
12278
12279
12280
12282
12287
12312
12314
12315
12319
12327
12329
12330
12338
12339
12345
12347
12353
12354
12355
12356
12357
12360
12365
12366
12376
12377
12378
12387
12388
12389
12392
12396
12397
12404
12407
12416
12417
12418
12425
12426
12427
12428
12435
12442
12443
12455
12464
12466
12467
12473
12479
12480
12481
12488
12496
12497
12498
12502
12508
12519
12533
12534
12535
12542
12543
12544
12553
12554
12567
12568
12569
12578
12583
12590
12596
12600
12603
12604
12605
12606
12607
12608
12615
12616
12617
12618
12619
12620
12621
12623
12628
12629
12630
12632
12633
12634
12635
12636
12637
12643
12644
12645
12646
12647
12654
12655
12656
12657
12661
12663
12664
12665
12666
12667
12669
12670
12674
12675
12677
12683
12684
12685
12686
12687
12688
12689
12692
12693
12695
12696
12700
12701
12703
12704
12706
12707
12709
12714
12718
12719
12720
12721
12722
12730
12731
12732
12733
12734
12736
12740
12741
12742
12743
12744
12747
12752
12753
12757
12758
12759
12760
12761
12763
12769
12770
12771
12772
12773
12775
12776
12778
12785
12786
12787
12788
12789
12790
12797
12799
12801
12808
12809
12811
12818
12819
12821
12826
12827
12830
12833
12835
12841
12842
12858
12862
12863
12864
12866
12868
12871
12880
12882
12885
12887
12892
12893
12894
12895
12900
12901
12902
12903
12906
12907
12908
12913
12915
12918
12919
12920
12931
12935
12936
12937
12938
12941
12942
12950
12951
12954
12962
12965
12966
12967
12968
12973
12974
12975
12976
12980
12982
12983
12984
12988
12990
12994
12996
13000
13002
13003
13008
13011
13018
13021
13026
13027
13028
13030
13031
13032
13037
13038
13039
13041
13046
13047
13048
13049
13050
13054
13055
13056
13058
13062
13063
13064
13066
13069
13073
13076
13079
13083
13085
13087
13089
13092
13098
13100
13106
13107
13110
13114
13115
13116
13117
13118
13122
13129
13135
13136
13137
13138
13140
13141
13142
13143
13144
13146
13152
13153
13154
13155
13156
13166
13167
13168
13169
13170
13178
13179
13180
13181
13187
13188
13189
13190
13192
13193
13200
13201
13206
13207
13210
13211
13212
13213
13219
13222
13223
13227
13233
13234
13239
13242
13246
13249
13254
13255
13260
13270
13271
13272
13273
13277
13283
13288
13298
13300
13301
13315
13316
13317
13319
13331
13332
13333
13335
13336
13337
13342
13343
13344
13345
13355
13356
13357
13359
13364
13371
13372
13373
13374
13377
13378
13379
13391
13392
13393
13403
13404
13405
13406
13414
13415
13418
13430
13431
13432
13433
13434
13438
13439
13445
13446
13447
13448
13449
13455
13456
13463
13464
13465
13466
13492
13493
13494
13507
13508
13509
13510
13511
13516
13517
13518
13519
13520
13522
13528
13530
13531
13533
13538
13539
13540
13541
13542
13558
13559
13560
13561
13567
13568
13569
13570
13571
13575
13576
13577
13578
13579
13585
13586
13588
13589
13595
13596
13605
13610
13611
13612
13614
13615
13618
13619
13620
13621
13622
13626
13627
13628
13633
13636
13644
13645
13662
13663
13664
13688
13690
13696
13697
13700
13703
13706
13708
13712
13717
13718
13722
13730
13733
13736
13744
13751
13761
13772
13774
13781
13789
13790
13796
13797
13799
13801
13811
13818
13826
13829
13832
13837
13841
13844
13847
13854
13855
13863
13864
13872
13880
13881
13882
13883
13888
13889
13891
13898
13899
13901
13903
13907
13913
13914
13915
13927
13928
13929
13930
13933
13936
13937
13938
13940
13954
13955
13956
13957
13966
13974
13975
13983
13984
13985
13986
13991
13992
13993
13998
13999
14000
14003
14006
14007
14009
14038
14039
14040
14041
14045
14055
14065
14067
14068
14070
14071
14079
14080
14081
14085
14086
14090
14091
14092
14093
14095
14096
14100
14107
14126
14127
14128
14129
14139
14140
14141
14150
14151
14152
14156
14158
14161
14164
14165
14166
14167
14168
14175
14176
14178
14182
14184
14185
14187
14188
14192
14195
14197
14201
14202
14205
14213
14218
14220
14223
14224
14225
14232
14236
14244
14246
14251
14252
14262
14263
14269
14271
14277
14278
14280
14286
14288
14289
14295
14302
14308
14310
14315
14316
14317
14320
14321
14325
14327
14328
14332
14333
14336
14339
14340
14344
14346
14352
14353
14354
14363
14364
14365
14369
14370
14372
14375
14385
14387
14389
14393
14397
14408
14419
14430
14437
14438
14445
14446
14448
14451
14455
14459
14462
14463
14466
14467
14468
14469
14483
14484
14490
14496
14498
14499
14501
14505
14507
14513
14517
14523
14549
14567
14569
14576
14582
14586
14593
14594
14595
14596
14603
14611
14613
14614
14620
14632
14633
14635
14636
14649
14650
14651
14658
14669
14670
14682
14691
14702
14708
14709
14713
14715
14725
14726
14736
14743
14744
14750
14752
14769
14770
14771
14781
14785
14787
14790
14805
14816
14817
14821
14822
14825
14829
14835
14838
14839
14840
14841
14848
14849
14850
14852
14856
14857
14858
14859
14862
14863
14866
14870
14872
14873
14874
14882
14883
14884
14885
14898
14899
14906
14915
14916
14923
14924
14927
14935
14936
14944
14945
14946
14947
14957
14958
14963
14967
14969
14970
14977
14981
14986
14988
14997
15000
15004
15008
15010
15016
15017
15032
15040
15041
15050
15051
15056
15057
15058
15060
15070
15071
15072
15073
15078
15085
15086
15094
15095
15096
15097
15098
15109
15110
15111
15112
15113
15124
15125
15126
15127
15128
15138
15139
15140
15154
15155
15157
15158
15168
15170
15171
15172
15185
15186
15187
15195
15196
15198
15211
15212
15213
15218
15220
15221
15230
15231
15232
15233
15234
15240
15241
15242
15246
15247
15248
15257
15258
15259
15271
15272
15273
15274
15285
15286
15287
15288
15289
15291
15301
15302
15303
15313
15315
15316
15324
15327
15336
15337
15339
15340
15352
15353
15354
15357
15358
15360
15368
15369
15379
15380
15391
15392
15393
15396
15407
15408
15409
15410
15412
15413
15418
15419
15436
15444
15445
15455
15456
15457
15459
15466
15467
15479
15480
15481
15487
15494
15496
15497
15498
15499
15503
15504
15505
15512
15516
15518
15528
15529
15530
15534
15544
15545
15546
15547
15551
15553
15559
15560
15561
15562
15570
15571
15572
15578
15579
15585
15587
15597
15605
15610
15611
15612
15617
15618
15619
15625
15626
15628
15638
15641
15646
15647
15648
15649
15650
15659
15662
15663
15671
15673
15679
15683
15685
15695
15696
15697
15699
15702
15704
15705
15708
15718
15719
15720
15721
15729
15732
15735
15738
15743
15758
15767
15788
15803
15805
15806
15809
15810
15811
15812
15814
15815
15816
15817
15821
15822
15825
15828
15829
15838
15842
15843
15844
15845
15846
15847
15849
15851
15857
15859
15860
15863
15869
15870
15877
15878
15879
15880
15881
15882
15883
15891
15892
15894
15897
15903
15905
15908
15917
15918
15919
15925
15926
15927
15928
15929
15936
15938
15942
15949
15952
15958
15963
15965
15969
15975
15981
15982
15990
15991
15993
16006
16012
16013
16014
16018
16019
16028
16035
16039
16041
16046
16055
16056
16058
16064
16065
16066
16073
16084
16091
16106
16108
16115
16142
16154
16172
16176
16184
16190
16191
16200
16212
16218
16223
16230
16232
16237
16267
16268
16273
16276
16287
16288
16289
16290
16294
16295
16305
16310
16311
16315
16321
16322
16323
16325
16334
16335
16336
16338
16341
16344
16345
16346
16357
16358
16359
16367
16368
16369
16374
16379
16380
16384
16389
16390
16391
16393
16396
16397
16409
16415
16417
16426
16427
16428
16436
16437
16438
16440
16441
16447
16448
16449
16450
16451
16452
16457
16459
16461
16466
16467
16468
16469
16473
16474
16475
16476
16477
16483
16484
16485
16490
16498
16502
16508
16518
16519
16520
16524
16526
16527
16532
16533
16535
16539
16540
16545
16546
16552
16553
16558
16559
16562
16564
16567
16570
16573
16581
16588
16589
16590
16592
16597
16598
16600
16606
16611
16614
16616
16627
16628
16629
16630
16631
16638
16641
16648
16649
16650
16657
16658
16659
16660
16662
16665
16668
16669
16670
16675
16686
16687
16688
16693
16703
16706
16708
16709
16712
16718
16719
16720
16722
16726
16727
16734
16735
16737
16738
16744
16746
16751
16752
16759
16775
16781
16796
16798
16806
16812
16813
16814
16821
16829
16830
16856
16857
16858
16866
16871
16874
16879
16880
16886
16895
16896
16897
16904
16927
16928
16929
16934
16943
16945
16948
16962
16963
16964
16965
16977
16978
16979
16992
16993
16994
16995
16997
16998
17005
17007
17010
17015
17020
17021
17023
17026
17027
17031
17033
17034
17036
17045
17048
17049
17052
17053
17057
17066
17069
17070
17073
17074
17075
17083
17091
17094
17096
17099
17103
17106
17109
17114
17118
17132
17134
17144
17154
17157
17163
17168
17169
17170
17171
17175
17176
17177
17178
17184
17189
17191
17208
17209
17210
17218
17219
17226
17228
17234
17240
17241
17242
17265
17268
17271
17279
17282
17289
17290
17291
17295
17299
17313
17314
17315
17316
17318
17327
17328
17329
17330
17341
17342
17343
17347
17348
17358
17359
17360
17370
17371
17382
17383
17384
17385
17388
17389
17400
17406
17407
17410
17412
17421
17431
17432
17433
17441
17443
17444
17445
17446
17457
17459
17467
17470
17472
17473
17481
17482
17487
17488
17490
17493
17494
17495
17497
17505
17511
17513
17514
17517
17518
17519
17530
17531
17532
17533
17534
17541
17542
17543
17548
17549
17550
17551
17559
17560
17561
17569
17580
17588
17589
17594
17602
17607
17610
17613
17614
17616
17617
17620
17622
17623
17630
17631
17632
17633
17635
17639
17644
17649
17650
17656
17663
17664
17665
17666
17667
17682
17686
17688
17695
17696
17697
17705
17706
17707
17708
17709
17717
17718
17719
17720
17722
17726
17729
17731
17737
17738
17739
17740
17746
17748
17749
17756
17757
17759
17763
17764
17771
17774
17776
17785
17786
17787
17788
17789
17796
17797
17798
17806
17809
17813
17814
17815
17822
17823
17824
17825
17835
17840
17841
17842
17847
17849
17858
17859
17860
17870
17871
17872
17873
17881
17882
17883
17895
17896
17897
17898
17906
17915
17916
17924
17925
17927
17937
17938
17941
17953
17965
17969
17974
17980
17981
17982
17987
17989
18001
18002
18006
18007
18008
18010
18011
18014
18017
18018
18028
18031
18032
18046
18047
18049
18050
18056
18057
18058
18059
18060
18066
18067
18068
18069
18070
18079
18080
18081
18082
18086
18087
18088
18090
18091
18092
18105
18106
18110
18111
18115
18116
18117
18122
18128
18129
18134
18135
18138
18142
18144
18151
18157
18165
18166
18172
18175
18176
18177
18181
18187
18191
18193
18195
18196
18198
18207
18209
18216
18218
18219
18222
18223
18225
18227
18229
18233
18236
18237
18249
18252
18255
18261
18264
18270
18292
18296
18303
18310
18314
18329
18332
18334
18338
18340
18347
18357
18359
18365
18367
18368
18377
18378
18379
18386
18396
18397
18398
18411
18412
18413
18420
18421
18422
18423
18429
18440
18441
18442
18450
18461
18468
18469
18476
18483
18485
18493
18499
18510
18513
18517
18525
18526
18534
18546
18548
18557
18558
18559
18574
18577
18581
18589
18593
18594
18600
18601
18603
18604
18605
18606
18607
18609
18610
18615
18616
18621
18627
18629
18632
18633
18634
18635
18641
18642
18643
18648
18654
18655
18656
18657
18658
18667
18668
18669
18670
18671
18681
18689
18690
18699
18705
18706
18707
18708
18713
18714
18717
18721
18723
18738
18739
18740
18741
18742
18743
18746
18747
18748
18749
18750
18752
18757
18760
18762
18763
18765
18769
18770
18771
18772
18773
18779
18780
18781
18782
18783
18784
18793
18795
18803
18808
18810
18811
18815
18816
18825
18826
18827
18829
18830
18831
18832
18839
18841
18846
18847
18848
18849
18856
18857
18858
18859
18864
18865
18866
18873
18874
18875
18876
18902
18906
18908
18910
18912
18914
18915
18916
18921
18922
18923
18935
18940
18943
18951
18952
18954
18955
18960
18961
18967
18971
18972
18976
18977
18995
19005
19032
19033
19041
19044
19058
19061
19062
19069
19071
19074
19078
19085
19087
19089
19094
19101
19103
19112
19119
19128
19129
19130
19138
19142
19143
19144
19145
19163
19164
19165
19166
19167
19172
19174
19175
19176
19180
19181
19182
19183
19188
19192
19193
19198
19206
19207
19208
19209
19219
19220
19221
19223
19230
19231
19232
19238
19239
19240
19246
19247
19248
19254
19256
19257
19260
19266
19267
19269
19275
19281
19282
19283
19284
19291
19292
19293
19294
19295
19297
19302
19307
19308
19312
19317
19318
19319
19320
19325
19326
19327
19328
19329
19330
19338
19339
19340
19341
19342
19348
19350
19351
19352
19355
19357
19358
19359
19366
19367
19369
19370
19381
19384
19388
19389
19422
19423
19430
19431
19432
19434
19435
19441
19447
19449
19454
19455
19456
19461
19466
19472
19473
19479
19486
19487
19491
19492
19496
19501
19502
19506
19513
19518
19522
19532
19533
19534
19535
19540
19541
19542
19551
19552
19554
19561
19564
19565
19571
19572
19573
19574
19597
19599
19606
19612
19614
19615
19617
19625
19626
19627
19629
19638
19639
19640
19641
19650
19651
19652
19653
19669
19671
19672
19681
19683
19690
19691
19693
19694
19709
19713
19724
19726
19734
19735
19736
19741
19742
19748
19749
19757
19763
19764
19773
19774
19775
19784
19788
19792
19797
19804
19805
19811
19815
19826
19827
19835
19845
19846
19847
19848
19849
19855
19856
19864
19867
19873
19875
19882
19884
19887
19922
19925
19930
19931
19932
19936
19937
19939
19944
19945
19951
19952
19953
19954
19960
19961
19963
19967
19968
19972
19976
19980
19991
19992
19993
20001
20006
20007
20013
20014
20025
20026
20033
20038
20039
20051
20052
20061
20062
20063
20071
20072
20073
20081
20082
20083
20090
20094
20096
20097
20105
20106
20116
20117
20126
20142
20143
20151
20162
20167
20172
20173
20180
20182
20184
20189
20190
20191
20193
20196
20204
20205
20206
20220
20226
20238
20239
20240
20241
20251
20252
20253
20262
20263
20264
20265
20274
20275
20276
20285
20286
20287
20288
20297
20299
20300
20311
20312
20313
20317
20320
20321
20322
20323
20324
20328
20332
20333
20334
20335
20337
20340
20341
20342
20344
20347
20350
20351
20353
20354
20361
20363
20364
20372
20375
20376
20377
20379
20381
20386
20387
20388
20389
20390
20392
20393
20395
20406
20408
20409
20410
20411
20412
20413
20418
20419
20420
20422
20424
20425
20426
20431
20432
20433
20434
20439
20443
20444
20445
20447
20448
20454
20455
20456
20457
20458
20465
20467
20469
20470
20480
20485
20486
20487
20491
20493
20498
20504
20505
20507
20514
20515
20516
20521
20522
20523
20530
20531
20532
20535
20537
20543
20544
20545
20548
20549
20550
20551
20558
20562
20564
20565
20567
20574
20575
20576
20583
20584
20585
20586
20587
20593
20594
20595
20596
20601
20602
20603
20607
20608
20609
20618
20619
20620
20621
20623
20629
20638
20639
20647
20648
20649
20652
20653
20655
20656
20661
20662
20663
20668
20669
20672
20673
20674
20677
20678
20679
20681
20697
20698
20704
20709
20711
20717
20720
20725
20727
20729
20735
20739
20740
20741
20742
20750
20756
20757
20762
20764
20766
20775
20780
20784
20786
20791
20792
20797
20806
20809
20812
20817
20821
20825
20827
20828
20832
20838
20844
20851
20854
20862
20863
20870
20871
20873
20874
20878
20879
20882
20891
20892
20897
20902
20903
20904
20916
20921
20922
20923
20927
20929
20930
20931
20934
20936
20943
20944
20947
20948
20949
20950
20952
20957
20958
20959
20963
20975
20976
20979
20980
20983
20986
20991
20992
20993
20994
20995
21001
21002
21003
21008
21014
21015
21016
21017
21021
21029
21030
21031
21032
21035
21053
21054
21055
21056
21057
21065
21066
21067
21068
21069
21070
21077
21078
21079
21087
21088
21089
21090
21097
21098
21099
21100
21107
21108
21109
21110
21111
21112
21113
21114
21119
21120
21121
21122
21123
21124
21125
21126
21127
21128
21131
21132
21134
21135
21137
21138
21141
21145
21146
21148
21149
21151
21152
21153
21154
21156
21160
21165
21166
21167
21168
21169
21177
21178
21180
21181
21182
21195
21197
21198
21201
21202
21204
21207
21209
21211
21212
21224
21226
21227
21232
21233
21235
21236
21247
21248
21249
21250
21251
21252
21261
21262
21267
21268
21274
21275
21276
21277
21282
21283
21290
21291
21292
21293
21295
21296
21305
21306
21307
21308
21318
21320
21321
21322
21331
21332
21333
21334
21335
21336
21344
21345
21347
21348
21357
21359
21360
21361
21362
21368
21369
21370
21371
21375
21376
21377
21378
21379
21386
21387
21388
21389
21390
21394
21397
21398
21400
21402
21403
21404
21406
21407
21408
21409
21410
21413
21416
21420
21425
21427
21430
21432
21433
21434
21438
21439
21440
21441
21450
21451
21452
21454
21455
21461
21462
21463
21464
21469
21470
21471
21472
21473
21474
21475
21476
21484
21485
21494
21495
21496
21497
21498
21499
21500
21508
21513
21515
21518
21519
21526
21536
21538
21543
21544
21545
21546
21547
21553
21558
21562
21569
21570
21571
21574
21575
21581
21582
21589
21593
21594
21598
21599
21600
21601
21602
21603
21611
21612
21613
21614
21616
21617
21618
21622
21623
21624
21630
21633
21634
21637
21644
21646
21648
21653
21661
21662
21663
21664
21665
21666
21674
21675
21676
21682
21683
21684
21685
21686
21687
21692
21693
21694
21697
21698
21703
21729
21758
21762
21769
21770
21772
21777
21778
21780
21781
21782
21783
21784
21785
21787
21789
21791
21797
21798
21799
21800
21806
21814
21815
21819
21822
21841
21842
21844
21848
21854
21855
21859
21864
21865
21869
21870
21876
21878
21881
21882
21883
21884
21895
21896
21897
21898
21901
21910
21917
21918
21924
21925
21932
21934
21939
21953
21954
21961
21963
21969
21971
21978
21980
21981
21982
21991
22000
22005
22006
22012
22013
22031
22049
22060
22062
22069
22070
22072
22077
22079
22094
22095
22098
22099
22103
22104
22112
22113
22114
22115
22116
22119
22133
22134
22135
22137
22152
22153
22154
22167
22168
22169
22170
22171
22179
22180
22181
22192
22198
22199
22208
22209
22215
22218
22221
22223
22224
22226
22227
22231
22237
22239
22242
22247
22248
22255
22257
22258
22281
22296
22298
22299
22307
22312
22313
22322
22323
22324
22334
22335
22338
22339
22340
22344
22346
22349
22350
22354
22355
22356
22358
22362
22372
22373
22374
22377
22383
22384
22386
22387
22400
22404
22405
22416
22426
22427
22428
22429
22438
22442
22443
22444
22459
22468
22474
22483
22484
22485
22486
22487
22492
22493
22494
22495
22502
22504
22505
22511
22512
22513
22514
22515
22517
22524
22525
22527
22528
22529
22538
22539
22540
22546
22547
22555
22561
22564
22574
22575
22576
22586
22588
22593
22595
22596
22620
22621
22622
22669
22670
22671
22700
22701
22702
22710
22711
22712
22718
22722
22726
22727
22728
22735
22738
22747
22748
22756
22759
22763
22764
22765
22772
22776
22781
22787
22788
22790
22791
22804
22805
22806
22817
22820
22822
22823
22825
22830
22831
22836
22837
22838
22839
22840
22848
22849
22850
22851
22853
22858
22859
22860
22867
22868
22869
22870
22872
22878
22879
22888
22893
22897
22899
22905
22907
22908
22911
22919
22920
22922
22924
22928
22931
22932
22934
22940
22941
22942
22950
22953
22954
22955
22956
22963
22965
22971
22973
22974
22977
22984
22985
22986
22993
23004
23005
23006
23009
23014
23015
23022
23023
23027
23031
23032
23040
23045
23054
23055
23060
23064
23065
23066
23067
23084
23093
23094
23095
23098
23106
23108
23117
23118
23119
23136
23137
23138
23139
23142
23149
23151
23158
23159
23160
23161
23170
23171
23172
23173
23174
23175
23176
23177
23178
23191
23192
23194
23195
23196
23197
23205
23207
23211
23217
23218
23219
23220
23221
23222
23223
23236
23237
23239
23240
23241
23242
23243
23248
23257
23259
23260
23261
23262
23266
23271
23272
23273
23277
23278
23285
23287
23288
23296
23301
23304
23308
23309
23319
23320
23321
23322
23326
23327
23328
23329
23336
23343
23344
23345
23354
23356
23357
23358
23359
23368
23369
23371
23382
23384
23389
23391
23392
23393
23394
23404
23405
23406
23408
23413
23423
23424
23425
23426
23427
23434
23436
23442
23443
23448
23449
23451
23455
23462
23466
23467
23478
23479
23486
23488
23489
23492
23495
23499
23504
23505
23509
23512
23513
23519
23520
23528
23536
23537
23540
23541
23545
23546
23548
23553
23557
23558
23559
23564
23565
23566
23567
23568
23570
23572
23578
23586
23587
23589
23593
23597
23600
23604
23609
23612
23617
23622
23623
23626
23627
23628
23633
23634
23635
23645
23648
23649
23655
23656
23657
23661
23662
23677
23688
23689
23695
23706
23707
23708
23709
23710
23711
23714
23720
23721
23723
23724
23737
23740
23749
23750
23751
23753
23754
23755
23772
23773
23774
23775
23776
23777
23778
23787
23788
23791
23801
23802
23803
23804
23805
23813
23814
23815
23816
23817
23818
23828
23830
23835
23838
23839
23842
23843
23852
23856
23862
23863
23864
23865
23866
23867
23876
23882
23887
23892
23897
23908
23909
23910
23915
23917
23918
23919
23923
23928
23930
23931
23937
23938
23939
23942
23967
23997
23998
23999
24005
24006
24007
24021
24028
24029
24030
24036
24037
24039
24047
24049
24068
24069
24070
24071
24072
24073
24074
24083
24085
24086
24087
24093
24094
24096
24104
24105
24107
24108
24115
24119
24127
24128
24130
24131
24137
24145
24151
24152
24162
24163
24168
24173
24174
24185
24186
24194
24195
24203
24204
24210
24211
24219
24227
24228
24234
24240
24241
24255
24256
24267
24268
24275
24278
24280
24286
24288
24292
24294
24295
24300
24301
24303
24304
24315
24316
24322
24324
24333
24334
24337
24338
24339
24340
24342
24343
24347
24348
24352
24353
24354
24362
24363
24364
24365
24366
24370
24372
24379
24381
24387
24392
24393
24401
24402
24405
24406
24408
24409
24418
24419
24424
24437
24439
24440
24447
24454
24455
24456
24458
24461
24463
24476
24479
24482
24491
24493
24503
24504
24508
24509
24515
24519
24520
24527
24528
24529
24531
24533
24534
24535
24541
24547
24548
24552
24557
24558
24560
24561
24568
24569
24570
24571
24572
24573
24577
24578
24579
24583
24586
24588
24589
24597
24604
24610
24611
24612
24619
24620
24621
24632
24634
24639
24640
24641
24643
24649
24651
24656
24660
24665
24668
24670
24674
24675
24677
24683
24689
24690
24691
24698
24701
24703
24704
24712
24714
24715
24716
24721
24723
24724
24726
24732
24733
24734
24735
24743
24750
24763
24764
24765
24766
24767
24768
24769
24776
24777
24778
24779
24787
24788
24789
24791
24797
24798
24799
24800
24802
24809
24811
24812
24813
24814
24815
24825
24826
24827
24828
24829
24836
24837
24838
24854
24859
24868
24869
24874
24884
24885
24886
24888
24894
24895
24897
24898
24899
24900
24901
24902
24903
24906
24907
24908
24910
24911
24912
24913
24916
24920
24921
24924
24931
24932
24933
24934
24935
24941
24949
24954
24961
24964
24965
24966
24973
24976
24981
24982
24984
24985
24986
24990
24993
24995
24996
25003
25004
25005
25009
25015
25016
25017
25029
25031
25033
25034
25040
25041
25042
25043
25044
25052
25054
25065
25075
25076
25077
25078
25079
25080
25081
25088
25095
25096
25097
25098
25099
25100
25107
25133
25137
25139
25140
25174
25177
25201
25202
25206
25209
25217
25218
25219
25220
25226
25235
25236
25237
25243
25246
25247
25252
25254
25258
25266
25267
25268
25269
25270
25271
25279
25281
25293
25296
25306
25307
25309
25310
25316
25326
25327
25328
25329
25330
25331
25337
25338
25349
25356
25363
25370
25374
25380
25384
25388
25393
25398
25399
25400
25402
25406
25409
25410
25411
25412
25413
25416
25421
25422
25423
25426
25430
25431
25437
25438
25449
25456
25464
25465
25472
25476
25482
25483
25495
25496
25498
25499
25500
25510
25511
25512
25513
25514
25515
25516
25522
25531
25532
25533
25534
25547
25548
25549
25550
25551
25552
25558
25559
25560
25561
25562
25572
25573
25575
25576
25580
25581
25582
25589
25594
25595
25596
25597
25600
25601
25602
25605
25608
25615
25616
25624
25629
25630
25631
25642
25643
25644
25645
25659
25660
25661
25663
25671
25672
25674
25675
25680
25682
25695
25696
25707
25709
25710
25711
25723
25733
25745
25746
25755
25756
25763
25764
25765
25773
25779
25780
25781
25782
25783
25788
25792
25793
25799
25806
25807
25809
25821
25822
25826
25830
25831
25832
25836
25842
25843
25844
25851
25852
25853
25856
25857
25858
25860
25862
25863
25866
25872
25878
25879
25880
25881
25882
25888
25890
25891
25892
25897
25899
25907
25931
25937
25945
25946
25947
25948
25952
25953
25954
25959
25964
25965
25966
25967
25968
25987
25995
25999
26011
26012
26013
26014
26015
26020
26025
26030
26031
26032
26033
26034
26037
26038
26040
26041
26043
26044
26049
26052
26053
26054
26055
26056
26057
26062
26063
26064
26065
26066
26067
26069
26073
26074
26075
26076
26077
26083
26087
26093
26095
26099
26102
26106
26107
26108
26113
26116
26122
26123
26124
26126
26132
26133
26134
26143
26144
26145
26153
26158
26159
26160
26161
26167
26168
26169
26172
26177
26178
26179
26181
26182
26187
26191
26192
26198
26199
26200
26206
26207
26212
26213
26214
26220
26221
26222
26228
26230
26233
26254
26255
26260
26261
26268
26269
26276
26280
26281
26282
26283
26286
26287
26292
26294
26296
26303
26309
26310
26311
26316
26317
26318
26324
26325
26326
26332
26333
26336
26346
26347
26348
26351
26359
26364
26365
26369
26375
26379
26385
26394
26395
26396
26402
26408
26410
26411
26420
26422
26433
26434
26435
26441
26442
26443
26450
26454
26455
26464
26466
26467
26468
26476
26477
26478
26479
26487
26488
26499
26500
26501
26502
26503
26507
26513
26514
26515
26521
26532
26538
26539
26544
26545
26550
26554
26556
26560
26561
26566
26570
26571
26576
26577
26578
26583
26588
26589
26590
26591
26596
26597
26606
26607
26609
26618
26619
26624
26629
26630
26631
26636
26637
26642
26650
26651
26659
26660
26665
26666
26668
26678
26681
26687
26695
26708
26712
26715
26727
26728
26729
26730
26740
26741
26742
26744
26745
26746
26753
26754
26755
26756
26765
26766
26768
26769
26775
26776
26777
26779
26785
26786
26787
26788
26791
26797
26798
26799
26803
26804
26810
26811
26812
26819
26827
26828
26829
26835
26836
26837
26844
26845
26849
26850
26853
26857
26861
26862
26865
26867
26869
26871
26878
26879
26880
26885
26886
26887
26893
26894
26895
26896
26898
26899
26901
26902
26906
26907
26908
26910
26917
26918
26919
26920
26921
26922
26928
26929
26930
26938
26939
26940
26941
26942
26948
26954
26955
26956
26957
26960
26965
26966
26967
26980
26985
26991
26992
27003
27005
27006
27007
27008
27015
27016
27017
27018
27023
27024
27025
27034
27035
27036
27037
27038
27047
27048
27049
27050
27051
27059
27060
27061
27062
27074
27080
27084
27085
27087
27089
27092
27096
27097
27102
27105
27106
27116
27117
27119
27126
27127
27128
27129
27137
27170
27171
27178
27179
27180
27181
27192
27193
27195
27196
27197
27198
27199
27203
27206
27210
27218
27219
27220
27221
27222
27223
27234
27235
27236
27237
27238
27239
27245
27247
27251
27254
27255
27256
27262
27263
27268
27275
27281
27282
27290
27301
27302
27303
27305
27306
27310
27314
27315
27316
27317
27319
27331
27332
27333
27334
27335
27343
27345
27346
27350
27359
27370
27371
27382
27384
27389
27390
27396
27397
27398
27399
27401
27406
27411
27419
27420
27421
27422
27426
27432
27434
27440
27452
27455
27461
27462
27463
27464
27465
27466
27469
27471
27472
27473
27479
27480
27481
27482
27489
27491
27499
27500
27508
27509
27510
27511
27512
27513
27514
27515
27521
27522
27523
27524
27538
27544
27545
27546
27609
27610
27614
27619
27620
27626
27637
27638
27641
27643
27650
27651
27653
27659
27661
27662
27663
27667
27668
27672
27673
27677
27678
27679
27680
27681
27682
27685
27686
27688
27689
27692
27693
27694
27695
27700
27701
27702
27705
27706
27707
27708
27726
27727
27728
27733
27739
27756
27764
27765
27768
27780
27781
27788
27789
27790
27797
27806
27807
27808
27810
27823
27831
27832
27833
27834
27862
27868
27874
27880
27887
27895
27900
27908
27917
27923
27929
27930
27931
27932
27938
27944
27946
28016
28017
28018
28019
28020
28021
28029
28031
28040
28041
28042
28050
28051
28052
28053
28054
28066
28067
28068
28069
28070
28077
28079
28094
28102
28104
28105
28106
28111
28121
28122
28123
28127
28128
28129
28132
28133
28139
28140
28141
28142
28147
28148
28170
28171
28185
28186
28195
28208
28209
28210
28211
28212
28213
28223
28225
28226
28227
28228
28229
28230
28233
28244
28245
28248
28249
28255
28256
28257
28258
28259
28260
28261
28263
28269
28270
28271
28272
28273
28274
28287
28288
28289
28290
28291
28292
28293
28304
28307
28308
28309
28310
28311
28318
28319
28330
28332
28333
28346
28349
28350
28351
28352
28353
28356
28361
28362
28364
28365
28366
28367
28373
28374
28379
28381
28385
28389
28390
28391
28395
28400
28401
28402
28405
28407
28412
28413
28414
28420
28421
28422
28423
28429
28430
28433
28434
28450
28451
28452
28453
28461
28462
28463
28469
28470
28479
28480
28489
28490
28491
28500
28501
28502
28503
28508
28517
28518
28519
28520
28522
28529
28530
28531
28534
28542
28545
28546
28547
28559
28560
28564
28565
28578
28579
28580
28581
28585
28593
28602
28603
28604
28605
28609
28613
28626
28627
28628
28636
28638
28639
28644
28646
28651
28652
28654
28663
28665
28666
28679
28680
28681
28698
28699
28700
28702
28707
28708
28723
28724
28727
28728
28729
28742
28743
28744
28751
28752
28758
28761
28764
28765
28768
28774
28775
28781
28782
28783
28784
28785
28786
28794
28795
28796
28797
28798
28799
28800
28801
28806
28807
28810
28812
28813
28817
28818
28819
28820
28821
28822
28823
28830
28831
28832
28833
28834
28839
28843
28845
28847
28848
28849
28850
28851
28852
28854
28863
28865
28866
28867
28872
28873
28874
28875
28876
28877
28878
28881
28882
28888
28889
28890
28891
28892
28900
28901
28902
28903
28904
28908
28909
28910
28911
28921
28929
28934
28935
28938
28939
28940
28941
28942
28944
28948
28953
28954
28955
28956
28957
28958
28959
28961
28962
28964
28966
28974
28976
28978
28979
28981
28985
28992
28993
29003
29005
29011
29012
29016
29018
29019
29020
29025
29027
29033
29040
29041
29043
29048
29050
29055
29058
29068
29069
29080
29088
29089
29098
29106
29119
29120
29145
29162
29173
29181
29182
29189
29195
29196
29201
29202
29203
29204
29208
29209
29214
29215
29219
29224
29225
29226
29229
29233
29240
29247
29248
29255
29256
29265
29266
29286
29287
29295
29296
29302
29303
29308
29309
29310
29320
29321
29328
29329
29334
29335
29346
29365
29369
29382
29398
29399
29400
29403
29406
29415
29416
29417
29418
29428
29429
29430
29439
29440
29453
29454
29455
29456
29466
29467
29468
29475
29481
29489
29490
29492
29502
29503
29505
29506
29524
29525
29532
29533
29539
29542
29545
29546
29547
29553
29554
29560
29561
29562
29563
29568
29571
29576
29577
29579
29586
29587
29588
29589
29598
29599
29600
29601
29608
29609
29615
29616
29626
29628
29630
29632
29635
29638
29639
29649
29653
29664
29672
29673
29674
29679
29688
29698
29699
29707
29708
29720
29728
29743
29751
29758
29761
29775
29780
29787
29792
29793
29798
29799
29805
29806
29807
29812
29814
29815
29820
29821
29826
29827
29831
29834
29836
29841
29842
29843
29844
29846
29852
29853
29854
29856
29859
29860
29861
29865
29868
29874
29877
29878
29879
29880
29886
29887
29889
29891
29896
29897
29899
29900
29901
29910
29911
29912
29913
29914
29915
29922
29923
29924
29925
29926
29927
29937
29938
29939
29940
29941
29949
29950
29951
29952
29953
29954
29964
29965
29972
29973
29980
29981
29982
29985
29987
29993
29994
29995
30001
30007
30025
30026
30033
30034
30035
30042
30048
30049
30050
30051
30053
30057
30058
30059
30066
30067
30069
30070
30080
30081
30083
30084
30092
30093
30096
30097
30105
30106
30108
30109
30117
30118
30119
30120
30121
30128
30129
30130
30131
30139
30146
30151
30154
30160
30166
30168
30174
30175
30177
30186
30196
30197
30198
30201
30208
30209
30210
30215
30216
30217
30218
30221
30228
30236
30238
30248
30249
30252
30253
30254
30264
30269
30274
30275
30287
30291
30295
30301
30302
30304
30312
30313
30315
30316
30323
30328
30331
30335
30342
30343
30345
30349
30352
30362
30363
30364
30370
30372
30373
30379
30392
30396
30403
30404
30405
30407
30409
30410
30412
30418
30420
30425
30426
30427
30429
30432
30435
30437
30438
30439
30440
30441
30443
30444
30445
30449
30450
30454
30455
30456
30461
30462
30463
30468
30470
30477
30478
30479
30480
30481
30485
30486
30487
30493
30497
30498
30501
30502
30503
30504
30506
30509
30515
30528
30532
30536
30543
30544
30545
30546
30547
30552
30553
30555
30564
30565
30583
30584
30600
30601
30607
30608
30610
30621
30634
30639
30644
30646
30652
30653
30666
30673
30678
30684
30685
30687
30688
30714
30725
30730
30731
30735
30741
30746
30747
30752
30753
30761
30762
30766
30769
30779
30785
30788
30791
30795
30796
30800
30804
30807
30812
30815
30817
30818
30819
30821
30824
30828
30829
30830
30831
30833
30835
30840
30842
30845
30846
30848
30854
30855
30856
30857
30868
30869
30870
30871
30873
30881
30882
30884
30885
30893
30894
30895
30896
30909
30910
30911
30912
30917
30918
30919
30920
30922
30923
30933
30934
30936
30941
30942
30945
30946
30953
30956
30957
30958
30961
30967
30969
30971
30980
30981
30982
30984
30985
30986
30987
30988
31004
31005
31006
31008
31018
31019
31021
31022
31037
31038
31042
31055
31060
31062
31063
31064
31065
31066
31073
31074
31075
31076
31077
31091
31092
31093
31094
31095
31096
31102
31105
31112
31113
31114
31115
31116
31121
31122
31129
31130
31131
31132
31133
31134
31138
31145
31146
31147
31148
31149
31158
31159
31162
31177
31178
31180
31181
31182
31194
31195
31202
31203
31205
31213
31214
31216
31217
31225
31226
31227
31234
31235
31236
31238
31244
31245
31255
31262
31273
31281
31283
31288
31289
31294
31300
31301
31302
31303
31311
31312
31313
31314
31315
31323
31324
31325
31326
31336
31337
31338
31339
31349
31350
31351
31358
31359
31360
31377
31378
31379
31380
31388
31394
31400
31401
31402
31403
31417
31418
31423
31424
31425
31432
31434
31445
31447
31448
31457
31468
31475
31477
31478
31479
31485
31488
31495
31503
31505
31513
31515
31521
31526
31534
31535
31539
31560
31561
31562
31567
31571
31572
31576
31577
31583
31584
31591
31592
31599
31602
31611
31612
31617
31619
31620
31626
31650
31666
31667
31677
31687
31689
31694
31695
31702
31707
31713
31721
31728
31729
31733
31737
31738
31750
31756
31766
31770
31773
31784
31789
31790
31791
31792
31793
31794
31802
31803
31804
31805
31806
31807
31812
31817
31818
31819
31820
31822
31823
31830
31831
31832
31833
31835
31845
31846
31848
31849
31850
31851
31854
31875
31880
31881
31887
31888
31893
31894
31898
31899
31900
31903
31911
31913
31917
31921
31925
31926
31934
31935
31939
31940
31942
31943
31944
31945
31948
31950
31956
31957
31958
31963
31964
31971
31972
31975
31976
31977
31979
31985
31991
31992
31994
31997
32002
32003
32007
32008
32019
32020
32021
32027
32029
32030
32036
32038
32048
32050
32057
32058
32059
32067
32068
32078
32079
32086
32088
32094
32118
32123
32133
32134
32139
32146
32179
32180
32200
32205
32210
32211
32222
32223
32239
32245
32246
32249
32258
32259
32265
32266
32268
32269
32270
32271
32276
32277
32279
32281
32286
32287
32288
32290
32291
32299
32300
32302
32303
32309
32310
32315
32320
32321
32323
32330
32338
32342
32347
32348
32352
32357
32365
32367
32368
32372
32373
32374
32375
32382
32385
32389
32409
32417
32422
32423
32428
32430
32437
32438
32439
32456
32458
32461
32503
32525
32537
32546
32565
32574
32575
32577
32593
32598
32600
32648
32655
32668
32676
32688
32693
32698
32701
32702
32709
32721
32726
32739
32742
32757
32774
32794
32827
32846
32850
32857
32858
32861
32869
32870
32875
32876
32877
32879
32884
32885
32890
32895
32896
32897
32905
32906
32915
32919
32920
32921
32925
32938
32945
32949
32950
32951
32952
32957
32958
32959
32960
32963
32978
32979
32980
32981
32985
32989
32990
32991
32992
32997
33004
33005
33006
33008
33009
33014
33015
33016
33018
33024
33037
33039
33050
33059
33068
33072
33073
33086
33094
33095
33101
33103
33119
33137
33138
33143
33144
33147
33149
33150
33165
33166
33168
33177
33178
33179
33182
33191
33192
33193
33203
33204
33206
33213
33214
33215
33220
33229
33230
33231
33232
33241
33242
33243
33248
33249
33250
33257
33258
33259
33261
33269
33270
33271
33272
33283
33284
33285
33286
33296
33297
33298
33299
33328
33329
33331
33332
33334
33372
33373
33374
33375
33376
33407
33409
33414
33417
33422
33423
33426
33428
33434
33435
33436
33437
33448
33449
33450
33456
33457
33458
33459
33466
33467
33468
33469
33472
33474
33477
33479
33480
33482
33483
33484
33486
33488
33489
33495
33496
33497
33498
33505
33506
33507
33508
33514
33515
33517
33518
33530
33531
33533
33535
33536
33537
33549
33550
33551
33552
33553
33554
33555
33560
33568
33569
33570
33571
33572
33573
33585
33586
33587
33588
33589
33590
33591
33601
33602
33603
33604
33605
33606
33612
33613
33614
33628
33629
33630
33643
33644
33646
33647
33657
33658
33659
33668
33669
33670
33684
33685
33686
33698
33699
33700
33709
33721
33722
33724
33737
33738
33739
33740
33752
33753
33761
33763
33771
33783
33794
33795
33796
33797
33799
33803
33807
33808
33810
33814
33815
33816
33817
33818
33821
33822
33824
33825
33826
33830
33831
33833
33837
33838
33839
33840
33843
33845
33846
33850
33851
33852
33853
33859
33860
33861
33862
33869
33870
33871
33878
33879
33880
33881
33882
33888
33889
33890
33891
33892
33893
33898
33899
33902
33907
33908
33909
33910
33911
33915
33917
33918
33924
33925
33927
33928
33936
33937
33938
33939
33949
33950
33951
33952
33960
33961
33962
33963
33968
33969
33972
33977
33978
33982
33987
33988
33993
33998
33999
34006
34007
34012
34013
34027
34035
34036
34037
34039
34047
34048
34049
34051
34057
34058
34064
34065
34073
34080
34088
34089
34100
34101
34108
34109
34115
34116
34122
34123
34133
34137
34139
34197
34199
34204
34205
34207
34222
34223
34228
34229
34231
34244
34245
34267
34273
34274
34287
34304
34305
34311
34312
34339
34363
34364
34366
34367
34375
34376
34377
34378
34388
34389
34390
34391
34399
34407
34408
34409
34415
34421
34428
34429
34430
34431
34432
34457
34458
34466
34467
34468
34469
34479
34480
34481
34483
34488
34495
34501
34509
34522
34524
34583
34584
34592
34593
34594
34601
34602
34604
34613
34614
34625
34627
34632
34635
34636
34639
34643
34655
34656
34657
34659
34660
34661
34664
34665
34666
34670
34674
34675
34677
34680
34681
34683
34688
34689
34690
34691
34693
34699
34700
34701
34704
34708
34709
34712
34719
34723
34724
34726
34731
34733
34734
34742
34743
34753
34754
34755
34762
34763
34769
34770
34775
34776
34778
34779
34786
34792
34793
34798
34801
34803
34804
34806
34816
34826
34827
34828
34830
34839
34842
34846
34847
34849
34856
34857
34866
34872
34882
34883
34884
34890
34892
34898
34899
34900
34904
34907
34913
34914
34915
34916
34918
34919
34923
34924
34925
34926
34930
34933
34934
34938
34939
34941
34947
34948
34954
34983
35002
35004
35005
35021
35027
35028
35029
35030
35036
35049
35054
35060
35061
35105
35111
35112
35113
35120
35121
35122
35127
35136
35140
35141
35149
35150
35151
35156
35157
35164
35165
35169
35174
35176
35178
35184
35188
35189
35190
35191
35196
35197
35198
35203
35215
35216
35217
35218
35229
35230
35232
35241
35242
35243
35244
35257
35258
35259
35260
35268
35269
35270
35271
35273
35279
35284
35285
35287
35292
35293
35294
35295
35300
35301
35302
35303
35309
35310
35311
35312
35323
35326
35336
35350
35358
35364
35368
35370
35376
35380
35382
35386
35387
35388
35392
35393
35395
35402
35468
35469
35478
35487
35514
35515
35520
35525
35526
35542
35546
35558
35562
35571
35575
35577
35611
35624
35645
35648
35649
35650
35656
35657
35665
35666
35667
35673
35674
35679
35680
35688
35689
35690
35692
35695
35696
35700
35702
35703
35706
35710
35717
35718
35719
35720
35729
35736
35737
35738
35743
35744
35745
35751
35752
35761
35762
35769
35783
35789
35790
35793
35799
35800
35801
35805
35806
35809
35813
35814
35823
35829
35830
35831
35832
35833
35839
35840
35842
35844
35845
35846
35847
35848
35849
35850
35852
35854
35906
35916
35922
35929
35930
35931
35932
35935
35943
35945
35946
35952
35953
35954
35961
35963
35965
35974
35977
35983
35988
35989
35991
35996
35997
36005
36007
36010
36016
36027
36039
36040
36041
36042
36052
36061
36062
36063
36064
36073
36074
36075
36092
36093
36094
36104
36122
36123
36124
36125
36135
36136
36137
36138
36146
36147
36148
36161
36170
36171
36172
36176
36177
36178
36180
36183
36188
36189
36190
36193
36197
36199
36210
36211
36212
36218
36222
36234
36235
36236
36237
36238
36239
36248
36249
36250
36251
36252
36255
36256
36257
36258
36259
36262
36263
36264
36266
36270
36296
36298
36306
36307
36310
36313
36315
36324
36329
36332
36338
36339
36346
36347
36348
36355
36356
36364
36365
36368
36376
36390
36393
36395
36396
36398
36401
36402
36403
36404
36406
36408
36409
36410
36412
36413
36414
36416
36417
36418
36419
36424
36426
36428
36430
36431
36434
36436
36438
36439
36441
36448
36452
36453
36454
36455
36456
36457
36458
36461
36462
36463
36465
36466
36467
36471
36473
36474
36475
36479
36480
36481
36482
36485
36486
36487
36488
36489
36491
36492
36493
36494
36495
36499
36501
36511
36512
36513
36514
36524
36530
36531
36541
36542
36543
36544
36553
36561
36569
36583
36584
36606
36607
36608
36610
36611
36614
36616
36624
36625
36626
36627
36630
36632
36634
36638
36640
36641
36642
36644
36646
36648
36650
36653
36654
36655
36659
36673
36675
36678
36694
36695
36696
36708
36709
36716
36717
36718
36727
36728
36729
36740
36742
36749
36751
36767
36768
36779
36781
36801
36802
36803
36832
36833
36834
36840
36841
36853
36863
36865
36875
36876
36877
36878
36885
36886
36887
36888
36896
36898
36914
36921
36936
36950
36951
36954
36963
36964
36965
36992
36994
36996
37000
37005
37006
37026
37027
37035
37036
37040
37055
37057
37059
37075
37076
37079
37085
37086
37087
37088
37090
37095
37096
37098
37099
37100
37107
37108
37110
37112
37123
37130
37136
37137
37138
37143
37144
37145
37146
37148
37149
37156
37157
37159
37160
37161
37162
37167
37168
37170
37172
37185
37186
37192
37197
37202
37203
37204
37213
37214
37215
37221
37229
37230
37243
37244
37245
37246
37253
37254
37255
37256
37264
37276
37277
37278
37279
37284
37292
37293
37294
37295
37302
37304
37307
37321
37322
37323
37324
37325
37333
37338
37339
37340
37341
37348
37350
37352
37359
37361
37373
37391
37396
37397
37398
37407
37414
37415
37416
37417
37422
37423
37434
37435
37440
37441
37456
37457
37459
37471
37472
37495
37497
37502
37507
37508
37521
37522
37531
37546
37553
37555
37565
37589
37597
37598
37601
37603
37604
37605
37607
37613
37614
37615
37619
37620
37621
37627
37628
37629
37633
37638
37643
37644
37645
37646
37651
37652
37654
37659
37661
37670
37671
37672
37673
37678
37683
37684
37685
37686
37687
37691
37692
37695
37696
37699
37708
37715
37720
37721
37722
37723
37729
37735
37741
37751
37753
37754
37757
37762
37769
37770
37771
37772
37777
37783
37784
37786
37787
37797
37798
37800
37801
37805
37806
37807
37808
37828
37840
37847
37848
37849
37855
37856
37866
37867
37869
37870
37878
37887
37893
37894
37901
37908
37918
37924
37925
37930
37931
37939
37940
37945
37946
37952
37960
37963
37967
37972
37979
37983
37984
37989
37993
37999
38020
38024
38025
38031
38036
38043
38048
38063
38064
38066
38067
38069
38076
38077
38080
38087
38088
38090
38097
38098
38102
38103
38104
38105
38123
38125
38126
38139
38142
38150
38154
38163
38164
38166
38175
38177
38188
38191
38196
38197
38201
38207
38220
38222
38227
38240
38241
38242
38250
38251
38252
38258
38267
38268
38269
38276
38286
38287
38293
38296
38306
38318
38325
38326
38327
38332
38336
38343
38344
38345
38352
38368
38373
38375
38376
38383
38390
38391
38393
38394
38395
38404
38405
38406
38407
38408
38416
38417
38419
38420
38428
38429
38430
38431
38432
38433
38444
38445
38447
38448
38449
38450
38460
38461
38462
38463
38464
38465
38466
38474
38475
38476
38477
38478
38510
38511
38512
38518
38520
38521
38528
38529
38530
38544
38547
38548
38549
38552
38553
38559
38561
38562
38572
38580
38581
38582
38583
38590
38591
38593
38602
38603
38605
38606
38614
38620
38621
38623
38630
38631
38632
38633
38642
38643
38651
38652
38654
38656
38662
38663
38669
38674
38675
38676
38677
38684
38686
38694
38702
38703
38705
38719
38720
38721
38722
38728
38737
38745
38748
38749
38756
38760
38765
38771
38775
38787
38791
38799
38804
38805
38808
38815
38816
38817
38822
38823
38824
38826
38832
38833
38834
38835
38836
38841
38842
38843
38844
38845
38853
38854
38857
38862
38864
38870
38880
38881
38882
38886
38888
38889
38892
38893
38895
38897
38899
38902
38903
38904
38905
38907
38911
38916
38943
38944
38948
38961
38962
38964
38965
38970
38971
38973
38974
38980
38981
38982
38983
38984
38992
38993
38994
38995
39000
39001
39002
39008
39010
39016
39025
39029
39033
39034
39041
39043
39053
39054
39055
39060
39061
39063
39071
39072
39077
39078
39080
39081
39086
39087
39088
39089
39094
39104
39115
39130
39132
39139
39140
39149
39150
39152
39161
39174
39185
39191
39192
39195
39203
39204
39205
39206
39207
39208
39209
39218
39221
39223
39230
39237
39241
39303
39310
39314
39325
39330
39340
39341
39346
39359
39360
39366
39367
39383
39384
39387
39396
39404
39405
39406
39407
39408
39409
39415
39416
39417
39418
39419
39426
39427
39428
39429
39430
39431
39440
39441
39442
39443
39444
39446
39449
39456
39457
39459
39461
39462
39463
39464
39474
39475
39476
39477
39478
39479
39481
39488
39491
39492
39505
39506
39508
39509
39510
39515
39516
39521
39522
39528
39531
39534
39535
39536
39537
39576
39580
39582
39588
39594
39607
39608
39609
39616
39617
39618
39620
39630
39631
39632
39640
39641
39642
39652
39663
39664
39668
39669
39677
39678
39680
39686
39687
39692
39693
39699
39700
39706
39707
39714
39715
39722
39725
39728
39729
39736
39737
39738
39739
39776
39777
39778
39792
39825
39826
39837
39838
39856
39857
39861
39878
39887
39893
39896
39901
39902
39918
39919
39933
39935
39944
39947
39948
39955
39961
39962
39963
39964
39969
39973
39974
39984
39986
39990
39992
39993
39994
40001
40007
40008
40009
40015
40018
40023
40025
40026
40031
40041
40042
40056
40068
40088
40089
40091
40096
40100
40109
40110
40111
40115
40118
40120
40124
40125
40127
40128
40131
40136
40148
40149
40163
40164
40165
40171
40174
40235
40240
40241
40244
40259
40260
40261
40279
40281
40303
40318
40320
40334
40341
40342
40343
40344
40352
40353
40354
40364
40373
40374
40376
40383
40397
40399
40406
40407
40417
40422
40424
40425
40431
40438
40439
40440
40441
40446
40449
40453
40454
40460
40461
40462
40470
40476
40477
40478
40483
40485
40490
40491
40497
40499
40503
40504
40508
40509
40514
40515
40516
40517
40522
40524
40531
40532
40537
40538
40540
40541
40551
40552
40583
40618
40629
40635
40646
40651
40654
40671
40672
40675
40676
40677
40682
40694
40701
40702
40703
40709
40714
40721
40722
40728
40730
40734
40738
40739
40751
40756
40757
40763
40769
40784
40789
40792
40793
40798
40803
40810
40811
40817
40819
40823
40824
40826
40831
40832
40833
40834
40835
40836
40844
40846
40847
40849
40853
40881
40882
40891
40905
40911
40915
40930
40932
40937
40941
40949
40959
40960
40966
40967
40980
40981
40982
40983
40984
40985
40993
40994
40995
40996
40997
40998
41003
41004
41005
41013
41014
41015
41016
41017
41018
41019
41027
41028
41029
41030
41031
41032
41045
41046
41047
41048
41049
41050
41051
41052
41056
41064
41065
41066
41067
41069
41074
41079
41080
41081
41082
41089
41100
41101
41104
41117
41141
41142
41169
41171
41179
41180
41209
41211
41219
41224
41228
41233
41256
41257
41267
41268
41272
41273
41274
41286
41287
41288
41296
41299
41306
41311
41312
41314
41315
41323
41324
41327
41334
41343
41344
41345
41352
41354
41355
41361
41362
41368
41369
41370
41373
41378
41379
41386
41389
41394
41395
41396
41400
41403
41416
41421
41429
41430
41437
41439
41442
41447
41448
41449
41454
41455
41461
41462
41463
41474
41475
41480
41500
41549
41557
41560
41566
41567
41572
41576
41583
41596
41597
41598
41604
41605
41609
41610
41620
41626
41628
41637
41643
41644
41652
41653
41659
41660
41664
41669
41671
41678
41679
41680
41684
41691
41692
41694
41700
41701
41702
41704
41705
41707
41708
41710
41719
41720
41721
41722
41723
41724
41725
41733
41734
41735
41736
41737
41740
41745
41746
41747
41749
41750
41755
41756
41757
41758
41762
41763
41764
41766
41769
41770
41773
41785
41786
41787
41789
41790
41792
41793
41797
41818
41819
41820
41826
41832
41833
41835
41836
41842
41843
41844
41845
41853
41854
41855
41856
41866
41867
41868
41873
41879
41880
41881
41891
41892
41893
41898
41901
41905
41906
41908
41916
41919
41920
41921
41927
41928
41929
41930
41932
41933
41939
41940
41941
41945
41949
41954
41964
41969
41976
41977
41982
41989
41992
41997
42002
42004
42005
42010
42025
42026
42027
42042
42043
42044
42053
42054
42055
42060
42066
42067
42068
42079
42080
42081
42082
42083
42085
42086
42087
42095
42097
42098
42103
42118
42119
42120
42121
42122
42135
42136
42137
42138
42139
42140
42144
42147
42148
42150
42156
42180
42181
42188
42189
42194
42201
42205
42206
42211
42212
42239
42244
42245
42246
42248
42255
42256
42261
42262
42263
42264
42268
42269
42274
42276
42282
42283
42284
42285
42289
42297
42298
42299
42300
42304
42306
42312
42316
42319
42320
42321
42324
42329
42330
42331
42336
42341
42347
42348
42350
42351
42352
42353
42357
42362
42365
42369
42371
42374
42375
42379
42380
42382
42387
42394
42397
42414
42424
42425
42426
42435
42436
42437
42448
42449
42456
42457
42461
42470
42471
42478
42484
42485
42489
42494
42495
42496
42504
42505
42506
42507
42511
42522
42523
42524
42525
42530
42532
42539
42542
42559
42566
42577
42578
42583
42584
42589
42593
42594
42598
42599
42620
42621
42634
42635
42638
42644
42651
42657
42661
42670
42681
42683
42687
42695
42696
42703
42704
42707
42715
42722
42723
42724
42734
42737
42740
42750
42751
42758
42778
42783
42784
42786
42790
42791
42792
42793
42798
42799
42801
42807
42808
42809
42815
42816
42817
42818
42823
42824
42835
42836
42840
42841
42842
42843
42845
42846
42849
42850
42851
42852
42853
42860
42862
42905
42906
42913
42914
42915
42916
42937
42938
42964
42965
42969
42972
42973
42974
42976
42980
42981
42995
42996
42999
43005
43006
43007
43010
43011
43013
43018
43019
43022
43027
43028
43030
43031
43032
43033
43040
43041
43044
43050
43058
43060
43061
43063
43068
43069
43070
43071
43078
43079
43080
43082
43083
43087
43094
43135
43143
43144
43145
43148
43149
43155
43156
43157
43158
43159
43161
43168
43169
43170
43171
43172
43182
43183
43184
43185
43191
43201
43202
43203
43204
43212
43216
43217
43218
43229
43239
43257
43266
43278
43279
43284
43288
43289
43296
43300
43306
43311
43316
43326
43330
43331
43345
43346
43347
43348
43352
43354
43363
43364
43365
43366
43369
43371
43378
43379
43380
43381
43385
43412
43417
43418
43419
43420
43424
43425
43431
43433
43443
43453
43455
43457
43458
43464
43465
43466
43469
43477
43478
43480
43486
43493
43497
43503
43505
43510
43519
43527
43528
43534
43535
43550
43554
43559
43560
43571
43572
43580
43581
43582
43584
43593
43595
43596
43597
43604
43605
43606
43607
43614
43627
43629
43636
43638
43643
43645
43649
43659
43660
43661
43662
43663
43664
43665
43675
43676
43678
43681
43682
43686
43687
43691
43692
43694
43701
43702
43704
43705
43706
43715
43716
43717
43718
43719
43733
43734
43735
43736
43738
43739
43751
43752
43754
43755
43756
43757
43767
43768
43770
43771
43776
43777
43778
43779
43782
43785
43791
43794
43795
43797
43803
43804
43806
43807
43808
43815
43816
43818
43819
43820
43822
43831
43835
43836
43837
43841
43842
43844
43853
43854
43855
43865
43866
43871
43872
43873
43875
43880
43881
43885
43886
43890
43894
43903
43904
43906
43907
43910
43912
43914
43916
43918
43921
43922
43923
43924
43925
43928
43929
43930
43931
43932
43935
43937
43942
43943
43945
43948
43949
43950
43952
43954
43966
43967
43969
43972
43981
43982
43983
43984
43993
43994
43995
43996
44001
44013
44014
44015
44019
44030
44031
44033
44036
44039
44040
44041
44043
44045
44046
44048
44054
44058
44059
44060
44064
44065
44066
44072
44073
44074
44076
44077
44078
44080
44082
44083
44084
44088
44092
44093
44094
44095
44096
44097
44098
44099
44100
44105
44106
44107
44109
44110
44114
44115
44120
44121
44122
44123
44127
44132
44138
44140
44142
44145
44151
44157
44160
44162
44165
44166
44168
44175
44183
44184
44185
44186
44198
44199
44207
44208
44209
44222
44223
44224
44232
44233
44234
44239
44252
44266
44274
44282
44284
44293
44294
44295
44301
44302
44303
44311
44312
44322
44324
44325
44331
44333
44336
44360
44361
44363
44367
44368
44369
44379
44399
44400
44403
44436
44439
44447
44448
44455
44456
44457
44482
44483
44484
44504
44511
