6
7
9
13
16
17
18
20
21
53
55
57
95
96
97
99
101
102
104
106
133
135
136
140
141
142
143
144
145
146
148
164
165
166
167
169
170
172
180
183
184
185
198
199
200
201
202
203
206
207
208
209
210
211
212
229
231
240
241
242
243
244
246
247
248
250
251
252
253
271
272
274
275
276
277
279
280
313
318
319
320
321
322
324
326
327
328
329
331
332
360
362
363
364
395
396
397
399
400
401
403
407
408
412
414
459
460
461
462
466
467
478
479
480
481
482
484
485
486
487
488
490
503
517
518
520
521
522
524
525
526
527
528
529
530
531
532
533
540
541
542
543
544
545
546
551
552
564
608
610
611
614
615
619
622
654
656
671
672
673
674
675
677
678
695
702
703
713
714
716
717
719
720
721
722
723
724
740
741
742
743
744
745
746
751
752
755
756
757
758
759
760
761
764
765
767
768
769
770
771
772
773
774
775
777
779
780
803
804
805
806
807
808
809
810
811
812
813
814
815
817
856
857
858
861
862
863
866
867
868
869
870
871
872
873
875
877
901
902
903
904
905
906
907
908
909
910
912
913
914
931
933
934
936
937
938
939
940
945
976
978
982
983
984
985
986
987
988
999
1004
1007
1012
1014
1016
1017
1018
1019
1021
1022
1024
1027
1040
1045
1052
1056
1057
1059
1060
1084
1085
1087
1103
1141
1146
1147
1149
1150
1151
1153
1154
1184
1186
1188
1189
1190
1191
1192
1193
1195
1200
1201
1202
1203
1204
1205
1208
1209
1210
1212
1220
1222
1223
1225
1226
1227
1228
1229
1230
1231
1257
1258
1259
1260
1261
1262
1263
1264
1265
1266
1267
1268
1269
1271
1293
1303
1304
1305
1306
1319
1321
1324
1327
1328
1341
1352
1354
1355
1357
1358
1363
1385
1387
1395
1398
1400
1401
1402
1403
1404
1405
1406
1407
1408
1411
1413
1414
1415
1461
1463
1464
1465
1466
1467
1468
1469
1470
1471
1479
1480
1482
1493
1494
1496
1501
1503
1504
1509
1510
1514
1515
1517
1519
1530
1531
1532
1535
1536
1541
1543
1544
1545
1547
1548
1549
1551
1552
1556
1585
1586
1587
1588
1589
1590
1591
1593
1599
1613
1616
1617
1618
1620
1621
1623
1625
1626
1627
1628
1629
1630
1635
1636
1640
1641
1653
1656
1657
1709
1723
1727
1728
1733
1735
1737
1738
1740
1754
1756
1771
1776
1777
1778
1780
1781
1782
1784
1785
1787
1788
1789
1790
1791
1793
1794
1796
1797
1798
1799
1800
1801
1802
1803
1805
1806
1807
1822
1823
1824
1825
1827
1828
1829
1830
1831
1832
1833
1837
1838
1839
1840
1842
1843
1844
1845
1846
1848
1849
1850
1851
1852
1853
1855
1862
1863
1864
1866
1868
1869
1876
1877
1879
1882
1884
1886
1887
1889
1890
1891
1892
1894
1897
1898
1899
1900
1901
1902
1905
1906
1909
1910
1911
1912
1916
1918
1919
1936
1938
1939
1940
1941
1942
1952
1953
1954
1955
1957
1959
1963
1966
1967
1968
1969
1970
1971
1972
1973
1974
1975
1976
1977
1981
1984
1985
1988
1989
1991
1992
1996
2004
2006
2007
2008
2010
2011
2012
2013
2016
2024
2025
2030
2031
2033
2034
2036
2038
2039
2043
2044
2045
2046
2047
2051
2057
2060
2061
2063
2066
2067
2075
2076
2077
2083
2084
2088
2103
2104
2105
2107
2108
2109
2110
2111
2113
2145
2146
2148
2150
2151
2164
2165
2166
2167
2168
2169
2170
2219
2220
2221
2223
2226
2227
2228
2230
2231
2232
2233
2234
2235
2236
2240
2245
2246
2247
2248
2249
2250
2252
2253
2262
2264
2265
2266
2267
2268
2270
2275
2276
2277
2278
2279
2280
2282
2285
2288
2290
2291
2298
2299
2300
2301
2302
2303
2304
2305
2323
2324
2325
2326
2327
2328
2331
2332
2333
2334
2335
2336
2337
2338
2340
2341
2368
2369
2375
2378
2380
2381
2382
2383
2384
2385
2386
2387
2388
2389
2391
2393
2440
2441
2442
2443
2444
2447
2448
2450
2485
2486
2487
2490
2493
2494
2496
2497
2498
2500
2509
2511
2512
2513
2514
2515
2517
2522
2523
2527
2529
2533
2534
2535
2536
2537
2539
2540
2541
2543
2546
2565
2566
2567
2568
2569
2570
2571
2572
2573
2574
2575
2576
2577
2578
2581
2582
2615
2617
2618
2620
2621
2623
2624
2625
2626
2627
2628
2629
2630
2631
2632
2633
2635
2636
2637
2657
2669
2670
2671
2672
2673
2674
2675
2676
2677
2678
2679
2680
2681
2682
2706
2719
2720
2722
2723
2724
2726
2727
2728
2730
2731
2732
2733
2734
2735
2740
2742
2748
2751
2754
2758
2759
2760
2761
2762
2763
2764
2765
2767
2787
2810
2811
2814
2815
2816
2817
2818
2850
2851
2854
2855
2871
2874
2875
2878
2879
2904
2905
2906
2907
2908
2909
2910
2916
2917
2920
2921
2922
2923
2948
2949
2950
2951
2952
2953
2957
2959
2960
2963
2964
2966
2967
2968
2969
2970
2971
2973
3008
3009
3011
3012
3030
3031
3034
3035
3036
3037
3038
3039
3040
3041
3042
3043
3044
3045
3046
3047
3048
3049
3050
3051
3052
3053
3054
3055
3071
3072
3073
3074
3076
3077
3078
3079
3080
3082
3086
3087
3088
3089
3091
3092
3125
3126
3127
3128
3129
3131
3133
3135
3138
3140
3141
3142
3144
3149
3152
3154
3156
3157
3158
3159
3185
3186
3187
3190
3191
3193
3194
3200
3204
3208
3209
3210
3211
3212
3214
3216
3220
3246
3247
3253
3254
3255
3256
3292
3293
3294
3295
3296
3297
3300
3301
3303
3305
3329
3330
3331
3332
3333
3334
3335
3336
3338
3339
3340
3341
3342
3376
3377
3379
3381
3383
3406
3412
3413
3414
3415
3416
3419
3440
3442
3443
3444
3445
3446
3447
3449
3450
3452
3488
3491
3507
3508
3509
3510
3512
3513
3514
3516
3517
3519
3520
3521
3522
3524
3525
3530
3531
3533
3534
3537
3538
3539
3545
3546
3549
3563
3578
3579
3580
3581
3588
3589
3590
3592
3593
3594
3595
3596
3598
3606
3615
3640
3641
3644
3663
3666
3680
3682
3683
3684
3685
3686
3687
3688
3689
3690
3692
3705
3706
3711
3712
3715
3716
3717
3718
3734
3735
3736
3779
3780
3784
3786
3788
3792
3795
3820
3824
3825
3842
3849
3852
3853
3864
3868
3873
3874
3879
3880
3881
3882
3884
3885
3886
3887
3888
3890
3892
3893
3894
3895
3896
3897
3898
3899
3900
3901
3902
3903
3904
3905
3906
3907
3908
3910
3911
3912
3913
3914
3915
3916
3917
3919
3922
3924
3926
3927
3928
3930
3931
3932
3934
3935
3936
3937
3938
3939
3940
3942
3943
3944
3945
3946
3948
3949
3950
3951
3952
3954
3955
3957
3958
3959
3960
3961
3962
3965
3967
3968
3975
3976
3978
3979
3980
3981
3999
4068
4071
4073
4074
4075
4076
4077
4078
4079
4080
4081
4082
4083
4084
4085
4086
4102
4113
4114
4115
4116
4117
4118
4119
4120
4121
4122
4123
4139
4144
4146
4154
4157
4158
4161
4165
4186
4187
4188
4189
4191
4192
4193
4194
4195
4196
4197
4198
4199
4200
4201
4204
4205
4206
4208
4214
4215
4216
4217
4226
4227
4228
4229
4230
4232
4234
4235
4237
4246
4248
4249
4250
4251
4252
4253
4254
4255
4256
4284
4286
4295
4296
4297
4298
4299
4300
4301
4302
4303
4304
4305
4306
4307
4308
4309
4310
4311
4312
4313
4314
4315
4316
4343
4344
4354
4355
4356
4357
4358
4359
4360
4361
4362
4363
4364
4365
4366
4439
4440
4441
4442
4444
4445
4446
4447
4448
4449
4450
4451
4454
4505
4510
4515
4516
4521
4522
4523
4525
4528
4539
4540
4541
4542
4543
4544
4545
4546
4547
4558
4559
4560
4561
4562
4563
4568
4570
4571
4572
4573
4574
4575
4577
4578
4579
4582
4583
4584
4585
4586
4587
4588
4620
4622
4623
4624
4625
4626
4640
4641
4644
4646
4647
4649
4651
4667
4668
4670
4691
4693
4694
4698
4699
4701
4702
4703
4706
4710
4712
4718
4730
4731
4732
4733
4734
4735
4736
4737
4738
4741
4745
4759
4760
4762
4764
4782
4783
4784
4785
4786
4796
4799
4800
4801
4803
4804
4848
4849
4851
4852
4855
4857
4926
4929
4930
4932
4933
4934
4935
4936
4937
4939
4999
5002
5003
5004
5006
5007
5008
5009
5010
5011
5012
5013
5032
5033
5034
5035
5036
5037
5038
5039
5040
5041
5042
5055
5057
5058
5059
5082
5083
5084
5094
5109
5110
5111
5113
5115
5116
5135
5139
5140
5141
5142
5144
5168
5169
5170
5171
5172
5173
5174
5175
5176
5177
5178
5181
5182
5184
5185
5187
5188
5190
5191
5192
5200
5207
5208
5209
5210
5211
5212
5213
5214
5215
5227
5228
5229
5231
5233
5234
5237
5239
5240
5241
5242
5243
5244
5246
5249
5255
5256
5257
5268
5269
5270
5271
5272
5273
5274
5275
5276
5282
5283
5284
5288
5290
5291
5292
5293
5294
5298
5331
5356
5357
5358
5359
5360
5361
5363
5364
5365
5366
5367
5368
5369
5370
5371
5373
5374
5375
5376
5402
5403
5404
5405
5407
5439
5440
5441
5443
5444
5445
5446
5447
5448
5471
5473
5480
5481
5482
5483
5484
5486
5505
5508
5509
5512
5513
5515
5516
5517
5518
5519
5520
5521
5522
5528
5530
5531
5532
5533
5534
5535
5542
5545
5546
5548
5555
5556
5557
5558
5559
5561
5563
5565
5566
5568
5569
5571
5572
5573
5575
5576
5577
5578
5579
5580
5581
5582
5584
5585
5589
5598
5599
5600
5601
5602
5603
5607
5627
5628
5630
5631
5632
5633
5634
5635
5643
5644
5645
5646
5647
5648
5649
5650
5661
5662
5663
5665
5666
5667
5671
5672
5673
5674
5682
5687
5689
5690
5691
5704
5705
5706
5707
5710
5721
5722
5723
5724
5725
5726
5727
5728
5730
5731
5733
5734
5738
5740
5741
5742
5745
5746
5748
5757
5759
5760
5761
5784
5787
5790
5791
5797
5800
5806
5808
5841
5843
5845
5862
5880
5881
5887
5888
5889
5890
5891
5892
5893
5894
5895
5896
5897
5898
5899
5900
5901
5902
5903
5904
5905
5906
5907
5909
5910
5911
5912
5922
5923
5924
5925
5926
5927
5928
5930
5935
5936
5937
5938
5939
5940
5943
5946
5947
5948
5949
5950
5951
5952
5954
5956
5957
5958
5959
5960
5961
5962
5963
5964
5965
5966
5967
5968
5969
5970
5971
5972
5973
5975
5976
5977
5978
5980
5982
5983
5984
5985
5987
5988
5989
5990
5991
5992
5993
5994
5996
5997
5999
6001
6002
6004
6005
6009
6010
6011
6012
6013
6014
6015
6016
6017
6019
6020
6021
6023
6024
6025
6026
6028
6029
6032
6033
6034
6035
6036
6037
6043
6044
6047
6050
6051
6054
6055
6056
6057
6058
6059
6061
6063
6064
6065
6066
6067
6068
6070
6071
6073
6077
6082
6083
6084
6085
6086
6087
6088
6093
6095
6096
6098
6099
6100
6106
6107
6109
6114
6115
6116
6117
6118
6119
6120
6121
6122
6123
6124
6125
6127
6128
6130
6131
6132
6134
6135
6136
6137
6153
6154
6156
6159
6178
6179
6180
6181
6182
6183
6186
6188
6189
6190
6191
6202
6215
6216
6217
6218
6219
6220
6221
6222
6223
6226
6227
6228
6229
6230
6231
6232
6233
6234
6235
6236
6237
6247
6249
6251
6266
6267
6268
6269
6270
6271
6274
6275
6276
6289
6304
6308
6309
6314
6315
6318
6319
6322
6323
6325
6344
6345
6346
6347
6348
6349
6351
6352
6353
6355
6356
6357
6390
6391
6392
6393
6396
6399
6400
6401
6402
6404
6405
6406
6445
6446
6447
6448
6449
6451
6452
6472
6473
6474
6476
6477
6479
6480
6481
6482
6493
6499
6500
6501
6502
6503
6506
6533
6537
6538
6541
6543
6573
6574
6575
6576
6586
6619
6621
6622
6623
6624
6625
6626
6627
6628
6630
6631
6633
6634
6635
6636
6637
6638
6639
6642
6646
6667
6668
6669
6670
6671
6672
6673
6674
6675
6676
6678
6695
6696
6697
6698
6699
6701
6735
6736
6738
6739
6740
6741
6742
6743
6744
6745
6746
6747
6748
6749
6750
6772
6773
6780
6781
6782
6784
6785
6786
6787
6789
6790
6803
6804
6805
6811
6813
6816
6817
6821
6822
6823
6824
6825
6826
6849
6850
6852
6853
6854
6856
6857
6858
6885
6886
6887
6888
6889
6890
6891
6892
6893
6894
6895
6896
6897
6899
6920
6947
6948
6949
6956
6958
6959
6960
6961
6963
6964
6965
6966
6967
7037
7038
7040
7051
7052
7053
7055
7057
7058
7059
7060
7061
7063
7064
7068
7069
7070
7086
7087
7088
7089
7095
7098
7101
7104
7111
7112
7115
7116
7117
7119
7121
7144
7145
7146
7148
7149
7150
7151
7152
7167
7169
7170
7171
7172
7173
7175
7176
7177
7181
7183
7184
7188
7189
7191
7192
7194
7195
7196
7197
7212
7213
7214
7215
7216
7217
7218
7219
7220
7221
7222
7244
7245
7246
7247
7248
7249
7250
7253
7254
7255
7256
7257
7259
7292
7293
7305
7307
7309
7310
7311
7312
7313
7314
7325
7326
7327
7328
7329
7330
7331
7332
7333
7334
7335
7336
7338
7339
7340
7341
7342
7343
7344
7345
7346
7350
7351
7370
7371
7372
7373
7376
7377
7418
7419
7428
7429
7430
7434
7435
7449
7452
7453
7454
7469
7470
7473
7500
7502
7503
7506
7511
7515
7518
7520
7522
7523
7524
7525
7526
7527
7530
7533
7535
7536
7577
7578
7579
7581
7585
7588
7589
7590
7604
7605
7606
7607
7608
7610
7611
7612
7613
7614
7615
7616
7627
7631
7633
7635
7636
7637
7638
7639
7640
7641
7642
7643
7644
7646
7647
7648
7649
7650
7651
7652
7653
7654
7655
7656
7657
7658
7659
7660
7661
7662
7663
7664
7666
7667
7668
7669
7670
7671
7672
7673
7674
7675
7676
7677
7678
7679
7680
7682
7684
7685
7686
7687
7688
7689
7690
7691
7692
7693
7694
7695
7696
7698
7699
7700
7703
7704
7705
7706
7707
7708
7710
7712
7714
7716
7717
7718
7719
7720
7721
7723
7724
7725
7728
7730
7731
7732
7733
7734
7735
7737
7739
7740
7742
7743
7745
7747
7748
7749
7751
7752
7753
7754
7755
7756
7759
7760
7761
7763
7764
7765
7766
7767
7768
7769
7770
7771
7774
7776
7781
7782
7785
7787
7788
7789
7790
7791
7792
7793
7794
7795
7796
7798
7799
7801
7802
7805
7808
7809
7810
7815
7816
7817
7818
7819
7820
7821
7822
7823
7825
7826
7827
7828
7829
7832
7833
7834
7835
7839
7840
7841
7842
7846
7848
7854
7857
7858
7859
7860
7861
7862
7863
7864
7865
7866
7867
7868
7869
7870
7871
7873
7881
7882
7883
7884
7886
7887
7898
7899
7900
7904
7911
7913
7915
7916
7918
7929
7932
7933
7934
7935
7936
7937
7947
7948
7949
7950
7951
7952
7953
7954
7955
7956
7957
7958
7963
7964
7965
7976
7977
7978
7979
7980
7981
7982
7983
7984
7985
7990
7991
7992
7993
7994
7995
7996
7997
7998
7999
8000
8001
8002
8003
8004
8005
8006
8007
8008
8009
8010
8012
8014
8018
8019
8023
8026
8027
8028
8030
8033
8060
8061
8062
8063
8064
8065
8066
8069
8070
8071
8072
8074
8078
8079
8080
8082
8084
8085
8086
8088
8089
8090
8091
8105
8106
8109
8110
8131
8133
8134
8136
8159
8160
8162
8163
8202
8212
8223
8225
8228
8231
8233
8243
8244
8245
8246
8247
8248
8249
8251
8278
8279
8281
8282
8283
8284
8285
8286
8298
8299
8300
8301
8302
8303
8305
8307
8308
8309
8311
8418
8429
8441
8446
8447
8448
8449
8451
8452
8454
8475
8476
8478
8480
8481
8495
8496
8503
8504
8505
8506
8507
8508
8509
8511
8513
8514
8515
8516
8517
8518
8527
8528
8529
8531
8532
8533
8536
8537
8538
8568
8569
8573
8576
8582
8583
8584
8585
8602
8603
8606
8607
8608
8609
8610
8611
8612
8613
8615
8658
8659
8660
8661
8662
8664
8665
8666
8667
8668
8669
8670
8672
8673
8685
8686
8687
8688
8693
8694
8695
8697
8698
8699
8700
8701
8702
8704
8705
8722
8723
8724
8725
8739
8741
8742
8747
8749
8783
8785
8788
8821
8822
8823
8825
8848
8850
8851
8852
8853
8854
8855
8856
8858
8859
8860
8861
8862
8863
8864
8865
8866
8871
8872
8873
8874
8875
8878
8879
8902
8903
8904
8908
8910
8912
8913
8915
8916
8920
8921
8922
8924
8926
8927
8929
8958
8959
8960
8962
8963
8964
8965
8966
8967
8968
8969
8971
8976
9011
9012
9013
9015
9017
9019
9053
9054
9057
9058
9067
9071
9074
9075
9086
9087
9088
9090
9091
9092
9093
9094
9096
9097
9098
9099
9100
9101
9104
9108
9159
9160
9162
9163
9165
9166
9167
9168
9169
9171
9172
9173
9174
9175
9176
9177
9178
9180
9181
9182
9183
9184
9185
9196
9199
9201
9202
9204
9205
9206
9225
9226
9227
9228
9230
9232
9233
9234
9236
9237
9238
9239
9240
9241
9245
9251
9252
9253
9255
9256
9257
9258
9260
9261
9262
9265
9266
9267
9268
9273
9284
9285
9286
9287
9291
9299
9301
9314
9316
9318
9319
9320
9322
9323
9326
9327
9329
9330
9338
9341
9343
9346
9347
9348
9350
9351
9355
9356
9357
9359
9361
9363
9379
9391
9410
9411
9412
9413
9414
9415
9417
9419
9422
9423
9428
9429
9431
9436
9439
9440
9441
9442
9443
9445
9446
9448
9449
9451
9452
9455
9458
9459
9461
9463
9464
9467
9469
9470
9471
9472
9473
9474
9475
9476
9478
9479
9480
9481
9482
9483
9484
9487
9490
9491
9495
9496
9497
9498
9499
9501
9503
9504
9505
9506
9507
9509
9511
9516
9520
9522
9524
9526
9527
9530
9531
9532
9533
9534
9535
9536
9538
9540
9542
9543
9544
9545
9546
9547
9548
9549
9550
9551
9554
9555
9561
9562
9563
9564
9565
9566
9567
9568
9570
9581
9588
9589
9591
9592
9593
9594
9595
9596
9597
9598
9599
9601
9602
9608
9609
9610
9615
9620
9623
9624
9625
9626
9632
9634
9637
9640
9642
9643
9647
9648
9649
9650
9652
9653
9658
9660
9661
9663
9665
9666
9670
9680
9682
9683
9684
9685
9690
9692
9693
9694
9695
9699
9701
9703
9704
9706
9707
9710
9714
9715
9719
9721
9722
9723
9724
9725
9727
9728
9729
9730
9731
9732
9733
9735
9736
9737
9762
9763
9764
9766
9767
9768
9769
9770
9772
9773
9774
9775
9776
9777
9778
9779
9780
9781
9782
9812
9826
9827
9828
9829
9830
9831
9832
9875
9876
9877
9878
9879
9880
9881
9917
9920
9921
9922
9923
9925
9926
9927
9928
9929
9930
9933
9934
9935
9967
9990
9992
9993
9994
9995
10003
10004
10005
10006
10007
10008
10009
10010
10011
10014
10015
10016
10018
10021
10023
10024
10025
10026
10027
10028
10029
10030
10031
10032
10033
10035
10036
10037
10038
10040
10042
10043
10044
10095
10096
10097
10098
10099
10100
10101
10102
10103
10131
10132
10134
10135
10136
10138
10139
10140
10141
10142
10143
10232
10233
10234
10235
10237
10238
10255
10256
10257
10258
10259
10260
10261
10263
10264
10265
10266
10267
10268
10270
10271
10273
10274
10287
10288
10289
10291
10292
10293
10294
10296
10297
10300
10301
10303
10307
10308
10309
10310
10311
10312
10313
10316
10317
10318
10323
10325
10328
10329
10330
10332
10333
10334
10335
10336
10337
10339
10340
10341
10342
10343
10344
10346
10374
10379
10380
10381
10382
10383
10384
10386
10387
10388
10389
10390
10391
10444
10448
10449
10466
10467
10468
10482
10483
10484
10486
10487
10488
10489
10490
10491
10492
10493
10494
10495
10496
10497
10498
10499
10500
10509
10510
10512
10513
10514
10518
10554
10555
10556
10557
10558
10559
10560
10561
10562
10563
10564
10565
10566
10567
10568
10569
10570
10571
10572
10573
10574
10575
10576
10577
10578
10579
10580
10581
10598
10599
10600
10601
10602
10604
10605
10606
10607
10608
10626
10627
10628
10629
10630
10632
10633
10638
10640
10682
10686
10721
10723
10726
10727
10729
10730
10731
10732
10733
10744
10745
10746
10747
10749
10750
10753
10755
10765
10767
10768
10769
10784
10785
10826
10828
10829
10867
10868
10869
10870
10871
10872
10873
10881
10882
10885
10886
10888
10891
10893
10894
10895
10896
10905
10907
10909
10910
10923
10927
10929
10934
10944
10960
10968
10969
10970
10971
10972
10974
10977
10981
10989
10991
10994
10995
10996
10997
10998
11000
11001
11002
11003
11004
11005
11006
11008
11009
11010
11012
11013
11014
11015
11016
11017
11018
11019
11020
11021
11022
11023
11024
11026
11027
11028
11029
11030
11031
11032
11033
11035
11036
11038
11039
11040
11041
11042
11043
11044
11045
11048
11049
11051
11052
11054
11055
11056
11057
11058
11059
11061
11063
11064
11067
11069
11072
11074
11075
11076
11077
11078
11079
11083
11087
11088
11089
11090
11091
11092
11093
11095
11097
11098
11099
11100
11101
11102
11103
11105
11106
11107
11110
11112
11113
11114
11115
11124
11125
11128
11133
11134
11136
11143
11148
11150
11151
11154
11158
11159
11161
11166
11169
11170
11171
11174
11175
11177
11178
11179
11180
11181
11182
11188
11189
11190
11191
11192
11193
11194
11196
11211
11213
11214
11216
11217
11218
11219
11220
11221
11224
11225
11230
11289
11290
11291
11293
11294
11295
11296
11297
11298
11299
11302
11303
11305
11306
11364
11365
11366
11367
11368
11369
11370
11371
11372
11373
11374
11375
11377
11379
11380
11381
11382
11383
11384
11385
11386
11387
11388
11389
11390
11391
11402
11403
11405
11406
11407
11408
11409
11411
11412
11413
11414
11415
11416
11418
11419
11421
11437
11438
11439
11440
11441
11442
11443
11444
11445
11446
11447
11466
11467
11468
11469
11470
11471
11485
11487
11489
11490
11491
11492
11494
11495
11497
11498
11499
11500
11503
11504
11505
11519
11520
11521
11522
11523
11524
11527
11528
11532
11534
11540
11541
11542
11543
11544
11545
11546
11547
11548
11549
11550
11553
11583
11584
11585
11586
11587
11588
11589
11590
11591
11592
11593
11594
11597
11598
11599
11600
11610
11611
11613
11616
11620
11621
11622
11644
11645
11646
11647
11648
11649
11650
11651
11652
11653
11654
11656
11659
11670
11671
11672
11673
11674
11675
11677
11678
11680
11681
11683
11684
11701
11702
11792
11793
11794
11797
11798
11799
11801
11804
11805
11806
11807
11808
11809
11815
11817
11819
11825
11826
11827
11828
11829
11830
11831
11832
11862
11863
11868
11878
11880
11881
11886
11887
11891
11893
11896
11902
11906
11907
11908
11909
11910
11912
11935
11936
11937
11938
11939
11940
11941
11942
11943
11944
11945
11946
11947
11948
11950
11988
11993
11994
11997
11999
12000
12002
12003
12010
12011
12013
12014
12016
12017
12018
12019
12020
12021
12022
12024
12026
12027
12030
12039
12041
12045
12046
12048
12049
12050
12051
12052
12053
12054
12056
12057
12058
12059
12060
12061
12062
12063
12064
12066
12069
12071
12073
12075
12076
12077
12078
12079
12080
12082
12083
12084
12085
12086
12087
12089
12090
12091
12092
12093
12094
12095
12097
12099
12101
12102
12103
12104
12105
12106
12108
12111
12115
12118
12119
12120
12121
12122
12123
12124
12125
12126
12127
12128
12129
12130
12132
12133
12136
12137
12140
12141
12144
12145
12151
12157
12158
12159
12160
12161
12162
12166
12173
12176
12177
12178
12179
12181
12184
12185
12191
12192
12193
12198
12199
12200
12201
12202
12203
12205
12207
12208
12210
12214
12215
12217
12218
12220
12221
12222
12223
12225
12229
12230
12231
12233
12235
12236
12239
12240
12241
12242
12243
12244
12245
12246
12247
12249
12250
12251
12252
12255
12262
12273
12275
12276
12277
12278
12279
12280
12284
12285
12286
12287
12289
12304
12305
12306
12307
12308
12309
12310
12312
12314
12315
12317
12318
12320
12321
12322
12323
12324
12325
12326
12327
12329
12330
12332
12333
12334
12335
12336
12338
12339
12341
12360
12361
12362
12363
12365
12366
12392
12393
12394
12396
12397
12399
12408
12409
12410
12411
12412
12413
12414
12416
12417
12418
12419
12420
12421
12422
12423
12424
12425
12426
12427
12428
12429
12430
12431
12432
12433
12446
12447
12449
12450
12451
12452
12453
12455
12477
12479
12480
12481
12492
12493
12494
12496
12497
12498
12499
12502
12510
12527
12528
12529
12530
12531
12532
12533
12534
12535
12539
12540
12542
12543
12544
12579
12581
12583
12585
12587
12589
12590
12600
12602
12603
12604
12605
12606
12607
12608
12609
12610
12611
12615
12616
12617
12618
12619
12620
12621
12623
12627
12660
12661
12679
12680
12682
12683
12684
12685
12686
12687
12688
12689
12692
12693
12695
12696
12698
12727
12728
12729
12730
12731
12732
12733
12734
12736
12738
12739
12740
12741
12742
12743
12744
12747
12751
12797
12799
12808
12809
12811
12849
12851
12852
12871
12872
12882
12885
12886
12887
12889
12891
12892
12893
12894
12895
12899
12900
12901
12902
12903
12905
12906
12907
12908
12910
12911
12912
12913
12915
12923
12932
12933
12935
12936
12937
12938
12970
12971
12973
12974
12975
12976
12978
12980
12982
12983
12984
12986
12987
12988
12990
12991
12992
12994
13023
13024
13025
13026
13027
13028
13030
13031
13032
13035
13036
13037
13038
13039
13041
13044
13045
13046
13047
13048
13049
13050
13053
13054
13055
13056
13058
13067
13068
13069
13070
13071
13072
13073
13074
13075
13076
13110
13112
13114
13115
13116
13117
13118
13131
13139
13140
13141
13142
13143
13144
13146
13147
13149
13150
13151
13152
13153
13154
13155
13156
13158
13159
13161
13162
13164
13165
13166
13167
13168
13169
13170
13172
13174
13177
13178
13179
13180
13181
13182
13183
13184
13195
13196
13200
13201
13202
13203
13204
13206
13207
13208
13209
13210
13211
13212
13213
13214
13244
13246
13254
13255
13261
13262
13263
13264
13266
13267
13269
13270
13271
13272
13273
13274
13276
13277
13278
13280
13281
13283
13362
13363
13364
13366
13367
13368
13369
13370
13371
13372
13373
13374
13377
13378
13379
13380
13381
13382
13383
13384
13386
13389
13390
13391
13392
13393
13396
13402
13403
13404
13405
13406
13408
13410
13414
13415
13417
13418
13423
13424
13425
13426
13427
13428
13429
13430
13431
13432
13433
13434
13435
13438
13439
13482
13484
13485
13486
13487
13488
13490
13491
13492
13493
13494
13496
13497
13499
13500
13501
13503
13504
13505
13506
13507
13508
13509
13510
13511
13524
13525
13526
13527
13528
13530
13531
13533
13534
13535
13537
13538
13539
13540
13541
13542
13544
13545
13546
13547
13551
13552
13553
13554
13555
13556
13557
13558
13559
13560
13561
13564
13565
13566
13567
13568
13569
13570
13571
13573
13574
13575
13576
13577
13578
13579
13581
13584
13585
13586
13588
13589
13593
13609
13610
13611
13612
13613
13614
13615
13616
13617
13618
13619
13620
13621
13622
13633
13634
13636
13638
13641
13649
13650
13651
13652
13653
13655
13656
13657
13658
13660
13662
13671
13679
13680
13687
13688
13690
13694
13696
13697
13699
13700
13703
13706
13708
13716
13717
13718
13719
13720
13721
13722
13724
13746
13747
13761
13772
13779
13781
13830
13831
13832
13841
13843
13845
13847
13881
13883
13896
13898
13899
13900
13901
13903
13905
13907
13919
13920
13921
13922
13923
13924
13925
13926
13927
13928
13929
13930
13932
13933
13934
13940
13942
13943
13945
13946
13947
13948
13949
13950
13951
13953
13954
13955
13956
13957
13958
14004
14005
14006
14007
14009
14013
14014
14016
14020
14021
14023
14024
14027
14106
14107
14111
14112
14113
14114
14115
14116
14117
14119
14120
14121
14122
14123
14124
14125
14126
14127
14128
14129
14131
14132
14133
14143
14145
14148
14150
14151
14152
14153
14156
14187
14190
14192
14195
14197
14213
14214
14215
14216
14218
14220
14221
14223
14224
14225
14226
14230
14232
14233
14236
14237
14241
14243
14244
14246
14264
14265
14266
14268
14269
14271
14272
14274
14276
14277
14278
14280
14281
14306
14307
14308
14310
14311
14312
14313
14315
14316
14317
14319
14320
14321
14347
14383
14384
14385
14387
14389
14411
14435
14437
14438
14456
14457
14458
14459
14462
14463
14464
14465
14466
14467
14468
14469
14470
14472
14478
14484
14493
14526
14527
14528
14529
14530
14531
14532
14535
14536
14537
14538
14539
14540
14542
14543
14544
14545
14546
14547
14548
14557
14558
14559
14560
14562
14565
14566
14567
14569
14570
14586
14617
14620
14643
14649
14650
14651
14658
14672
14674
14677
14679
14680
14682
14683
14684
14685
14688
14691
14696
14743
14744
14794
14820
14821
14822
14825
14829
14868
14869
14870
14872
14873
14874
14875
14895
14896
14898
14899
14901
14905
14906
14907
14908
14909
14911
14912
14915
14917
14923
14926
14927
14931
14932
14933
14935
14936
14938
14939
14940
14942
14944
14945
14946
14947
14949
14965
14966
14967
14969
14970
14988
15009
15010
15026
15027
15028
15032
15035
15036
15037
15040
15041
15052
15053
15054
15055
15056
15057
15058
15062
15063
15064
15065
15066
15067
15068
15069
15070
15071
15072
15073
15076
15077
15078
15079
15080
15082
15085
15086
15088
15089
15158
15159
15163
15165
15168
15170
15171
15172
15173
15176
15178
15179
15180
15181
15182
15185
15186
15187
15188
15189
15190
15191
15192
15193
15195
15196
15198
15203
15205
15206
15207
15208
15209
15210
15211
15212
15213
15214
15249
15250
15251
15252
15253
15254
15255
15256
15257
15258
15259
15262
15264
15265
15266
15267
15268
15269
15270
15271
15272
15273
15274
15275
15277
15278
15280
15281
15282
15283
15285
15286
15287
15288
15289
15290
15291
15292
15294
15295
15296
15297
15298
15299
15301
15302
15303
15320
15321
15323
15324
15336
15337
15339
15341
15342
15343
15344
15345
15346
15347
15348
15350
15351
15352
15353
15354
15357
15358
15359
15360
15362
15363
15364
15365
15368
15369
15371
15434
15435
15436
15438
15439
15440
15441
15444
15445
15447
15448
15449
15450
15451
15452
15453
15454
15455
15456
15457
15459
15460
15461
15462
15466
15467
15470
15471
15472
15473
15474
15475
15476
15477
15478
15479
15480
15481
15520
15521
15522
15523
15524
15526
15527
15528
15529
15530
15531
15532
15534
15535
15536
15537
15538
15539
15540
15542
15543
15544
15545
15546
15547
15549
15555
15556
15557
15558
15559
15560
15561
15562
15564
15565
15566
15567
15568
15570
15571
15572
15601
15615
15617
15618
15619
15620
15644
15645
15646
15647
15648
15649
15650
15651
15657
15658
15659
15662
15663
15664
15669
15670
15671
15673
15678
15708
15710
15712
15714
15715
15717
15718
15719
15720
15721
15722
15723
15724
15747
15771
15772
15773
15774
15775
15777
15778
15779
15780
15781
15796
15802
15803
15805
15806
15808
15809
15810
15811
15812
15813
15814
15815
15816
15817
15818
15819
15821
15822
15831
15837
15847
15849
15851
15872
15873
15875
15877
15878
15879
15880
15881
15882
15883
15885
15888
15890
15891
15892
15894
15897
15898
15900
15901
15902
15903
15905
15906
15908
15912
15923
15924
15925
15926
15927
15928
15929
15930
15947
15948
15949
15952
15965
15966
15985
15986
15987
15990
15991
15992
15993
16008
16009
16010
16011
16012
16013
16014
16015
16017
16018
16019
16032
16035
16041
16042
16043
16046
16053
16054
16055
16056
16060
16061
16062
16064
16065
16066
16067
16111
16113
16115
16154
16157
16165
16167
16172
16187
16189
16190
16191
16195
16198
16200
16218
16219
16223
16238
16240
16241
16242
16294
16295
16299
16303
16305
16307
16310
16311
16315
16329
16330
16331
16333
16334
16335
16336
16338
16341
16352
16353
16356
16357
16358
16359
16361
16363
16364
16367
16368
16369
16375
16377
16378
16379
16380
16382
16384
16385
16386
16387
16389
16390
16391
16392
16399
16400
16401
16409
16411
16412
16413
16414
16415
16417
16419
16420
16421
16423
16424
16425
16426
16427
16428
16434
16435
16436
16437
16438
16440
16441
16442
16444
16446
16447
16448
16449
16450
16451
16452
16455
16456
16457
16459
16461
16463
16464
16465
16466
16467
16468
16469
16481
16482
16483
16484
16485
16487
16489
16490
16494
16495
16496
16498
16499
16500
16502
16504
16506
16507
16508
16513
16514
16515
16517
16518
16519
16520
16521
16522
16523
16524
16526
16528
16529
16530
16531
16532
16533
16535
16537
16538
16539
16540
16542
16543
16545
16546
16573
16574
16576
16581
16583
16584
16585
16587
16588
16589
16590
16592
16593
16654
16655
16656
16657
16658
16659
16660
16662
16665
16686
16687
16688
16693
16700
16709
16712
16730
16732
16734
16735
16737
16738
16741
16742
16743
16744
16746
16748
16749
16751
16752
16755
16757
16758
16759
16764
16766
16767
16768
16769
16770
16771
16772
16773
16774
16775
16776
16777
16790
16796
16797
16798
16806
16809
16811
16812
16813
16814
16815
16816
16821
16844
16846
16853
16854
16855
16856
16857
16858
16862
16866
16869
16871
16874
16882
16884
16886
16889
16891
16892
16893
16895
16896
16897
16899
16901
16904
16906
16921
16922
16924
16925
16927
16928
16929
16948
16951
16954
16984
16985
16986
16987
16988
16989
16990
16991
16992
16993
16994
16995
16997
16999
17000
17001
17003
17004
17005
17007
17023
17025
17026
17027
17050
17051
17052
17053
17057
17059
17062
17063
17064
17066
17069
17070
17073
17074
17083
17085
17091
17094
17096
17097
17099
17102
17103
17118
17121
17144
17146
17164
17166
17168
17169
17170
17171
17173
17175
17176
17177
17178
17184
17189
17191
17200
17201
17202
17203
17204
17205
17207
17208
17209
17210
17211
17213
17214
17216
17218
17219
17220
17221
17222
17223
17224
17225
17226
17228
17265
17266
17267
17268
17269
17270
17271
17284
17285
17286
17288
17289
17290
17291
17292
17293
17294
17295
17305
17306
17307
17308
17309
17310
17311
17312
17313
17314
17315
17316
17317
17321
17322
17323
17324
17325
17326
17327
17328
17329
17330
17331
17332
17333
17334
17335
17336
17337
17338
17339
17340
17341
17342
17343
17391
17392
17393
17395
17397
17400
17402
17421
17423
17424
17425
17426
17427
17430
17431
17432
17433
17470
17472
17473
17475
17502
17503
17505
17513
17514
17515
17516
17517
17518
17519
17523
17524
17525
17526
17527
17528
17529
17530
17531
17532
17533
17534
17535
17552
17554
17555
17556
17559
17560
17561
17562
17570
17571
17573
17575
17576
17580
17586
17587
17588
17589
17597
17602
17605
17607
17613
17614
17616
17617
17620
17622
17623
17640
17641
17642
17644
17647
17649
17650
17653
17654
17656
17658
17659
17661
17662
17663
17664
17665
17666
17667
17692
17693
17695
17696
17697
17699
17700
17701
17702
17703
17704
17705
17706
17707
17708
17709
17711
17712
17716
17717
17718
17719
17720
17722
17723
17726
17731
17732
17734
17735
17737
17738
17739
17740
17741
17742
17743
17744
17745
17746
17748
17749
17750
17761
17762
17763
17764
17765
17766
17774
17776
17777
17780
17781
17782
17783
17784
17785
17786
17787
17788
17789
17791
17792
17793
17795
17796
17797
17798
17800
17801
17802
17803
17804
17805
17806
17809
17811
17829
17830
17831
17832
17835
17836
17837
17838
17839
17840
17841
17842
17843
17844
17845
17847
17849
17850
17851
17852
17854
17856
17858
17859
17860
17861
17863
17888
17889
17890
17891
17894
17895
17896
17897
17898
17900
17908
17909
17910
17911
17913
17915
17916
17918
17919
17920
17921
17922
17923
17924
17925
17927
17928
17929
17930
17931
17932
17933
17934
17935
17936
17937
17938
17941
17942
17943
17953
17955
17958
17959
17961
17962
17963
17965
17983
17985
17986
17987
17989
17990
17992
17993
17994
17997
17998
17999
18000
18001
18002
18004
18005
18006
18007
18008
18009
18010
18011
18033
18034
18035
18036
18037
18038
18039
18040
18041
18053
18054
18055
18056
18057
18058
18059
18060
18061
18062
18063
18065
18066
18067
18068
18069
18070
18072
18073
18076
18078
18079
18080
18081
18082
18085
18086
18087
18088
18090
18100
18101
18102
18105
18106
18107
18108
18109
18110
18111
18112
18113
18114
18115
18116
18117
18156
18157
18165
18166
18175
18176
18177
18180
18181
18186
18187
18190
18191
18193
18194
18195
18196
18197
18198
18211
18212
18213
18214
18215
18216
18218
18219
18220
18221
18222
18223
18225
18231
18233
18241
18244
18245
18246
18247
18249
18252
18292
18293
18296
18310
18313
18314
18331
18332
18334
18337
18338
18339
18340
18341
18347
18350
18353
18357
18359
18391
18392
18394
18395
18396
18397
18398
18455
18457
18461
18465
18468
18469
18471
18506
18507
18508
18509
18510
18513
18514
18517
18525
18526
18539
18540
18542
18545
18546
18548
18550
18551
18553
18554
18555
18556
18557
18558
18559
18562
18565
18573
18574
18581
18589
18590
18609
18610
18616
18621
18631
18632
18633
18634
18635
18638
18641
18642
18643
18649
18654
18655
18656
18657
18658
18659
18662
18663
18664
18665
18666
18667
18668
18669
18670
18671
18674
18675
18679
18681
18687
18688
18689
18690
18692
18697
18736
18737
18738
18739
18740
18741
18742
18743
18744
18745
18746
18747
18748
18749
18750
18752
18757
18759
18760
18762
18763
18765
18768
18769
18770
18771
18772
18773
18795
18810
18811
18842
18879
18881
18882
18884
18885
18889
18902
18912
18914
18915
18916
18936
18937
18938
18939
18940
18943
18944
18947
18949
18951
18952
18954
18955
18956
18957
18959
18960
18961
18977
18995
19000
19002
19004
19005
19010
19016
19055
19056
19058
19061
19062
19064
19065
19066
19067
19069
19071
19072
19074
19078
19080
19085
19087
19089
19107
19108
19109
19110
19112
19113
19114
19115
19116
19118
19119
19123
19133
19138
19139
19140
19141
19142
19143
19144
19145
19149
19150
19151
19160
19161
19162
19163
19164
19165
19166
19167
19172
19174
19175
19176
19179
19180
19181
19182
19183
19189
19200
19201
19202
19203
19205
19206
19207
19208
19209
19210
19212
19214
19215
19216
19218
19219
19220
19221
19244
19245
19246
19247
19248
19252
19253
19254
19256
19257
19258
19260
19262
19263
19264
19266
19267
19269
19270
19271
19272
19273
19275
19277
19278
19279
19280
19281
19282
19283
19284
19285
19323
19324
19325
19326
19327
19328
19329
19330
19331
19333
19334
19335
19336
19337
19338
19339
19340
19341
19342
19343
19344
19346
19347
19348
19350
19351
19352
19354
19355
19357
19358
19359
19360
19361
19362
19363
19364
19365
19366
19367
19369
19370
19373
19375
19376
19377
19378
19379
19380
19381
19384
19393
19394
19398
19399
19406
19407
19415
19416
19417
19418
19420
19425
19452
19453
19454
19455
19456
19475
19476
19479
19480
19482
19483
19484
19486
19487
19488
19489
19490
19491
19492
19493
19525
19526
19529
19530
19532
19533
19534
19535
19536
19537
19538
19539
19540
19541
19542
19543
19544
19547
19548
19549
19550
19551
19552
19554
19556
19580
19581
19582
19586
19588
19590
19591
19593
19594
19595
19596
19597
19599
19601
19602
19603
19604
19606
19607
19608
19609
19610
19611
19612
19614
19615
19617
19643
19644
19645
19646
19647
19648
19649
19650
19651
19652
19653
19654
19655
19663
19664
19665
19667
19668
19669
19671
19672
19676
19677
19678
19679
19681
19683
19684
19685
19686
19687
19688
19690
19691
19693
19694
19709
19710
19712
19713
19717
19718
19719
19721
19722
19724
19726
19729
19732
19734
19735
19736
19738
19741
19742
19743
19745
19746
19748
19749
19759
19760
19761
19762
19763
19764
19766
19767
19768
19769
19770
19772
19773
19774
19775
19777
19780
19782
19784
19786
19788
19790
19792
19839
19840
19841
19843
19844
19845
19846
19847
19848
19849
19859
19861
19863
19864
19867
19868
19869
19872
19873
19875
19878
19879
19882
19884
19891
19894
19895
19898
19901
19902
19903
19906
19908
19915
19916
19917
19918
19919
19930
19931
19932
19946
19947
19950
19951
19952
19953
19954
19958
19960
19961
19963
19964
19967
19968
19973
19974
19975
19976
19981
19982
19984
19985
19986
19987
19988
19989
19990
19991
19992
19993
19996
19998
20000
20001
20004
20005
20006
20007
20047
20048
20049
20050
20051
20052
20053
20054
20055
20056
20057
20058
20059
20060
20061
20062
20063
20067
20071
20072
20073
20081
20082
20083
20090
20128
20135
20137
20138
20140
20142
20143
20144
20155
20156
20160
20162
20171
20172
20173
20178
20179
20180
20182
20184
20187
20189
20190
20191
20192
20193
20196
20218
20220
20223
20224
20225
20228
20230
20231
20232
20234
20235
20236
20237
20238
20239
20240
20241
20245
20246
20247
20249
20250
20251
20252
20253
20255
20256
20257
20258
20259
20260
20261
20262
20263
20264
20265
20316
20339
20340
20341
20342
20344
20346
20384
20385
20386
20387
20388
20389
20390
20397
20402
20406
20408
20409
20410
20411
20412
20413
20422
20424
20425
20426
20427
20428
20431
20432
20433
20442
20443
20444
20445
20447
20448
20449
20450
20451
20452
20453
20454
20455
20456
20457
20458
20459
20464
20465
20467
20481
20482
20483
20485
20486
20487
20542
20543
20544
20563
20568
20569
20571
20572
20574
20575
20576
20612
20629
20642
20643
20645
20646
20647
20648
20649
20684
20685
20688
20689
20692
20697
20700
20701
20703
20704
20705
20706
20707
20709
20711
20712
20721
20722
20725
20727
20729
20731
20732
20735
20736
20737
20738
20739
20740
20741
20742
20758
20759
20761
20762
20763
20764
20766
20773
20774
20775
20777
20778
20779
20780
20781
20782
20783
20784
20786
20805
20806
20807
20809
20814
20815
20816
20817
20818
20819
20820
20821
20823
20825
20835
20838
20839
20841
20844
20846
20847
20848
20851
20863
20900
20902
20903
20904
20905
20907
20909
20916
20918
20919
20921
20922
20923
20944
20948
20949
20950
20951
20952
20954
20955
20956
20957
20958
20959
20979
20980
20989
20990
20991
20992
20993
20994
20995
20998
21000
21001
21002
21003
21004
21005
21021
21022
21026
21027
21029
21030
21031
21032
21035
21048
21049
21050
21051
21052
21053
21054
21055
21056
21057
21059
21060
21061
21063
21064
21065
21066
21067
21068
21069
21070
21071
21072
21073
21074
21076
21077
21078
21079
21081
21082
21087
21088
21089
21090
21123
21124
21125
21126
21127
21128
21129
21131
21132
21134
21135
21137
21138
21141
21160
21161
21163
21165
21166
21167
21168
21169
21172
21173
21177
21178
21180
21181
21182
21183
21185
21187
21211
21212
21214
21216
21219
21223
21224
21226
21227
21228
21229
21230
21232
21233
21235
21236
21243
21244
21245
21246
21247
21248
21249
21250
21251
21252
21254
21255
21263
21265
21267
21268
21272
21273
21274
21275
21276
21277
21286
21287
21290
21291
21292
21293
21295
21296
21297
21298
21301
21302
21305
21306
21307
21308
21310
21312
21314
21318
21320
21321
21322
21325
21327
21331
21332
21333
21334
21335
21336
21373
21375
21376
21377
21378
21379
21384
21385
21386
21387
21388
21389
21390
21394
21397
21398
21420
21424
21425
21427
21440
21441
21444
21445
21447
21450
21451
21452
21454
21455
21457
21459
21460
21461
21462
21463
21464
21466
21467
21468
21469
21470
21471
21472
21473
21474
21475
21476
21477
21478
21479
21487
21488
21489
21490
21491
21492
21493
21494
21495
21496
21497
21498
21499
21500
21512
21513
21515
21516
21518
21519
21520
21522
21526
21536
21538
21539
21540
21541
21542
21543
21544
21545
21546
21547
21549
21551
21553
21558
21561
21562
21569
21570
21571
21592
21593
21594
21596
21597
21598
21599
21600
21601
21602
21603
21611
21612
21613
21615
21616
21617
21618
21621
21622
21623
21624
21633
21634
21638
21639
21640
21641
21642
21643
21644
21646
21648
21650
21652
21653
21654
21655
21656
21658
21659
21660
21661
21662
21663
21664
21665
21666
21667
21668
21670
21671
21672
21673
21674
21675
21676
21704
21705
21706
21707
21708
21710
21711
21714
21727
21728
21729
21740
21742
21743
21744
21745
21747
21748
21757
21758
21778
21780
21781
21782
21783
21784
21785
21787
21789
21790
21801
21804
21809
21815
21819
21822
21847
21848
21864
21865
21866
21870
21872
21876
21878
21881
21882
21883
21884
21895
21896
21897
21898
21913
21914
21919
21922
21923
21924
21925
21932
21934
21935
21939
21956
21957
21958
21959
21960
21961
21963
21986
21989
21991
21993
21994
22019
22020
22023
22024
22025
22026
22027
22028
22031
22033
22034
22035
22036
22037
22038
22039
22041
22043
22044
22045
22049
22107
22108
22109
22110
22111
22112
22113
22114
22115
22116
22117
22119
22120
22121
22122
22123
22124
22125
22129
22130
22131
22132
22133
22134
22184
22185
22186
22187
22188
22189
22191
22192
22218
22222
22223
22224
22226
22227
22229
22231
22243
22245
22246
22247
22248
22250
22251
22253
22254
22255
22257
22270
22293
22295
22296
22298
22299
22303
22304
22305
22307
22337
22338
22339
22340
22344
22346
22349
22350
22364
22365
22366
22367
22369
22370
22372
22373
22374
22375
22377
22402
22404
22405
22423
22424
22425
22426
22427
22428
22429
22431
22433
22434
22435
22468
22469
22478
22479
22480
22481
22483
22484
22485
22486
22487
22489
22490
22492
22493
22494
22495
22505
22506
22507
22508
22510
22511
22512
22513
22514
22515
22517
22521
22522
22523
22524
22525
22527
22528
22529
22538
22539
22540
22542
22544
22545
22546
22547
22555
22569
22573
22574
22575
22576
22578
22579
22618
22619
22620
22621
22622
22628
22629
22630
22631
22636
22637
22640
22641
22656
22657
22658
22659
22660
22661
22662
22663
22668
22669
22670
22671
22673
22689
22690
22691
22693
22694
22706
22710
22711
22712
22718
22719
22722
22724
22726
22727
22728
22732
22735
22760
22761
22763
22764
22765
22768
22775
22776
22780
22781
22784
22787
22791
22802
22803
22804
22805
22806
22809
22825
22832
22833
22834
22835
22836
22837
22838
22839
22840
22843
22844
22846
22847
22848
22849
22850
22851
22852
22853
22854
22855
22856
22857
22858
22859
22860
22861
22892
22893
22897
22899
22902
22903
22904
22905
22907
22908
22919
22920
22922
22924
22934
22935
22936
22940
22941
22942
22953
22954
22955
22956
22958
22959
22963
22965
22966
22968
22971
22987
22990
22993
22995
23002
23004
23005
23006
23009
23010
23011
23014
23015
23019
23022
23023
23025
23027
23031
23032
23051
23052
23053
23054
23055
23061
23062
23064
23065
23066
23067
23084
23086
23093
23094
23095
23108
23114
23115
23116
23117
23118
23119
23133
23134
23136
23137
23138
23139
23142
23146
23147
23148
23149
23151
23155
23156
23157
23158
23159
23160
23161
23163
23164
23165
23166
23167
23169
23170
23171
23172
23173
23174
23175
23176
23177
23178
23181
23182
23185
23186
23187
23188
23189
23190
23191
23192
23194
23195
23196
23197
23199
23200
23201
23202
23206
23207
23211
23212
23213
23215
23216
23217
23218
23219
23220
23221
23222
23223
23228
23229
23230
23231
23232
23233
23235
23236
23237
23239
23240
23241
23242
23243
23244
23245
23246
23247
23248
23251
23252
23253
23254
23255
23256
23257
23259
23260
23261
23262
23267
23271
23272
23273
23274
23277
23278
23279
23281
23282
23283
23285
23287
23288
23289
23290
23291
23292
23296
23298
23299
23300
23301
23304
23305
23306
23308
23309
23312
23313
23314
23315
23316
23319
23320
23321
23322
23323
23326
23327
23328
23329
23334
23336
23338
23340
23343
23344
23345
23347
23349
23350
23352
23353
23354
23356
23357
23358
23359
23360
23361
23363
23364
23368
23369
23371
23375
23377
23378
23382
23384
23385
23386
23387
23389
23391
23392
23393
23394
23396
23397
23399
23401
23404
23405
23406
23408
23416
23419
23420
23421
23422
23423
23424
23425
23426
23427
23440
23441
23442
23443
23444
23447
23448
23449
23451
23453
23455
23463
23464
23474
23476
23478
23479
23482
23483
23485
23486
23488
23489
23499
23504
23505
23506
23507
23508
23509
23512
23515
23517
23519
23520
23524
23528
23530
23551
23553
23556
23557
23558
23559
23561
23562
23564
23565
23566
23567
23568
23570
23572
23576
23578
23579
23580
23590
23593
23600
23604
23605
23606
23626
23627
23628
23645
23648
23649
23650
23652
23653
23655
23656
23657
23661
23662
23678
23685
23686
23688
23689
23690
23691
23695
23697
23698
23701
23702
23703
23704
23706
23707
23708
23709
23710
23711
23713
23714
23715
23716
23717
23718
23719
23720
23721
23723
23724
23727
23730
23741
23743
23744
23745
23747
23748
23749
23750
23751
23753
23754
23755
23756
23757
23760
23762
23764
23765
23766
23767
23768
23770
23772
23773
23774
23775
23776
23777
23778
23780
23781
23782
23783
23784
23785
23786
23787
23788
23791
23795
23797
23798
23800
23801
23802
23803
23804
23805
23835
23838
23839
23858
23859
23860
23861
23862
23863
23864
23865
23866
23867
23869
23890
23892
23897
23906
23907
23908
23909
23910
23912
23914
23915
23917
23918
23919
23920
23921
23923
23945
23946
23947
23948
23949
23950
23951
23952
23953
23954
23978
23979
23980
23981
23982
23983
23984
23994
23995
23997
23998
23999
24003
24005
24006
24007
24009
24010
24011
24015
24019
24020
24021
24062
24063
24064
24065
24066
24067
24068
24069
24070
24071
24072
24073
24074
24075
24076
24077
24079
24081
24083
24085
24086
24087
24097
24099
24100
24101
24103
24104
24105
24107
24108
24113
24114
24115
24119
24120
24121
24122
24123
24124
24126
24127
24128
24130
24131
24134
24135
24136
24137
24139
24140
24142
24143
24145
24147
24149
24150
24151
24152
24158
24159
24160
24161
24162
24163
24180
24181
24182
24183
24184
24185
24186
24199
24201
24203
24204
24205
24206
24208
24210
24211
24221
24222
24224
24225
24226
24227
24228
24229
24251
24252
24253
24254
24255
24256
24257
24270
24275
24278
24280
24286
24288
24294
24295
24296
24297
24298
24300
24301
24303
24304
24306
24307
24319
24320
24322
24324
24326
24342
24343
24349
24350
24352
24353
24354
24355
24356
24359
24360
24361
24362
24363
24364
24365
24366
24367
24368
24370
24372
24377
24379
24381
24382
24385
24387
24395
24401
24402
24405
24406
24408
24409
24429
24431
24445
24447
24449
24450
24451
24454
24455
24456
24458
24459
24461
24463
24479
24487
24489
24490
24491
24493
24495
24497
24501
24503
24504
24506
24507
24508
24509
24510
24513
24515
24520
24521
24523
24524
24527
24528
24529
24531
24533
24534
24535
24552
24560
24561
24562
24563
24564
24565
24567
24568
24569
24570
24571
24572
24573
24577
24578
24579
24591
24607
24608
24609
24610
24611
24612
24634
24635
24636
24638
24639
24640
24641
24643
24644
24645
24646
24647
24648
24649
24674
24675
24677
24701
24703
24704
24707
24708
24709
24710
24712
24719
24721
24723
24724
24726
24728
24729
24731
24732
24733
24734
24735
24738
24759
24760
24762
24763
24764
24765
24766
24767
24768
24769
24771
24772
24773
24774
24776
24777
24778
24779
24781
24783
24784
24785
24786
24787
24788
24789
24791
24793
24794
24796
24797
24798
24799
24800
24802
24844
24845
24847
24848
24854
24868
24869
24882
24884
24885
24886
24888
24894
24895
24897
24898
24899
24900
24901
24902
24903
24905
24916
24918
24919
24920
24921
24924
24954
24961
24976
24977
24979
24980
24981
24982
24984
24985
24986
24990
24998
25000
25001
25002
25003
25004
25005
25006
25033
25035
25036
25037
25038
25039
25040
25041
25042
25043
25044
25047
25048
25050
25052
25054
25069
25070
25071
25073
25075
25076
25077
25078
25079
25080
25081
25083
25084
25085
25088
25089
25090
25091
25092
25093
25094
25095
25096
25097
25098
25099
25100
25101
25107
25108
25111
25112
25113
25114
25115
25116
25117
25118
25119
25135
25137
25139
25140
25141
25157
25158
25159
25160
25161
25162
25163
25181
25212
25213
25214
25215
25216
25217
25218
25219
25220
25222
25224
25225
25226
25252
25254
25257
25258
25260
25261
25262
25263
25265
25266
25267
25268
25269
25270
25271
25273
25274
25275
25279
25281
25283
25298
25301
25302
25303
25304
25305
25306
25307
25309
25310
25314
25315
25316
25321
25322
25323
25324
25325
25326
25327
25328
25329
25330
25331
25334
25336
25337
25338
25353
25356
25367
25370
25371
25372
25379
25380
25393
25396
25397
25398
25399
25400
25402
25403
25404
25406
25408
25409
25410
25411
25412
25413
25418
25419
25420
25421
25422
25423
25426
25440
25451
25452
25453
25455
25456
25475
25476
25479
25482
25483
25486
25488
25489
25490
25491
25492
25493
25495
25496
25498
25499
25500
25501
25504
25505
25506
25507
25508
25509
25510
25511
25512
25513
25514
25515
25516
25517
25518
25522
25525
25526
25527
25528
25529
25531
25532
25533
25534
25535
25536
25540
25541
25542
25544
25545
25546
25547
25548
25549
25550
25551
25552
25553
25554
25556
25557
25558
25559
25560
25561
25562
25563
25565
25566
25569
25571
25572
25573
25575
25576
25577
25578
25579
25580
25581
25582
25583
25584
25585
25586
25587
25589
25592
25594
25595
25596
25597
25598
25600
25601
25602
25604
25605
25608
25611
25612
25614
25615
25616
25617
25618
25619
25620
25624
25634
25638
25639
25640
25641
25642
25643
25644
25645
25646
25648
25654
25655
25658
25659
25660
25661
25663
25665
25667
25670
25671
25672
25674
25675
25677
25678
25679
25680
25682
25691
25695
25696
25697
25702
25703
25704
25705
25706
25707
25709
25710
25711
25733
25737
25738
25775
25776
25777
25778
25779
25780
25781
25782
25783
25784
25785
25786
25788
25790
25792
25793
25794
25795
25796
25797
25798
25799
25832
25835
25836
25838
25839
25842
25843
25844
25845
25846
25847
25848
25849
25851
25852
25853
25854
25856
25857
25858
25876
25877
25878
25879
25880
25881
25882
25909
25910
25911
25912
25914
25915
25916
25917
25918
25919
25921
25922
25923
25924
25925
25926
25927
25928
25931
25940
25941
25942
25945
25946
25947
25948
25949
25951
25952
25953
25954
25956
25957
25958
25959
25960
25961
25962
25963
25964
25965
25966
25967
25968
25969
25970
25971
25972
25973
25974
25975
25976
25977
25997
25999
26000
26001
26002
26003
26004
26005
26007
26008
26009
26010
26011
26012
26013
26014
26015
26027
26028
26029
26030
26031
26032
26033
26034
26036
26037
26038
26039
26040
26041
26043
26044
26047
26049
26052
26053
26054
26055
26056
26057
26083
26084
26091
26092
26093
26095
26096
26102
26105
26106
26107
26108
26113
26118
26119
26120
26121
26122
26123
26124
26126
26138
26141
26142
26143
26144
26145
26154
26155
26157
26158
26159
26160
26161
26162
26177
26178
26179
26180
26181
26182
26191
26195
26197
26198
26199
26200
26205
26206
26207
26209
26211
26212
26213
26214
26250
26251
26252
26253
26254
26255
26279
26280
26281
26282
26283
26292
26293
26294
26295
26296
26305
26306
26307
26309
26310
26311
26313
26316
26317
26340
26344
26345
26346
26347
26348
26359
26362
26364
26380
26382
26383
26385
26388
26389
26391
26392
26394
26395
26396
26420
26424
26425
26426
26430
26431
26432
26433
26434
26435
26436
26437
26440
26441
26442
26443
26454
26459
26460
26463
26464
26466
26467
26468
26471
26472
26473
26474
26475
26476
26477
26478
26479
26482
26483
26485
26486
26487
26488
26492
26523
26532
26536
26538
26539
26554
26556
26559
26560
26561
26566
26567
26568
26570
26571
26573
26574
26575
26576
26577
26578
26579
26583
26602
26606
26607
26609
26613
26618
26619
26624
26625
26626
26629
26630
26631
26636
26637
26661
26662
26665
26666
26668
26681
26687
26693
26695
26706
26708
26709
26712
26719
26721
26723
26725
26727
26728
26729
26730
26732
26733
26734
26735
26736
26737
26738
26740
26741
26742
26744
26745
26746
26748
26749
26751
26753
26754
26755
26756
26757
26758
26759
26761
26762
26763
26765
26766
26768
26769
26770
26772
26773
26775
26776
26777
26778
26779
26782
26783
26785
26786
26787
26788
26791
26801
26803
26804
26805
26807
26808
26809
26810
26811
26812
26819
26822
26823
26824
26825
26826
26827
26828
26829
26830
26831
26832
26834
26835
26836
26837
26838
26839
26840
26842
26844
26845
26854
26874
26875
26876
26877
26878
26879
26880
26881
26884
26885
26886
26887
26898
26899
26903
26904
26905
26906
26907
26908
26910
26911
26912
26914
26915
26916
26917
26918
26919
26920
26921
26922
26923
26924
26926
26927
26928
26929
26930
26971
26973
26974
26980
26987
26989
26990
26991
26997
26998
26999
27001
27003
27005
27006
27007
27008
27009
27010
27011
27015
27016
27017
27018
27020
27021
27022
27023
27024
27025
27028
27029
27032
27034
27035
27036
27037
27038
27077
27080
27082
27083
27084
27085
27089
27090
27091
27137
27139
27141
27142
27143
27144
27145
27146
27160
27166
27167
27170
27171
27172
27173
27174
27176
27178
27179
27180
27181
27183
27184
27185
27189
27190
27191
27192
27193
27195
27196
27197
27198
27199
27207
27208
27210
27212
27213
27214
27215
27216
27217
27218
27219
27220
27221
27222
27223
27227
27228
27229
27230
27232
27233
27234
27235
27236
27237
27238
27239
27240
27245
27247
27251
27254
27255
27256
27259
27262
27263
27279
27281
27282
27298
27299
27301
27302
27303
27305
27306
27310
27311
27312
27314
27315
27316
27317
27319
27327
27328
27329
27330
27331
27332
27333
27334
27335
27337
27338
27349
27350
27353
27362
27365
27370
27371
27375
27376
27377
27378
27379
27380
27381
27382
27384
27385
27421
27422
27423
27424
27425
27457
27459
27460
27461
27462
27463
27464
27465
27466
27468
27469
27471
27472
27473
27475
27476
27479
27480
27481
27482
27483
27484
27485
27487
27488
27489
27505
27506
27507
27508
27509
27510
27511
27512
27513
27514
27515
27516
27549
27550
27559
27560
27561
27562
27563
27564
27569
27570
27571
27572
27573
27574
27579
27580
27581
27582
27583
27584
27585
27586
27601
27602
27603
27604
27605
27606
27616
27617
27619
27620
27637
27638
27655
27656
27657
27658
27659
27661
27662
27663
27669
27677
27678
27679
27680
27681
27682
27683
27685
27686
27688
27689
27692
27693
27694
27695
27697
27711
27721
27722
27723
27724
27725
27726
27727
27728
27731
27732
27747
27748
27749
27750
27751
27753
27754
27756
27799
27800
27801
27802
27803
27806
27807
27808
27810
27812
27813
27814
27817
27818
27819
27820
27821
27823
27846
27847
27848
27849
27874
27887
27890
27891
27892
27893
27895
27924
27925
27926
27927
27928
27929
27930
27931
27932
27933
27935
27936
27937
27938
27959
27960
27961
27962
27963
27964
27965
27967
27969
27970
27971
27972
27974
27980
27981
27982
27983
27984
27985
28001
28002
28003
28004
28005
28006
28007
28008
28012
28013
28014
28015
28016
28017
28018
28019
28020
28021
28025
28026
28027
28029
28031
28043
28047
28048
28049
28050
28051
28052
28053
28054
28060
28062
28063
28066
28067
28068
28069
28070
28071
28072
28074
28075
28077
28102
28104
28105
28106
28111
28119
28121
28122
28123
28124
28125
28126
28127
28128
28129
28130
28132
28133
28156
28169
28170
28171
28193
28194
28199
28200
28201
28202
28203
28204
28205
28208
28209
28210
28211
28212
28213
28216
28218
28219
28220
28221
28223
28225
28226
28227
28228
28229
28230
28233
28234
28235
28237
28239
28240
28241
28244
28245
28248
28249
28250
28251
28253
28254
28255
28256
28257
28258
28259
28260
28261
28262
28263
28264
28265
28266
28267
28269
28270
28271
28272
28273
28274
28275
28278
28279
28280
28281
28282
28283
28284
28285
28286
28287
28288
28289
28290
28291
28292
28293
28294
28295
28296
28297
28298
28299
28300
28301
28302
28303
28304
28307
28308
28309
28310
28311
28312
28316
28318
28319
28320
28321
28323
28325
28327
28330
28332
28333
28335
28339
28341
28342
28343
28344
28345
28346
28349
28350
28351
28352
28353
28354
28356
28357
28358
28359
28360
28361
28362
28364
28365
28366
28367
28369
28370
28373
28374
28379
28380
28381
28385
28395
28397
28398
28399
28400
28401
28402
28403
28405
28409
28411
28412
28413
28414
28416
28418
28419
28420
28421
28422
28423
28424
28425
28427
28429
28430
28441
28443
28444
28445
28446
28447
28448
28449
28450
28451
28452
28453
28454
28455
28457
28463
28464
28465
28466
28468
28469
28470
28472
28474
28475
28476
28478
28479
28480
28508
28510
28511
28512
28513
28514
28515
28516
28517
28518
28519
28520
28521
28522
28534
28538
28540
28542
28554
28555
28559
28560
28571
28572
28573
28574
28575
28576
28577
28578
28579
28580
28581
28583
28585
28595
28596
28597
28598
28599
28602
28603
28604
28605
28607
28609
28611
28613
28647
28648
28649
28650
28651
28652
28654
28655
28656
28657
28658
28659
28660
28663
28665
28666
28668
28669
28670
28683
28686
28687
28688
28692
28694
28698
28699
28700
28703
28704
28706
28707
28708
28710
28731
28735
28736
28737
28738
28740
28742
28743
28744
28758
28768
28791
28792
28793
28794
28795
28796
28797
28798
28799
28800
28801
28802
28803
28805
28806
28807
28809
28810
28812
28813
28847
28848
28849
28850
28851
28852
28854
28863
28872
28873
28874
28875
28876
28877
28878
28879
28880
28881
28882
28908
28909
28910
28911
28921
28924
28925
28926
28928
28929
28938
28939
28940
28941
28942
28944
28948
28964
28966
28979
28981
28992
28993
28995
28997
28998
28999
29000
29001
29012
29013
29014
29015
29016
29018
29019
29020
29021
29022
29023
29024
29025
29027
29029
29033
29039
29040
29041
29042
29043
29044
29045
29046
29048
29050
29051
29052
29053
29054
29055
29058
29060
29061
29063
29064
29067
29068
29069
29070
29071
29072
29073
29074
29075
29078
29080
29113
29114
29115
29116
29117
29118
29119
29120
29123
29124
29125
29126
29127
29128
29131
29132
29133
29136
29155
29156
29157
29159
29160
29161
29162
29164
29178
29179
29180
29181
29182
29186
29187
29189
29203
29204
29233
29235
29236
29251
29252
29253
29254
29255
29256
29260
29261
29262
29263
29264
29265
29266
29270
29272
29275
29298
29299
29300
29302
29303
29305
29306
29307
29308
29309
29310
29330
29331
29332
29334
29335
29336
29338
29358
29359
29360
29361
29362
29365
29368
29369
29390
29391
29392
29393
29394
29396
29397
29398
29399
29400
29402
29403
29406
29442
29443
29444
29447
29448
29449
29450
29451
29452
29453
29454
29455
29456
29458
29461
29462
29463
29464
29465
29466
29467
29468
29482
29483
29484
29485
29487
29488
29489
29490
29492
29494
29495
29496
29497
29498
29500
29501
29502
29503
29505
29506
29509
29511
29514
29515
29516
29517
29518
29521
29524
29525
29543
29545
29546
29547
29548
29550
29551
29552
29553
29554
29580
29581
29582
29583
29584
29586
29587
29588
29589
29591
29592
29594
29595
29597
29598
29599
29600
29601
29603
29604
29606
29607
29608
29609
29612
29623
29624
29625
29626
29628
29630
29647
29649
29654
29655
29657
29658
29659
29660
29661
29664
29667
29668
29669
29670
29672
29673
29674
29676
29678
29679
29742
29743
29754
29758
29760
29761
29768
29775
29777
29778
29779
29780
29781
29783
29784
29787
29826
29827
29829
29830
29831
29834
29836
29837
29865
29866
29868
29870
29871
29874
29886
29887
29889
29890
29891
29892
29893
29894
29895
29896
29897
29899
29900
29901
29904
29905
29906
29908
29909
29910
29911
29912
29913
29914
29915
29916
29917
29918
29919
29922
29923
29924
29925
29926
29927
29928
29929
29930
29931
29934
29935
29936
29937
29938
29939
29940
29941
29958
29959
29960
29961
29962
29964
29965
29967
29968
29969
29970
29971
29972
29973
29987
29988
29989
29990
29991
29992
29993
29994
29995
29997
29998
29999
30001
30019
30020
30021
30022
30023
30024
30025
30026
30027
30028
30030
30032
30033
30034
30035
30038
30039
30041
30042
30047
30048
30049
30050
30051
30053
30054
30055
30056
30057
30058
30059
30086
30087
30088
30089
30090
30091
30092
30093
30096
30097
30099
30100
30101
30102
30104
30105
30106
30108
30109
30112
30113
30114
30115
30116
30117
30118
30119
30120
30121
30123
30124
30125
30126
30127
30128
30129
30130
30131
30137
30138
30141
30150
30151
30166
30168
30191
30192
30193
30195
30196
30197
30198
30201
30202
30204
30205
30206
30208
30209
30210
30211
30212
30215
30216
30217
30218
30221
30237
30238
30243
30246
30248
30249
30254
30269
30288
30291
30295
30296
30297
30298
30300
30301
30302
30304
30306
30308
30310
30311
30312
30313
30315
30316
30328
30331
30332
30334
30335
30338
30340
30341
30342
30343
30345
30346
30348
30349
30352
30353
30366
30368
30369
30370
30372
30373
30375
30377
30378
30379
30382
30383
30386
30387
30392
30398
30402
30403
30404
30405
30407
30436
30437
30438
30439
30440
30441
30489
30490
30491
30492
30493
30505
30506
30507
30509
30510
30517
30518
30520
30521
30522
30523
30524
30525
30528
30538
30539
30540
30541
30542
30543
30544
30545
30546
30547
30548
30549
30550
30551
30552
30553
30555
30556
30557
30559
30560
30568
30569
30570
30574
30575
30576
30578
30579
30580
30581
30582
30583
30584
30592
30598
30599
30600
30601
30603
30604
30605
30606
30607
30608
30610
30620
30621
30623
30624
30625
30638
30639
30640
30641
30642
30644
30646
30647
30648
30649
30650
30651
30652
30653
30655
30675
30676
30678
30681
30682
30683
30684
30685
30687
30688
30689
30695
30696
30697
30698
30700
30702
30713
30714
30727
30728
30729
30730
30731
30732
30735
30749
30750
30752
30753
30754
30763
30764
30766
30770
30771
30785
30788
30791
30795
30796
30819
30821
30824
30825
30826
30827
30828
30829
30830
30831
30833
30835
30838
30839
30840
30842
30845
30846
30848
30862
30873
30877
30878
30879
30880
30881
30882
30884
30885
30886
30887
30888
30889
30890
30891
30892
30893
30894
30895
30896
30897
30898
30899
30903
30904
30905
30906
30907
30908
30909
30910
30911
30912
30914
30915
30916
30917
30918
30919
30920
30923
30926
30927
30928
30929
30931
30932
30933
30934
30936
30938
30939
30940
30941
30942
30945
30946
30947
30949
30951
30990
30991
30992
30993
30995
30997
30998
30999
31000
31031
31032
31033
31035
31036
31037
31038
31039
31040
31042
31056
31057
31060
31062
31063
31064
31065
31066
31068
31069
31070
31071
31072
31073
31074
31075
31076
31077
31079
31080
31081
31082
31083
31084
31087
31088
31089
31091
31092
31093
31094
31095
31096
31098
31100
31105
31106
31107
31108
31109
31110
31112
31113
31114
31115
31116
31117
31118
31119
31121
31122
31123
31124
31126
31127
31128
31129
31130
31131
31132
31133
31134
31135
31138
31139
31140
31141
31142
31143
31144
31145
31146
31147
31148
31149
31150
31151
31153
31154
31155
31156
31157
31158
31159
31162
31164
31165
31168
31169
31170
31171
31190
31191
31192
31193
31194
31195
31196
31206
31209
31210
31211
31212
31213
31214
31239
31240
31242
31243
31244
31245
31246
31249
31250
31251
31253
31255
31269
31270
31273
31274
31291
31292
31294
31295
31317
31318
31320
31321
31323
31324
31325
31326
31327
31328
31329
31330
31332
31334
31336
31337
31338
31339
31340
31344
31345
31346
31347
31348
31349
31350
31351
31365
31368
31372
31374
31375
31376
31377
31378
31379
31380
31381
31382
31384
31385
31388
31391
31393
31394
31396
31398
31400
31401
31402
31403
31420
31421
31422
31423
31424
31425
31428
31429
31430
31431
31432
31434
31436
31437
31472
31473
31474
31475
31477
31478
31479
31482
31483
31484
31485
31488
31489
31492
31494
31495
31499
31500
31501
31502
31503
31505
31508
31511
31513
31515
31517
31519
31520
31521
31526
31530
31531
31532
31533
31534
31535
31539
31542
31555
31558
31559
31560
31561
31562
31563
31600
31602
31605
31606
31612
31613
31614
31616
31617
31619
31620
31621
31622
31630
31670
31673
31674
31675
31677
31678
31679
31680
31681
31682
31683
31684
31687
31698
31699
31701
31702
31703
31704
31705
31706
31707
31708
31709
31711
31712
31713
31721
31753
31755
31756
31774
31775
31777
31779
31785
31786
31788
31789
31790
31791
31792
31793
31794
31795
31796
31798
31799
31801
31802
31803
31804
31805
31806
31807
31808
31810
31812
31813
31815
31817
31818
31819
31820
31822
31823
31826
31828
31830
31831
31832
31833
31835
31854
31855
31856
31865
31866
31867
31905
31906
31907
31909
31910
31911
31916
31917
31922
31923
31924
31925
31926
31927
31954
31955
31956
31957
31958
31986
31988
31990
31991
31992
31994
32000
32002
32003
32009
32010
32013
32014
32015
32016
32017
32018
32019
32020
32021
32022
32023
32024
32025
32027
32029
32030
32032
32033
32035
32036
32038
32094
32097
32099
32105
32107
32111
32114
32115
32116
32118
32120
32121
32141
32144
32146
32148
32151
32153
32154
32155
32157
32158
32159
32162
32163
32164
32167
32169
32172
32208
32209
32210
32211
32212
32213
32215
32216
32217
32218
32219
32220
32221
32222
32223
32227
32228
32229
32243
32245
32246
32247
32248
32249
32260
32261
32262
32263
32264
32265
32266
32268
32269
32270
32271
32272
32273
32276
32277
32279
32281
32283
32284
32285
32286
32287
32288
32290
32291
32294
32296
32298
32299
32300
32302
32303
32315
32317
32319
32320
32321
32352
32369
32370
32371
32372
32373
32374
32375
32376
32398
32399
32405
32406
32408
32409
32410
32415
32416
32417
32419
32422
32423
32444
32446
32450
32451
32467
32468
32477
32478
32480
32482
32497
32499
32500
32502
32503
32504
32505
32506
32508
32526
32527
32528
32529
32532
32539
32540
32541
32542
32543
32544
32546
32549
32562
32565
32569
32570
32571
32572
32573
32574
32575
32577
32604
32605
32613
32614
32619
32620
32641
32642
32643
32644
32645
32646
32648
32652
32653
32655
32659
32691
32692
32693
32704
32706
32709
32711
32712
32713
32721
32726
32736
32739
32742
32751
32757
32758
32759
32760
32761
32768
32769
32770
32771
32774
32776
32777
32778
32779
32788
32789
32792
32793
32794
32808
32810
32811
32812
32813
32814
32815
32816
32818
32819
32820
32821
32823
32825
32827
32840
32841
32842
32843
32844
32845
32846
32874
32875
32876
32877
32885
32887
32888
32889
32890
32900
32901
32904
32905
32906
32907
32908
32914
32915
32916
32917
32919
32920
32921
32923
32941
32943
32945
32946
32947
32948
32949
32950
32951
32952
32953
32954
32955
32956
32957
32958
32959
32960
32963
32964
32969
32970
32971
32983
32984
32985
32986
32987
32989
32990
32991
32992
33000
33002
33003
33004
33005
33006
33008
33009
33011
33012
33013
33014
33015
33016
33018
33024
33026
33028
33029
33031
33032
33033
33034
33035
33036
33037
33039
33044
33045
33048
33049
33050
33051
33058
33059
33063
33064
33071
33072
33073
33074
33076
33077
33091
33092
33094
33095
33098
33099
33100
33101
33103
33105
33109
33123
33134
33135
33136
33137
33138
33140
33141
33142
33143
33144
33147
33158
33159
33160
33161
33163
33164
33165
33166
33168
33171
33172
33173
33174
33177
33178
33179
33180
33181
33217
33220
33221
33222
33223
33224
33226
33227
33228
33229
33230
33231
33232
33233
33234
33235
33236
33237
33238
33239
33240
33241
33242
33243
33262
33263
33264
33265
33268
33269
33270
33271
33272
33273
33275
33276
33277
33278
33279
33280
33281
33282
33283
33284
33285
33286
33288
33289
33290
33291
33292
33293
33294
33295
33296
33297
33298
33299
33300
33302
33303
33304
33306
33307
33308
33309
33310
33312
33313
33315
33316
33317
33336
33340
33345
33346
33347
33348
33349
33350
33351
33352
33353
33354
33355
33356
33357
33358
33359
33360
33361
33377
33378
33379
33380
33381
33382
33384
33385
33386
33387
33389
33390
33392
33394
33419
33422
33423
33424
33426
33428
33452
33453
33454
33455
33456
33457
33458
33459
33461
33462
33463
33464
33465
33466
33467
33468
33469
33470
33472
33474
33479
33480
33491
33493
33494
33495
33496
33497
33498
33499
33500
33501
33502
33503
33504
33505
33506
33507
33508
33509
33510
33514
33515
33516
33517
33518
33523
33524
33525
33526
33527
33528
33529
33530
33531
33533
33535
33536
33537
33538
33541
33542
33544
33545
33546
33547
33548
33549
33550
33551
33552
33553
33554
33555
33557
33558
33559
33560
33561
33562
33563
33564
33565
33566
33568
33569
33570
33571
33572
33573
33574
33575
33578
33579
33581
33582
33585
33586
33587
33588
33589
33590
33591
33611
33613
33614
33617
33618
33619
33620
33621
33622
33623
33624
33625
33626
33627
33628
33629
33630
33633
33635
33674
33675
33676
33677
33678
33680
33681
33682
33683
33684
33685
33686
33688
33689
33690
33691
33693
33694
33697
33698
33699
33700
33701
33702
33712
33713
33714
33715
33716
33717
33719
33720
33721
33722
33724
33727
33728
33729
33730
33731
33733
33734
33736
33737
33738
33739
33740
33741
33742
33743
33744
33746
33747
33748
33749
33751
33752
33753
33756
33799
33800
33801
33803
33805
33806
33807
33808
33810
33840
33841
33842
33843
33845
33846
33847
33848
33849
33850
33851
33852
33853
33855
33856
33857
33858
33859
33860
33861
33862
33864
33865
33866
33867
33868
33869
33870
33871
33873
33877
33878
33879
33880
33881
33882
33902
33913
33914
33915
33917
33918
33919
33920
33921
33922
33923
33924
33925
33927
33928
33930
33932
33933
33934
33935
33936
33937
33938
33939
33946
33947
33948
33949
33950
33951
33952
33954
33955
33956
33957
33958
33959
33960
33961
33962
33963
33972
33974
33975
33976
33977
33978
33980
33981
33982
34070
34071
34072
34073
34096
34097
34100
34101
34104
34108
34109
34118
34119
34120
34121
34122
34123
34137
34141
34142
34144
34147
34148
34149
34150
34151
34152
34155
34156
34157
34158
34159
34160
34164
34166
34167
34168
34169
34170
34171
34172
34174
34175
34176
34177
34178
34179
34180
34182
34183
34210
34211
34212
34213
34214
34215
34216
34218
34249
34252
34253
34254
34255
34256
34260
34261
34262
34263
34265
34266
34267
34299
34300
34301
34302
34303
34304
34305
34309
34311
34312
34333
34334
34335
34336
34337
34338
34339
34352
34353
34356
34357
34358
34359
34360
34363
34364
34366
34367
34370
34372
34373
34374
34375
34376
34377
34378
34379
34383
34386
34387
34388
34389
34390
34391
34392
34397
34399
34400
34401
34402
34403
34405
34407
34408
34409
34413
34414
34415
34418
34419
34420
34421
34424
34425
34426
34427
34428
34429
34430
34431
34432
34462
34463
34464
34465
34466
34467
34468
34469
34471
34472
34474
34475
34476
34477
34478
34479
34480
34481
34483
34484
34486
34487
34488
34492
34493
34494
34495
34497
34498
34499
34501
34524
34525
34528
34530
34531
34532
34533
34534
34537
34538
34540
34543
34545
34546
34547
34550
34551
34553
34555
34556
34558
34567
34568
34569
34571
34572
34575
34577
34578
34581
34582
34583
34584
34585
34586
34587
34588
34590
34591
34592
34593
34594
34595
34598
34601
34602
34604
34605
34606
34608
34609
34611
34613
34614
34639
34643
34644
34652
34653
34654
34655
34656
34657
34659
34660
34661
34683
34685
34686
34687
34688
34689
34690
34691
34693
34694
34707
34709
34712
34725
34726
34747
34748
34750
34751
34753
34754
34755
34756
34759
34762
34763
34769
34770
34773
34774
34775
34776
34778
34779
34790
34792
34793
34798
34801
34813
34816
34822
34823
34826
34827
34828
34829
34830
34836
34837
34838
34839
34849
34850
34862
34863
34864
34866
34867
34869
34872
34882
34883
34884
34885
34886
34895
34897
34898
34899
34900
34901
34902
34905
34907
34920
34935
34937
34938
34939
34941
34942
34944
34953
34954
34957
34958
34959
34960
34961
34962
34964
34965
34967
34968
34976
34977
34978
34980
34981
34982
34983
34985
34993
34995
34997
34998
35009
35010
35011
35018
35019
35021
35023
35024
35025
35026
35027
35028
35029
35030
35036
35037
35046
35047
35048
35049
35052
35053
35054
35057
35058
35059
35060
35061
35064
35066
35067
35068
35069
35072
35073
35074
35085
35086
35087
35090
35092
35099
35100
35115
35118
35119
35120
35121
35122
35123
35124
35125
35126
35127
35142
35144
35145
35147
35148
35149
35150
35151
35153
35155
35156
35157
35169
35170
35171
35172
35173
35174
35176
35201
35203
35205
35207
35236
35237
35238
35239
35241
35242
35243
35244
35245
35246
35247
35248
35249
35250
35251
35253
35255
35257
35258
35259
35260
35261
35264
35265
35266
35267
35268
35269
35270
35271
35276
35280
35281
35282
35283
35284
35285
35287
35305
35306
35307
35308
35309
35310
35311
35312
35313
35314
35315
35322
35323
35326
35340
35341
35342
35343
35344
35345
35348
35350
35351
35352
35354
35358
35360
35362
35364
35404
35405
35406
35407
35410
35411
35412
35416
35417
35418
35419
35420
35421
35422
35423
35425
35426
35428
35429
35430
35431
35432
35433
35434
35435
35446
35447
35448
35449
35450
35451
35452
35453
35454
35455
35461
35463
35464
35466
35467
35468
35469
35480
35481
35482
35483
35485
35487
35490
35491
35492
35544
35545
35546
35554
35556
35557
35558
35560
35562
35572
35580
35581
35606
35607
35608
35609
35610
35611
35612
35616
35630
35632
35635
35636
35638
35646
35648
35649
35650
35652
35653
35655
35656
35657
35673
35674
35675
35676
35679
35680
35681
35693
35695
35696
35697
35698
35699
35700
35702
35703
35705
35707
35708
35710
35711
35712
35713
35714
35715
35716
35717
35718
35719
35720
35724
35725
35727
35728
35729
35731
35732
35733
35734
35735
35736
35737
35738
35739
35774
35775
35781
35836
35837
35858
35867
35869
35870
35873
35874
35875
35881
35882
35883
35900
35902
35919
35920
35922
35939
35940
35941
35943
35945
35946
35947
35948
35951
35952
35953
35954
35956
35957
35958
35963
35965
35975
35977
35978
35983
36005
36014
36016
36019
36026
36028
36033
36034
36035
36036
36037
36038
36039
36040
36041
36042
36043
36045
36047
36050
36052
36082
36084
36085
36086
36087
36088
36091
36092
36093
36094
36096
36097
36098
36100
36103
36104
36115
36116
36117
36119
36120
36121
36122
36123
36124
36125
36126
36127
36128
36129
36130
36132
36133
36134
36135
36136
36137
36138
36140
36141
36142
36143
36144
36145
36146
36147
36148
36150
36154
36161
36162
36173
36174
36175
36176
36177
36179
36180
36183
36192
36193
36195
36196
36197
36199
36243
36248
36249
36250
36251
36252
36273
36306
36307
36312
36314
36315
36316
36317
36318
36330
36332
36334
36335
36337
36338
36339
36351
36352
36353
36355
36356
36360
36361
36362
36363
36364
36365
36368
36370
36371
36373
36374
36375
36376
36381
36382
36387
36389
36390
36396
36398
36424
36434
36436
36438
36450
36451
36452
36453
36454
36461
36462
36463
36491
36492
36504
36505
36507
36508
36510
36511
36512
36513
36514
36526
36527
36530
36531
36534
36535
36537
36540
36541
36542
36543
36544
36548
36549
36598
36607
36608
36638
36688
36689
36690
36691
36692
36693
36694
36695
36696
36702
36703
36704
36705
36708
36709
36710
36711
36712
36713
36715
36716
36717
36718
36720
36721
36722
36723
36726
36727
36728
36729
36731
36762
36763
36765
36767
36768
36771
36786
36788
36789
36792
36793
36796
36797
36798
36799
36800
36801
36802
36803
36822
36826
36827
36828
36829
36831
36832
36833
36834
36846
36847
36849
36853
36856
36857
36858
36859
36862
36863
36865
36866
36868
36869
36870
36871
36872
36875
36876
36877
36878
36900
36902
36903
36908
36909
36910
36913
36914
36928
36930
36932
36933
36934
36935
36936
36938
36939
36940
36941
36954
36959
36961
36966
36967
36968
36969
36970
36971
36974
36976
36978
36981
37000
37001
37002
37003
37004
37005
37006
37009
37010
37012
37014
37015
37016
37041
37042
37044
37045
37047
37048
37063
37064
37065
37068
37070
37071
37083
37084
37085
37086
37087
37088
37090
37121
37123
37140
37141
37143
37144
37145
37146
37148
37149
37151
37181
37182
37183
37184
37185
37186
37189
37190
37192
37193
37194
37195
37197
37199
37200
37201
37202
37203
37204
37224
37226
37227
37228
37229
37230
37232
37238
37239
37241
37242
37243
37244
37245
37246
37247
37248
37249
37250
37253
37254
37255
37256
37257
37259
37269
37270
37271
37272
37273
37275
37276
37277
37278
37279
37280
37281
37286
37287
37288
37289
37290
37291
37292
37293
37294
37295
37296
37297
37298
37299
37300
37301
37302
37304
37305
37307
37308
37309
37311
37312
37314
37315
37316
37317
37318
37319
37320
37321
37322
37323
37324
37325
37326
37327
37362
37363
37364
37366
37367
37368
37369
37370
37371
37373
37376
37379
37381
37382
37383
37386
37387
37388
37390
37391
37392
37393
37394
37395
37396
37397
37398
37399
37400
37436
37437
37438
37439
37440
37441
37442
37444
37445
37447
37450
37451
37452
37453
37455
37456
37457
37459
37460
37481
37483
37486
37487
37488
37510
37513
37515
37516
37517
37518
37519
37520
37521
37522
37524
37525
37526
37527
37528
37529
37531
37532
37533
37535
37559
37560
37561
37562
37563
37565
37567
37568
37569
37580
37581
37582
37585
37586
37588
37589
37590
37591
37592
37633
37635
37638
37639
37640
37642
37643
37644
37645
37646
37647
37648
37649
37650
37651
37652
37654
37663
37664
37665
37666
37667
37668
37669
37670
37671
37672
37673
37674
37675
37678
37679
37680
37681
37682
37683
37684
37685
37686
37687
37688
37691
37692
37693
37694
37695
37696
37697
37698
37699
37702
37705
37715
37718
37720
37721
37722
37723
37735
37736
37745
37762
37765
37766
37768
37769
37770
37771
37772
37773
37777
37779
37780
37781
37782
37783
37784
37786
37787
37793
37794
37795
37796
37797
37798
37800
37801
37802
37803
37810
37811
37817
37819
37820
37832
37833
37834
37835
37836
37837
37838
37840
37842
37843
37844
37845
37846
37847
37848
37849
37851
37852
37853
37855
37856
37886
37887
37889
37890
37892
37893
37894
37895
37901
37903
37906
37907
37908
37909
37910
37913
37935
37936
37938
37939
37940
37941
37942
37943
37945
37952
37953
37954
37955
37967
37969
37972
37979
37981
37982
37983
37984
37989
37990
37993
37994
38006
38007
38011
38018
38020
38039
38040
38043
38061
38062
38063
38064
38066
38067
38069
38073
38075
38076
38077
38080
38084
38118
38121
38122
38123
38124
38125
38126
38135
38136
38137
38139
38142
38178
38187
38188
38190
38192
38193
38195
38196
38197
38198
38199
38200
38201
38204
38205
38207
38209
38220
38222
38223
38225
38226
38227
38235
38236
38238
38240
38241
38242
38243
38244
38246
38247
38249
38250
38251
38252
38254
38255
38256
38258
38285
38286
38287
38300
38304
38318
38329
38331
38332
38336
38337
38369
38381
38385
38387
38388
38389
38390
38391
38393
38394
38395
38397
38398
38399
38400
38401
38403
38404
38405
38406
38407
38408
38411
38413
38416
38417
38419
38420
38425
38426
38427
38428
38429
38430
38431
38432
38433
38487
38488
38489
38490
38491
38508
38509
38510
38511
38512
38545
38546
38547
38548
38549
38552
38553
38554
38555
38556
38576
38577
38578
38579
38580
38581
38582
38583
38585
38587
38588
38589
38590
38591
38593
38594
38595
38598
38599
38601
38602
38603
38605
38606
38609
38618
38619
38620
38621
38623
38625
38626
38627
38629
38630
38631
38632
38633
38669
38670
38671
38672
38673
38674
38675
38676
38677
38678
38680
38681
38684
38686
38692
38693
38694
38696
38697
38698
38699
38700
38702
38703
38705
38706
38707
38714
38715
38717
38718
38719
38720
38721
38722
38723
38724
38725
38726
38727
38728
38737
38741
38742
38745
38746
38748
38749
38759
38765
38771
38772
38790
38791
38799
38829
38830
38831
38832
38833
38834
38835
38836
38847
38868
38870
38884
38886
38888
38889
38891
38892
38893
38894
38895
38897
38899
38902
38903
38904
38905
38907
38911
38914
38916
38917
38921
38923
38927
38928
38940
38941
38942
38943
38944
38947
38948
38949
38950
38967
38968
38969
38970
38971
38973
38974
38976
38977
38979
38980
38981
38982
38983
38984
38988
38989
38990
38991
38992
38993
38994
38995
38997
38998
39000
39001
39002
39003
39004
39005
39006
39007
39008
39010
39023
39024
39025
39028
39029
39030
39031
39033
39034
39048
39049
39050
39051
39053
39054
39055
39056
39057
39058
39060
39061
39063
39067
39068
39069
39071
39072
39073
39074
39076
39077
39078
39080
39081
39082
39083
39084
39086
39087
39088
39089
39108
39109
39111
39112
39113
39115
39127
39128
39130
39132
39135
39136
39137
39139
39140
39144
39146
39149
39150
39152
39160
39161
39164
39166
39167
39168
39172
39174
39175
39176
39185
39186
39196
39232
39242
39244
39246
39252
39253
39254
39256
39259
39261
39278
39279
39280
39281
39282
39284
39285
39287
39288
39290
39291
39294
39297
39301
39303
39305
39306
39308
39310
39317
39319
39320
39322
39323
39325
39342
39343
39344
39346
39347
39348
39349
39351
39353
39354
39355
39356
39357
39358
39359
39360
39361
39374
39396
39398
39400
39402
39403
39404
39405
39406
39407
39408
39409
39410
39411
39412
39413
39415
39416
39417
39418
39419
39422
39423
39424
39425
39426
39427
39428
39429
39430
39431
39432
39433
39434
39435
39437
39438
39439
39440
39441
39442
39443
39444
39446
39504
39505
39506
39507
39508
39509
39510
39511
39519
39521
39522
39523
39524
39525
39528
39531
39532
39533
39534
39535
39536
39537
39538
39547
39548
39555
39557
39574
39575
39576
39577
39578
39580
39582
39591
39592
39593
39594
39599
39600
39601
39602
39603
39604
39605
39606
39607
39608
39609
39611
39612
39613
39614
39615
39616
39617
39618
39620
39621
39622
39623
39624
39625
39626
39627
39628
39629
39630
39631
39632
39660
39661
39662
39663
39664
39665
39666
39667
39668
39669
39677
39678
39681
39683
39684
39685
39686
39687
39688
39709
39710
39711
39713
39714
39715
39716
39724
39727
39728
39729
39735
39736
39741
39742
39743
39744
39747
39749
39750
39768
39769
39771
39776
39777
39778
39785
39786
39788
39790
39792
39795
39796
39799
39801
39804
39807
39809
39810
39822
39823
39824
39825
39826
39829
39830
39844
39845
39859
39861
39863
39875
39876
39878
39881
39890
39893
39894
39895
39896
39897
39898
39899
39900
39901
39902
39905
39906
39930
39931
39932
39933
39935
39938
39952
39953
39955
39957
39960
39961
39962
39963
39964
39987
39988
39989
39990
39992
39993
39994
39999
40001
40003
40007
40008
40009
40011
40027
40028
40029
40031
40033
40041
40042
40067
40068
40091
40092
40105
40106
40107
40108
40109
40110
40111
40120
40128
40134
40135
40136
40139
40140
40153
40154
40163
40164
40165
40167
40168
40169
40170
40171
40174
40187
40188
40194
40195
40197
40198
40199
40202
40203
40206
40207
40209
40212
40236
40237
40238
40239
40240
40241
40244
40245
40248
40283
40285
40286
40288
40291
40293
40295
40312
40313
40314
40315
40316
40318
40320
40334
40335
40336
40338
40340
40341
40342
40343
40344
40345
40347
40348
40349
40350
40351
40352
40353
40354
40360
40361
40362
40364
40391
40393
40394
40397
40399
40400
40401
40402
40403
40404
40405
40406
40407
40413
40415
40417
40418
40419
40421
40422
40424
40425
40426
40427
40434
40435
40437
40438
40439
40440
40441
40442
40444
40446
40447
40449
40450
40452
40453
40454
40456
40458
40459
40460
40461
40462
40463
40486
40487
40488
40489
40490
40491
40494
40496
40497
40527
40528
40530
40531
40532
40533
40534
40535
40536
40537
40538
40540
40541
40543
40566
40568
40572
40575
40576
40580
40582
40583
40596
40597
40598
40600
40601
40602
40603
40610
40617
40618
40621
40622
40623
40626
40627
40628
40629
40632
40633
40635
40649
40655
40657
40678
40679
40680
40682
40683
40684
40685
40686
40687
40688
40708
40709
40717
40718
40720
40721
40722
40723
40726
40727
40728
40730
40732
40734
40735
40736
40737
40738
40739
40742
40746
40765
40766
40767
40769
40770
40779
40781
40783
40784
40787
40789
40803
40825
40826
40827
40828
40829
40830
40831
40832
40833
40852
40853
40880
40881
40882
40883
40885
40905
40910
40911
40922
40923
40924
40930
40937
40939
40943
40949
40954
40955
40957
40959
40960
40972
40974
40975
40976
40977
40978
40979
40980
40981
40982
40983
40984
40985
40988
40989
40990
40991
40992
40993
40994
40995
40996
40997
40998
40999
41000
41003
41004
41005
41006
41007
41008
41009
41010
41011
41012
41013
41014
41015
41016
41017
41018
41019
41021
41023
41024
41026
41027
41028
41029
41030
41031
41032
41036
41037
41038
41039
41040
41044
41045
41046
41047
41048
41049
41050
41051
41052
41053
41054
41056
41058
41059
41060
41063
41064
41065
41066
41067
41069
41073
41074
41079
41080
41081
41082
41084
41086
41087
41089
41094
41095
41096
41097
41098
41099
41100
41101
41102
41104
41105
41106
41107
41119
41121
41122
41123
41124
41125
41127
41134
41135
41136
41137
41138
41139
41140
41141
41142
41143
41146
41147
41148
41150
41152
41153
41154
41157
41159
41161
41169
41170
41171
41173
41179
41180
41181
41182
41183
41187
41195
41197
41199
41202
41203
41213
41214
41215
41216
41217
41218
41219
41225
41226
41227
41228
41229
41232
41233
41235
41241
41243
41244
41257
41271
41272
41273
41274
41275
41276
41285
41286
41287
41288
41289
41292
41308
41309
41310
41311
41312
41314
41315
41316
41317
41339
41340
41341
41342
41343
41344
41345
41382
41384
41385
41386
41389
41425
41427
41428
41429
41430
41431
41432
41433
41434
41435
41436
41437
41439
41440
41441
41442
41444
41445
41447
41448
41449
41470
41471
41472
41473
41474
41475
41476
41477
41484
41488
41500
41501
41502
41503
41504
41507
41508
41511
41515
41519
41520
41521
41522
41534
41535
41536
41540
41541
41545
41546
41549
41556
41558
41559
41560
41562
41563
41564
41565
41566
41567
41568
41569
41572
41589
41591
41592
41593
41594
41595
41596
41597
41598
41599
41600
41601
41602
41603
41604
41605
41606
41607
41608
41609
41610
41614
41615
41617
41618
41620
41621
41622
41623
41624
41625
41626
41628
41630
41631
41655
41656
41658
41659
41660
41661
41664
41666
41667
41669
41679
41680
41682
41705
41706
41707
41708
41715
41716
41717
41719
41720
41721
41722
41723
41724
41725
41726
41727
41728
41729
41731
41733
41734
41735
41736
41737
41753
41754
41755
41756
41757
41758
41759
41760
41762
41763
41766
41782
41783
41785
41786
41787
41798
41799
41800
41802
41809
41810
41813
41826
41827
41828
41831
41832
41833
41835
41836
41838
41839
41840
41841
41842
41843
41844
41845
41846
41850
41851
41852
41853
41854
41855
41856
41857
41860
41862
41864
41866
41867
41868
41875
41876
41879
41880
41881
41887
41891
41892
41893
41895
41896
41898
41901
41902
41905
41906
41908
41946
41947
41949
41953
41954
41967
41968
41969
41972
41973
41975
41976
41977
41982
41986
41987
41988
41989
41992
41998
41999
42000
42002
42004
42005
42006
42007
42010
42013
42015
42018
42019
42021
42023
42024
42025
42026
42027
42035
42036
42037
42038
42039
42040
42041
42042
42043
42044
42045
42060
42069
42071
42072
42073
42074
42076
42077
42078
42079
42080
42081
42082
42083
42085
42093
42094
42095
42096
42097
42098
42099
42100
42103
42105
42116
42117
42118
42119
42120
42121
42122
42123
42124
42154
42155
42156
42171
42173
42174
42179
42180
42181
42190
42192
42194
42207
42208
42209
42210
42211
42212
42229
42257
42258
42259
42260
42261
42262
42263
42264
42266
42268
42269
42277
42278
42279
42281
42282
42283
42284
42285
42286
42292
42293
42294
42296
42297
42298
42299
42300
42301
42302
42303
42304
42306
42326
42329
42330
42331
42336
42343
42344
42345
42347
42348
42350
42351
42352
42353
42355
42357
42359
42360
42362
42365
42387
42390
42406
42407
42408
42409
42412
42413
42414
42427
42428
42429
42431
42432
42435
42436
42437
42451
42452
42453
42455
42456
42457
42458
42459
42460
42461
42464
42467
42468
42469
42470
42471
42473
42492
42493
42494
42495
42496
42500
42501
42502
42504
42505
42506
42507
42508
42509
42510
42511
42516
42519
42520
42521
42522
42523
42524
42525
42535
42536
42537
42538
42539
42542
42543
42545
42548
42552
42562
42566
42568
42583
42584
42590
42591
42593
42594
42598
42599
42606
42608
42614
42615
42616
42617
42618
42619
42620
42621
42626
42648
42651
42652
42653
42654
42655
42657
42658
42659
42660
42661
42667
42668
42670
42689
42691
42692
42693
42695
42696
42698
42699
42701
42703
42704
42707
42708
42710
42711
42713
42718
42719
42720
42721
42722
42723
42724
42728
42729
42730
42731
42732
42734
42737
42738
42739
42743
42744
42746
42747
42750
42751
42753
42754
42757
42758
42771
42772
42776
42777
42778
42787
42788
42789
42790
42791
42792
42793
42794
42795
42796
42798
42799
42801
42803
42804
42805
42806
42807
42808
42809
42811
42812
42814
42815
42816
42817
42818
42819
42820
42821
42823
42824
42857
42858
42863
42864
42865
42868
42869
42872
42873
42874
42875
42876
42877
42879
42880
42881
42882
42883
42884
42885
42886
42887
42890
42893
42894
42895
42897
42907
42908
42910
42911
42912
42913
42914
42915
42916
42918
42919
42920
42922
42923
42924
42925
42947
42951
42952
42953
42956
42957
42958
42966
42969
42970
42972
42973
42974
42975
42976
42977
42980
42981
42982
42983
42986
42997
42998
42999
43002
43005
43006
43007
43024
43025
43026
43027
43028
43030
43031
43032
43033
43034
43055
43058
43060
43061
43065
43066
43067
43068
43069
43070
43071
43098
43100
43101
43102
43103
43104
43105
43109
43111
43112
43113
43125
43126
43130
43152
43153
43154
43155
43156
43157
43158
43164
43165
43166
43167
43168
43169
43170
43171
43172
43173
43174
43175
43178
43179
43181
43182
43183
43184
43185
43186
43196
43197
43198
43199
43200
43201
43202
43203
43204
43206
43208
43224
43225
43227
43229
43231
43233
43237
43239
43242
43253
43254
43255
43257
43259
43264
43265
43266
43269
43285
43286
43287
43288
43289
43290
43305
43306
43307
43311
43315
43316
43327
43330
43331
43332
43341
43342
43343
43344
43345
43346
43347
43348
43349
43350
43352
43354
43358
43359
43362
43363
43364
43365
43366
43373
43374
43375
43376
43377
43378
43379
43380
43381
43382
43383
43385
43396
43397
43398
43399
43400
43401
43406
43412
43413
43415
43416
43417
43418
43419
43420
43441
43442
43443
43446
43473
43474
43475
43476
43477
43478
43480
43484
43486
43510
43525
43527
43528
43534
43535
43556
43559
43560
43566
43567
43569
43571
43572
43586
43587
43588
43589
43590
43592
43593
43595
43596
43597
43607
43624
43625
43626
43627
43629
43651
43652
43654
43655
43656
43658
43659
43660
43661
43662
43663
43664
43665
43669
43670
43671
43672
43673
43674
43675
43676
43678
43681
43682
43684
43688
43689
43691
43692
43694
43695
43696
43697
43698
43699
43700
43701
43702
43704
43705
43706
43707
43711
43713
43714
43715
43716
43717
43718
43719
43720
43722
43725
43727
43728
43729
43730
43731
43732
43733
43734
43735
43736
43738
43739
43740
43741
43742
43743
43744
43745
43746
43747
43748
43749
43751
43752
43754
43755
43756
43757
43759
43763
43764
43766
43767
43768
43770
43771
43772
43773
43774
43776
43777
43778
43779
43782
43785
43786
43787
43789
43791
43794
43795
43798
43803
43804
43806
43807
43808
43810
43812
43815
43816
43818
43819
43820
43826
43828
43829
43830
43831
43835
43836
43837
43846
43847
43848
43849
43850
43851
43852
43853
43854
43855
43860
43861
43863
43865
43866
43867
43868
43870
43871
43872
43873
43875
43876
43877
43878
43880
43881
43882
43903
43904
43906
43907
43909
43910
43912
43913
43919
43920
43921
43922
43923
43924
43925
43928
43942
43943
43945
43948
43949
43950
43952
43959
43960
43961
43962
43965
43966
43967
43969
43973
43974
43975
43976
43977
43978
43979
43980
43981
43982
43983
43984
43986
44001
44005
44006
44008
44009
44013
44014
44015
44016
44027
44028
44030
44031
44039
44040
44041
44043
44058
44059
44060
44063
44064
44065
44066
44072
44073
44074
44076
44077
44078
44079
44088
44092
44093
44094
44095
44099
44100
44105
44106
44107
44120
44121
44122
44127
44136
44138
44140
44144
44145
44160
44162
44168
44169
44170
44173
44175
44201
44202
44203
44204
44205
44206
44207
44208
44209
44241
44242
44244
44250
44251
44252
44256
44257
44258
44260
44287
44288
44289
44290
44291
44292
44293
44294
44295
44297
44301
44302
44303
44326
44327
44329
44331
44333
44335
44336
44337
44338
44340
44357
44358
44360
44361
44362
44363
44377
44379
44382
44394
44395
44396
44398
44399
44400
44414
44415
44417
44418
44419
44431
44432
44434
44436
44439
44466
44467
44468
44472
44474
44486
44488
44514
44516
44519
44522
44528
