0
1
3
4
5
6
11
14
23
34
35
37
40
43
48
52
56
65
73
81
88
89
92
93
96
101
105
106
108
111
118
125
128
133
135
138
140
152
154
158
166
169
170
176
177
182
190
209
210
212
215
220
227
228
230
233
237
239
242
246
252
253
254
258
262
265
267
268
271
273
276
281
285
287
291
294
296
297
299
302
305
306
311
314
319
324
329
330
332
334
336
338
339
340
344
345
348
350
356
357
358
360
362
363
364
366
367
368
369
432
437
444
446
452
455
460
463
466
468
471
474
482
485
490
493
501
503
506
513
515
519
521
525
529
533
535
538
541
543
544
547
549
552
558
559
561
563
566
569
571
573
575
577
580
585
590
594
601
605
606
611
619
624
630
632
636
651
655
667
670
671
673
674
677
683
685
687
688
691
692
697
702
707
709
710
713
718
719
721
730
735
741
757
772
775
779
782
785
786
789
790
791
793
796
799
802
804
807
810
811
816
819
821
824
830
832
836
838
841
846
848
849
854
855
857
862
892
893
899
901
902
905
909
910
912
915
916
917
922
923
926
927
930
933
936
937
943
944
945
950
952
954
962
965
966
974
977
984
986
988
990
998
1001
1009
1012
1031
1034
1067
1068
1070
1074
1075
1080
1082
1087
1089
1090
1091
1093
1094
1097
1100
1102
1104
1107
1111
1114
1117
1122
1124
1125
1127
1128
1131
1135
1138
1141
1144
1146
1148
1153
1154
1159
1163
1164
1166
1168
1170
1179
1181
1187
1188
1199
1201
1207
1208
1211
1216
1219
1228
1234
1239
1240
1244
1245
1249
1255
1256
1258
1269
1271
1273
1277
1281
1282
1285
1287
1289
1290
1291
1297
1303
1311
1316
1319
1323
1331
1332
1335
1338
1340
1343
1350
1358
1359
1362
1364
1366
1367
1371
1374
1375
1377
1379
1380
1384
1386
1387
1389
1390
1392
1394
1397
1398
1400
1402
1404
1407
1409
1410
1412
1415
1417
1418
1420
1423
1424
1425
1432
1435
1436
1438
1444
1451
1452
1454
1457
1458
1461
1469
1471
1472
1473
1474
1475
1481
1483
1485
1486
1487
1490
1494
1496
1497
1499
1500
1503
1507
1508
1509
1512
1513
1531
1555
1556
1557
1558
1559
1561
1563
1564
1567
1569
1570
1577
1579
1580
1582
1588
1590
1592
1595
1598
1603
1606
1610
1612
1622
1626
1629
1636
1637
1641
1649
1653
1654
1656
1661
1665
1668
1675
1678
1685
1688
1692
1693
1694
1695
1698
1701
1702
1704
1706
1707
1709
1713
1718
1721
1724
1731
1734
1736
1739
1741
1743
1747
1754
1758
1764
1765
1766
1772
1774
1776
1777
1780
1783
1785
1787
1791
1792
1794
1800
1802
1804
1807
1812
1816
1819
1821
1822
1830
1838
1843
1846
1847
1849
1851
1855
1858
1861
1865
1867
1870
1873
1875
1878
1907
1917
1930
1933
1934
1936
1944
1946
1949
1950
1952
1953
1954
1955
1957
1958
1959
1961
1963
1968
1974
1977
1979
1981
1982
1985
1986
1990
1991
1994
1997
2004
2006
2009
2011
2013
2016
2019
2021
2023
2030
2035
2038
2041
2043
2045
2048
2064
2072
2077
2080
2083
2087
2093
2095
2096
2104
2105
2108
2109
2113
2116
2120
2121
2122
2123
2124
2126
2127
2130
2132
2133
2138
2139
2142
2144
2149
2150
2155
2156
2158
2159
2161
2162
2164
2169
2179
2180
2183
2189
2193
2207
2210
2227
2230
2232
2240
2247
2251
2257
2279
2300
2307
2309
2311
2312
2313
2316
2318
2320
2329
2330
2336
2337
2340
2345
2346
2347
2352
2353
2356
2360
2361
2364
2365
2369
2370
2373
2376
2377
2381
2382
2388
2389
2394
2395
2398
2405
2409
2413
2416
2419
2422
2427
2428
2436
2444
2449
2451
2461
2465
2473
2477
2486
2489
2492
2497
2501
2509
2511
2512
2513
2514
2515
2516
2517
2519
2520
2523
2525
2528
2530
2532
2535
2537
2540
2542
2543
2545
2546
2549
2550
2551
2553
2555
2556
2557
2562
2569
2576
2578
2582
2586
2594
2597
2598
2599
2602
2608
2611
2614
2622
2626
2634
2639
2644
2650
2658
2661
2664
2672
2673
2682
2683
2689
2692
2693
2704
2705
2713
2717
2718
2720
2727
2729
2731
2734
2735
2741
2744
2755
2756
2757
2758
2759
2762
2764
2766
2769
2772
2775
2780
2783
2786
2789
2791
2792
2793
2795
2796
2801
2802
2807
2808
2812
2815
2818
2822
2827
2830
2831
2846
2847
2848
2860
2862
2864
2867
2871
2877
2879
2888
2891
2903
2907
2908
2940
2944
2949
2955
2959
2961
2968
2971
2977
2979
2984
2986
2991
3002
3007
3013
3016
3024
3027
3030
3037
3050
3058
3061
3062
3063
3069
3070
3071
3074
3076
3079
3084
3085
3091
3093
3098
3102
3104
3108
3111
3115
3118
3124
3129
3131
3133
3135
3151
3153
3155
3159
3160
3161
3164
3165
3166
3170
3174
3199
3200
3205
3213
3215
3219
3222
3225
3228
3232
3235
3238
3239
3240
3245
3248
3251
3254
3257
3259
3264
3266
3269
3273
3276
3278
3281
3285
3313
3314
3321
3331
3333
3340
3342
3344
3348
3349
3350
3351
3353
3354
3356
3358
3360
3361
3368
3370
3373
3376
3379
3382
3391
3394
3397
3405
3408
3412
3416
3418
3421
3424
3426
3428
3432
3438
3443
3447
3449
3454
3457
3459
3460
3481
3484
3485
3487
3488
3492
3496
3497
3501
3502
3505
3506
3509
3510
3517
3520
3522
3526
3528
3530
3532
3536
3539
3545
3549
3552
3555
3556
3559
3561
3563
3564
3567
3569
3570
3571
3572
3575
3578
3579
3581
3582
3589
3590
3593
3596
3597
3600
3601
3604
3605
3608
3609
3610
3613
3614
3615
3620
3621
3625
3626
3631
3632
3639
3644
3647
3650
3654
3657
3658
3661
3663
3683
3698
3703
3723
3740
3746
3754
3756
3785
3798
3814
3818
3821
3822
3826
3833
3838
3842
3845
3848
3851
3852
3854
3857
3859
3864
3869
3873
3876
3879
3887
3891
3894
3899
3903
3906
3908
3913
3918
3921
3928
3932
3935
3939
3942
3947
3952
3956
3958
3960
3963
3966
3968
3969
3972
3974
3978
3988
3996
3999
4007
4009
4011
4019
4024
4034
4042
4043
4045
4051
4061
4063
4064
4066
4068
4069
4070
4071
4073
4074
4076
4078
4080
4081
4082
4084
4086
4087
4088
4091
4094
4095
4097
4098
4100
4101
4103
4105
4106
4107
4110
4111
4112
4113
4115
4116
4117
4119
4120
4121
4122
4124
4126
4128
4132
4136
4139
4140
4141
4149
4150
4154
4155
4159
4161
4162
4172
4173
4174
4178
4182
4185
4186
4193
4195
4200
4202
4205
4208
4209
4211
4214
4217
4219
4222
4226
4231
4232
4233
4237
4242
4243
4246
4250
4255
4257
4260
4264
4269
4272
4273
4275
4277
4278
4279
4280
4282
4285
4287
4290
4293
4296
4297
4298
4300
4301
4303
4304
4306
4307
4309
4310
4312
4314
4316
4318
4320
4323
4325
4331
4332
4334
4337
4340
4341
4346
4350
4353
4355
4356
4363
4364
4369
4370
4375
4379
4382
4387
4389
4390
4391
4392
4395
4399
4401
4404
4410
4412
4413
4414
4415
4417
4419
4422
4423
4425
4427
4431
4432
4435
4436
4441
4444
4445
4451
4452
4455
4460
4461
4463
4464
4465
4466
4467
4469
4470
4471
4472
4475
4477
4480
4481
4483
4486
4487
4488
4491
4493
4494
4497
4506
4508
4510
4512
4514
4515
4518
4520
4522
4524
4526
4527
4528
4529
4530
4532
4534
4536
4537
4544
4548
4550
4551
4552
4558
4559
4560
4563
4567
4569
4570
4573
4575
4576
4578
4581
4582
4583
4585
4586
4589
4592
4594
4596
4598
4599
4604
4605
4606
4608
4615
4617
4618
4619
4621
4626
4628
4630
4633
4640
4642
4645
4646
4647
4649
4654
4656
4658
4663
4664
4666
4667
4673
4675
4676
4681
4682
4683
4690
4691
4692
4697
4698
4700
4703
4705
4706
4707
4713
4714
4716
4725
4726
4734
4736
4742
4745
4746
4753
4758
4769
4770
4785
4786
4791
4793
4797
4798
4801
4802
4808
4809
4816
4817
4820
4824
4829
4830
4833
4837
4841
4842
4844
4849
4850
4852
4855
4857
4862
4863
4866
4870
4872
4873
4874
4879
4882
4883
4887
4891
4892
4893
4895
4897
4898
4899
4901
4907
4913
4916
4918
4922
4925
4926
4930
4932
4934
4935
4943
4944
4945
4947
4948
4950
4953
4954
4955
4956
4958
4959
4960
4961
4963
4965
4966
4968
4969
4971
4973
4974
4975
4978
4981
4983
4985
4990
4992
4994
4996
4999
5000
5001
5002
5004
5005
5007
5009
5010
5011
5013
5016
5018
5019
5021
5024
5025
5026
5028
5029
5030
5032
5034
5035
5039
5041
5043
5046
5049
5050
5054
5058
5061
5062
5065
5070
5071
5074
5079
5080
5085
5091
5093
5096
5099
5100
5101
5103
5104
5105
5106
5108
5110
5112
5114
5117
5118
5120
5121
5123
5126
5128
5129
5131
5132
5134
5136
5137
5139
5141
5143
5144
5146
5147
5149
5151
5159
5162
5167
5171
5172
5174
5176
5180
5181
5184
5185
5188
5190
5194
5196
5200
5205
5207
5208
5210
5217
5219
5222
5223
5226
5228
5229
5230
5232
5233
5235
5237
5242
5244
5245
5247
5249
5250
5253
5255
5258
5259
5260
5261
5263
5265
5266
5268
5270
5271
5273
5274
5277
5278
5284
5289
5291
5293
5295
5300
5302
5303
5306
5308
5309
5312
5313
5315
5316
5317
5318
5320
5322
5323
5325
5327
5329
5330
5331
5335
5336
5337
5339
5342
5344
5345
5348
5349
5350
5353
5355
5357
5360
5363
5365
5366
5369
5371
5374
5377
5380
5382
5383
5384
5387
5389
5391
5393
5395
5396
5397
5399
5400
5401
5403
5406
5407
5408
5409
5410
5412
5415
5417
5418
5420
5424
5425
5426
5428
5430
5432
5437
5441
5448
5452
5454
5455
5456
5460
5461
5462
5466
5468
5471
5476
5478
5480
5481
5487
5489
5492
5500
5502
5505
5507
5508
5511
5516
5518
5522
5523
5527
5531
5533
5538
5543
5545
5549
5555
5557
5561
5565
5571
5578
5583
5584
5590
5591
5602
5605
5607
5612
5616
5625
5627
5628
5633
5636
5638
5640
5645
5646
5647
5648
5649
5650
5652
5656
5658
5659
5667
5676
5678
5683
5684
5696
5701
5703
5704
5706
5707
5711
5717
5719
5722
5723
5727
5728
5735
5744
5756
5757
5761
5763
5769
5771
5775
5779
5783
5784
5788
5793
5794
5795
5806
5811
5814
5820
5829
5831
5833
5836
5837
5842
5848
5850
5857
5858
5866
5870
5871
5881
5882
5883
5890
5892
5894
5901
5902
5907
5908
5909
5912
5913
5917
5919
5923
5926
5932
5935
5936
5939
5941
5943
5944
5948
5951
5952
5954
5957
5959
5962
5963
5967
5968
5969
5972
5975
5977
5979
5982
5983
5986
5991
5997
5998
6002
6004
6005
6007
6008
6009
6010
6013
6014
6016
6019
6022
6025
6027
6030
6034
6037
6038
6039
6041
6044
6045
6049
6050
6052
6055
6057
6059
6060
6062
6065
6069
6071
6072
6076
6079
6085
6087
6092
6095
6103
6105
6106
6110
6112
6114
6115
6121
6122
6130
6134
6137
6139
6140
6146
6147
6148
6155
6159
6161
6162
6167
6168
6174
6177
6188
6189
6192
6193
6194
6197
6199
6203
6204
6210
6212
6216
6217
6219
6220
6224
6228
6229
6232
6233
6237
6238
6240
6245
6250
6256
6257
6258
6260
6261
6262
6264
6265
6267
6268
6269
6270
6271
6273
6274
6276
6278
6279
6280
6281
6283
6284
6286
6289
6290
6291
6292
6293
6294
6295
6296
6299
6301
6304
6305
6306
6308
6309
6311
6314
6315
6317
6319
6320
6325
6333
6339
6341
6343
6344
6346
6349
6352
6354
6356
6357
6359
6363
6365
6366
6369
6371
6373
6375
6377
6380
6382
6385
6387
6391
6399
6404
6405
6413
6414
6417
6420
6422
6431
6433
6440
6448
6453
6456
6458
6464
6467
6471
6472
6475
6483
6490
6492
6495
6497
6499
6501
6504
6509
6510
6512
6513
6514
6515
6517
6518
6521
6527
6530
6534
6542
6544
6550
6551
6552
6553
6557
6560
6561
6562
6563
6568
6570
6575
6576
6580
6581
6583
6586
6587
6589
6592
6594
6601
6603
6605
6606
6607
6609
6614
6615
6617
6618
6619
6620
6622
6623
6625
6626
6635
6642
6644
6646
6647
6653
6655
6657
6664
6666
6668
6673
6676
6678
6680
6683
6684
6686
6692
6702
6705
6715
6725
6727
6732
6736
6745
6748
6749
6751
6753
6754
6757
6760
6763
6768
6771
6772
6776
6777
6780
6783
6784
6790
6791
6795
6799
6802
6805
6808
6810
6814
6817
6820
6821
6825
6830
6833
6835
6839
6841
6843
6845
6846
6850
6855
6856
6858
6860
6861
6864
6866
6870
6875
6876
6877
6880
6886
6887
6892
6899
6901
6905
6908
6909
6911
6912
6914
6919
6922
6925
6928
6931
6934
6936
6937
6940
6941
6944
6946
6948
6949
6953
6954
6956
6957
6959
6960
6962
6964
6966
6967
6974
6977
6978
6979
6980
6982
6984
6987
6988
6989
6991
6992
6997
6999
7004
7005
7006
7007
7008
7010
7012
7016
7018
7020
7028
7034
7045
7048
7050
7054
7057
7058
7060
7061
7063
7066
7068
7071
7073
7075
7078
7080
7081
7090
7091
7100
7102
7103
7104
7105
7106
7109
7111
7121
7125
7127
7128
7132
7133
7135
7136
7137
7140
7143
7145
7150
7158
7161
7163
7166
7168
7169
7170
7173
7175
7176
7178
7180
7182
7183
7186
7188
7189
7193
7200
7203
7204
7205
7207
7209
7210
7216
7218
7225
7231
7234
7235
7245
7246
7251
7253
7258
7259
7264
7267
7274
7277
7279
7283
7285
7286
7289
7293
7297
7301
7303
7305
7307
7311
7313
7315
7320
7322
7324
7325
7332
7334
7336
7337
7338
7340
7341
7342
7344
7346
7347
7348
7350
7351
7352
7357
7359
7360
7365
7366
7367
7369
7370
7372
7373
7374
7376
7377
7380
7384
7385
7387
7389
7391
7392
7393
7397
7398
7401
7402
7405
7407
7408
7410
7411
7412
7414
7421
7432
7438
7440
7448
7450
7452
7454
7459
7461
7463
7465
7467
7472
7475
7477
7478
7479
7482
7484
7485
7488
7493
7494
7495
7497
7500
7502
7503
7508
7511
7515
7517
7518
7521
7523
7525
7527
7529
7531
7534
7536
7538
7539
7541
7544
7546
7547
7548
7551
7553
7554
7556
7557
7558
7560
7562
7563
7566
7568
7569
7570
7574
7576
7580
7581
7583
7585
7587
7588
7591
7592
7593
7597
7598
7599
7600
7602
7604
7606
7607
7610
7611
7612
7616
7618
7619
7622
7624
7625
7626
7629
7632
7633
7636
7637
7641
7642
7643
7646
7649
7651
7652
7655
7661
7663
7664
7667
7670
7673
7676
7678
7680
7683
7685
7687
7690
7692
7695
7697
7698
7699
7700
7701
7702
7703
7704
7707
7709
7711
7713
7715
7716
7718
7720
7721
7723
7724
7725
7728
7730
7733
7736
7741
7744
7748
7751
7754
7756
7757
7759
7762
7764
7766
7767
7769
7772
7776
7779
7781
7782
7784
7785
7786
7790
7791
7793
7796
7800
7807
7812
7816
7817
7818
7822
7823
7827
7828
7832
7833
7834
7836
7837
7840
7841
7843
7847
7848
7849
7850
7853
7858
7860
7862
7869
7872
7874
7878
7882
7884
7888
7889
7893
7897
7898
7899
7902
7906
7907
7911
7912
7913
7918
7919
7923
7924
7929
7933
7936
7939
7943
7945
7951
7965
7969
7974
7977
7978
7981
7987
7988
7991
7993
7998
7999
8005
8006
8007
8011
8015
8016
8023
8028
8032
8039
8042
8046
8049
8051
8055
8059
8063
8069
8071
8075
8079
8081
8082
8083
8085
8086
8087
8088
8091
8093
8097
8099
8101
8104
8107
8111
8113
8114
8117
8119
8121
8122
8123
8124
8126
8128
8131
8133
8137
8140
8142
8146
8148
8150
8151
8154
8156
8157
8160
8162
8168
8169
8170
8175
8177
8179
8182
8185
8186
8187
8188
8191
8194
8197
8198
8199
8202
8203
8206
8209
8210
8211
8214
8217
8218
8221
8226
8228
8230
8233
8239
8242
8246
8247
8250
8256
8259
8265
8268
8270
8273
8279
8282
8286
8289
8291
8293
8295
8298
8302
8303
8307
8308
8311
8315
8316
8321
8326
8328
8329
8334
8335
8337
8339
8341
8343
8344
8348
8350
8351
8352
8353
8355
8357
8358
8359
8361
8363
8364
8365
8367
8370
8371
8375
8378
8382
8385
8387
8391
8394
8396
8399
8400
8407
8410
8414
8421
8424
8430
8431
8432
8435
8440
8441
8455
8461
8464
8467
8468
8469
8472
8474
8477
8479
8484
8488
8490
8492
8493
8497
8503
8504
8509
8510
8513
8519
8525
8537
8539
8542
8545
8549
8556
8558
8564
8567
8582
8587
8593
8594
8597
8600
8601
8604
8607
8620
8622
8630
8632
8640
8644
8646
8650
8651
8652
8660
8661
8664
8667
8668
8675
8680
8683
8687
8692
8697
8704
8706
8711
8715
8718
8723
8727
8729
8732
8734
8736
8744
8752
8757
8763
8767
8768
8770
8771
8777
8795
8803
8805
8807
8810
8811
8814
8817
8820
8826
8829
8832
8834
8839
8841
8844
8847
8853
8857
8860
8861
8865
8871
8874
8878
8880
8881
8882
8883
8885
8887
8888
8889
8894
8895
8896
8897
8899
8901
8904
8907
8911
8923
8931
8936
8941
8944
8947
8952
8954
8965
8966
8970
8972
8978
8979
8983
8989
8990
8995
8997
8998
9002
9003
9005
9009
9011
9012
9014
9016
9018
9020
9021
9023
9024
9026
9029
9030
9031
9033
9035
9036
9037
9040
9042
9043
9045
9048
9049
9054
9057
9060
9064
9065
9069
9070
9072
9073
9074
9075
9078
9079
9081
9084
9085
9088
9090
9092
9095
9099
9101
9102
9103
9105
9109
9110
9114
9116
9119
9122
9124
9126
9128
9130
9133
9134
9135
9137
9139
9142
9143
9144
9145
9147
9151
9153
9154
9156
9158
9159
9160
9161
9162
9164
9167
9170
9172
9175
9178
9180
9181
9188
9190
9194
9197
9198
9200
9203
9205
9206
9210
9212
9214
9216
9218
9219
9221
9222
9225
9227
9229
9232
9236
9239
9240
9243
9250
9252
9254
9256
9262
9264
9266
9268
9271
9272
9273
9274
9276
9278
9279
9281
9282
9289
9292
9294
9297
9299
9301
9304
9305
9307
9311
9312
9314
9318
9320
9322
9324
9330
9331
9333
9335
9339
9340
9341
9342
9344
9346
9348
9349
9352
9354
9355
9356
9360
9363
9364
9367
9371
9372
9373
9377
9380
9382
9383
9385
9387
9391
9392
9396
9398
9401
9403
9404
9405
9410
9412
9413
9416
9419
9420
9424
9426
9427
9430
9437
9438
9441
9443
9446
9448
9450
9452
9453
9454
9456
9457
9461
9462
9466
9485
9499
9500
9506
9516
9517
9524
9538
9539
9546
9548
9550
9551
9553
9555
9556
9557
9559
9561
9563
9564
9565
9566
9568
9569
9570
9573
9574
9578
9579
9584
9587
9588
9589
9596
9598
9599
9607
9611
9613
9616
9622
9630
9647
9653
9655
9656
9665
9667
9668
9675
9677
9681
9686
9713
9715
9716
9720
9723
9725
9728
9730
9733
9734
9736
9743
9744
9745
9748
9750
9751
9755
9759
9764
9771
9772
9777
9778
9780
9785
9788
9798
9801
9806
9808
9812
9815
9817
9818
9823
9826
9830
9836
9839
9844
9846
9850
9851
9854
9858
9860
9864
9866
9868
9871
9874
9875
9879
9880
9887
9888
9891
9894
9895
9896
9899
9901
9902
9907
9908
9909
9915
9916
9920
9921
9923
9930
9932
9937
9939
9944
9945
9949
9951
9956
9960
9964
9965
9969
9973
9976
9978
9981
9985
9997
9998
10004
10006
10008
10014
10040
10042
10053
10064
10075
10077
10079
10080
10082
10084
10086
10088
10094
10096
10097
10098
10100
10102
10103
10105
10106
10108
10110
10112
10113
10114
10117
10118
10121
10124
10125
10126
10127
10129
10132
10134
10137
10139
10140
10141
10144
10145
10147
10149
10151
10154
10157
10158
10162
10166
10169
10173
10179
10182
10183
10189
10195
10198
10201
10208
10212
10220
10229
10237
10249
10258
10260
10262
10263
10274
10276
10278
10283
10288
10290
10294
10298
10301
10304
10314
10316
10317
10320
10327
10329
10335
10339
10342
10345
10348
10352
10354
10355
10357
10358
10360
10361
10364
10366
10368
10371
10374
10380
10383
10386
10390
10392
10394
10397
10403
10405
10406
10409
10411
10414
10417
10420
10423
10425
10427
10429
10432
10438
10442
10443
10444
10445
10450
10452
10455
10458
10459
10460
10461
10466
10470
10472
10475
10476
10478
10479
10480
10483
10486
10488
10489
10491
10494
10495
10497
10500
10502
10504
10508
10510
10511
10512
10513
10516
10520
10522
10523
10525
10526
10528
10529
10530
10531
10534
10535
10538
10540
10541
10542
10545
10547
10551
10558
10560
10564
10566
10567
10572
10573
10574
10578
10581
10586
10588
10592
10593
10595
10597
10598
10601
10604
10612
10618
10619
10621
10623
10624
10628
10630
10632
10635
10638
10640
10642
10643
10644
10649
10653
10657
10665
10667
10670
10673
10676
10679
10687
10695
10699
10701
10706
10709
10712
10714
10715
10717
10718
10719
10724
10730
10731
10735
10738
10739
10745
10746
10750
10753
10756
10759
10762
10765
10768
10771
10774
10779
10781
10783
10785
10794
10797
10798
10799
10801
10803
10805
10815
10819
10820
10822
10823
10830
10832
10835
10840
10842
10845
10848
10851
10853
10857
10860
10866
10869
10871
10875
10876
10877
10878
10880
10885
10889
10895
10899
10904
10910
10917
10922
10926
10931
10935
10937
10940
10943
10946
10948
10953
10955
10956
10958
10959
10962
10963
10966
10967
10971
10974
10978
10984
10986
10987
10989
10991
10999
11006
11007
11020
11023
11029
11034
11038
11043
11045
11048
11052
11053
11055
11057
11058
11060
11061
11062
11065
11066
11070
11072
11075
11076
11082
11084
11085
11095
11097
11100
11102
11105
11106
11111
11114
11117
11118
11125
11127
11131
11134
11137
11143
11150
11152
11154
11159
11160
11161
11162
11163
11164
11165
11166
11167
11168
11170
11171
11172
11176
11179
11188
11189
11190
11193
11195
11197
11198
11201
11205
11206
11210
11211
11218
11219
11222
11227
11233
11234
11238
11240
11241
11243
11248
11252
11253
11258
11261
11265
11266
11272
11277
11279
11280
11281
11282
11283
11284
11286
11287
11288
11290
11291
11305
11334
11336
11343
11345
11348
11349
11354
11356
11357
11360
11362
11363
11365
11366
11367
11369
11370
11371
11372
11375
11378
11379
11382
11387
11388
11393
11396
11399
11401
11406
11409
11410
11412
11416
11419
11421
11423
11426
11431
11438
11441
11444
11448
11450
11466
11468
11470
11473
11476
11477
11480
11481
11486
11491
11493
11495
11497
11498
11502
11505
11517
11520
11523
11526
11528
11530
11535
11538
11540
11544
11546
11549
11551
11553
11556
11559
11561
11564
11567
11570
11574
11576
11578
11580
11581
11584
11594
11616
11620
11624
11626
11631
11635
11639
11641
11644
11647
11650
11651
11657
11659
11662
11666
11668
11673
11676
11681
11687
11691
11693
11696
11698
11702
11707
11710
11711
11714
11717
11723
11724
11727
11732
11738
11746
11748
11749
11753
11759
11761
11764
11767
11768
11772
11774
11776
11778
11781
11782
11786
11787
11792
11797
11801
11802
11806
11811
11813
11816
11818
11821
11825
11830
11834
11837
11847
11850
11852
11855
11856
11858
11862
11869
11870
11872
11874
11876
11880
11881
11882
11886
11891
11892
11894
11895
11897
11898
11900
11901
11904
11906
11922
11925
11934
11938
11942
11944
11946
11948
11951
11954
11957
11958
11962
11963
11964
11969
11974
11975
11976
11979
11984
11985
11989
11991
11993
11996
11998
12001
12003
12012
12013
12016
12017
12018
12022
12024
12030
12032
12038
12039
12042
12043
12044
12048
12049
12052
12053
12056
12060
12061
12063
12076
12079
12081
12083
12086
12088
12090
12092
12095
12099
12101
12105
12110
12112
12113
12115
12118
12120
12121
12123
12125
12129
12136
12141
12146
12147
12149
12152
12154
12155
12159
12160
12161
12167
12174
12175
12178
12180
12181
12185
12187
12188
12191
12193
12194
12198
12199
12200
12202
12208
12213
12216
12222
12224
12232
12234
12239
12244
12249
12255
12261
12268
12273
12289
12295
12305
12320
12327
12344
12352
12367
12380
12381
12383
12390
12393
12399
12404
12409
12412
12416
12419
12423
12426
12427
12428
12430
12434
12437
12440
12444
12449
12453
12455
12457
12461
12465
12466
12468
12470
12474
12476
12479
12481
12483
12486
12490
12491
12494
12497
12501
12504
12512
12513
12516
12520
12521
12524
12525
12526
12530
12532
12533
12536
12537
12538
12539
12543
12545
12553
12555
12563
12564
12568
12574
12578
12585
12591
12595
12596
12601
12608
12610
12611
12613
12614
12618
12620
12623
12628
12630
12633
12634
12636
12640
12642
12643
12644
12649
12651
12653
12655
12658
12660
12663
12665
12666
12667
12669
12675
12677
12680
12681
12686
12696
12703
12704
12705
12707
12712
12713
12715
12718
12720
12721
12727
12729
12731
12735
12736
12740
12752
12756
12762
12765
12770
12771
12774
12778
12780
12781
12785
12787
12788
12789
12792
12794
12796
12798
12799
12801
12803
12808
12810
12811
12815
12816
12818
12821
12825
12828
12830
12831
12834
12836
12838
12841
12844
12847
12849
12851
12855
12857
12862
12865
12866
12868
12870
12874
12876
12880
12882
12884
12886
12888
12891
12894
12896
12901
12903
12908
12911
12912
12915
12916
12920
12921
12928
12931
12940
12942
12946
12952
12957
12961
12966
12967
12973
12976
12977
12985
12988
12989
12998
13000
13001
13006
13007
13008
13015
13016
13020
13025
13030
13032
13037
13039
13042
13046
13048
13052
13055
13057
13059
13060
13064
13065
13067
13068
13070
13072
13073
13074
13077
13078
13080
13083
13086
13087
13096
13104
13109
13113
13114
13115
13116
13118
13119
13120
13121
13123
13124
13127
13128
13130
13132
13134
13136
13137
13139
13141
13142
13144
13147
13149
13151
13153
13155
13156
13158
13160
13162
13163
13165
13167
13168
13170
13171
13173
13175
13176
13177
13178
13180
13181
13183
13184
13190
13191
13194
13196
13197
13200
13201
13205
13208
13209
13211
13213
13215
13217
13220
13221
13223
13225
13229
13232
13233
13234
13235
13236
13238
13240
13241
13244
13249
13252
13254
13255
13256
13257
13259
13260
13261
13262
13263
13266
13267
13269
13271
13277
13278
13281
13284
13286
13287
13290
13294
13295
13298
13300
13302
13303
13311
13313
13316
13317
13319
13320
13321
13326
13328
13334
13336
13339
13340
13342
13344
13348
13351
13353
13355
13359
13361
13362
13366
13368
13369
13373
13380
13385
13388
13390
13392
13393
13395
13397
13401
13407
13409
13416
13418
13420
13421
13426
13429
13430
13434
13435
13436
13438
13441
13443
13446
13447
13451
13452
13453
13454
13457
13458
13461
13465
13468
13470
13471
13472
13475
13476
13480
13484
13485
13488
13494
13495
13496
13500
13501
13505
13506
13514
13517
13518
13519
13527
13528
13529
13534
13535
13541
13542
13544
13545
13548
13549
13552
13553
13558
13561
13562
13564
13567
13569
13572
13574
13575
13579
13581
13583
13584
13586
13588
13590
13592
13595
13597
13600
13601
13602
13604
13605
13607
13608
13609
13610
13612
13615
13621
13622
13626
13628
13637
13639
13646
13647
13648
13656
13657
13658
13664
13666
13667
13673
13674
13678
13679
13687
13708
13710
13711
13713
13714
13715
13717
13718
13720
13721
13722
13724
13726
13727
13728
13730
13732
13733
13735
13737
13740
13741
13743
13747
13748
13749
13754
13755
13759
13760
13762
13763
13766
13767
13769
13770
13771
13773
13774
13775
13776
13777
13781
13782
13783
13785
13786
13787
13788
13791
13795
13796
13798
13800
13801
13804
13806
13808
13810
13815
13818
13820
13824
13827
13833
13835
13837
13838
13840
13843
13844
13852
13854
13856
13859
13865
13867
13871
13872
13873
13874
13877
13882
13884
13887
13890
13892
13894
13898
13900
13905
13907
13909
13910
13912
13913
13914
13915
13920
13922
13923
13925
13927
13928
13930
13933
13935
13936
13942
13944
13945
13950
13951
13952
13954
13955
13956
13958
13962
13964
13966
13967
13969
13971
13972
13973
13974
13978
13987
13996
14004
14005
14009
14014
14018
14021
14026
14031
14037
14043
14047
14049
14062
14064
14065
14067
14068
14073
14076
14080
14081
14087
14095
14097
14098
14099
14107
14111
14121
14122
14125
14126
14130
14137
14139
14142
14145
14147
14150
14153
14155
14159
14162
14163
14164
14165
14168
14169
14171
14175
14180
14183
14184
14185
14190
14191
14192
14195
14199
14201
14205
14208
14215
14217
14218
14219
14223
14224
14228
14233
14234
14236
14237
14239
14242
14243
14248
14254
14257
14259
14264
14265
14271
14274
14276
14278
14281
14284
14285
14287
14291
14293
14295
14300
14301
14305
14306
14309
14310
14313
14314
14315
14322
14324
14325
14326
14332
14333
14334
14335
14336
14340
14341
14343
14347
14351
14354
14355
14357
14360
14364
14367
14368
14371
14373
14374
14375
14376
14377
14378
14381
14382
14384
14387
14389
14390
14391
14394
14395
14399
14403
14404
14405
14407
14411
14412
14415
14419
14420
14421
14423
14424
14428
14429
14431
14435
14437
14441
14442
14445
14446
14448
14451
14455
14457
14459
14461
14465
14466
14468
14469
14474
14475
14476
14477
14481
14492
14494
14496
14497
14500
14501
14505
14506
14507
14508
14509
14510
14513
14515
14516
14521
14523
14524
14526
14530
14538
14540
14542
14543
14544
14546
14547
14552
14555
14556
14558
14560
14561
14563
14566
14569
14573
14574
14576
14577
14581
14583
14587
14588
14595
14597
14599
14601
14602
14606
14609
14611
14614
14615
14619
14623
14624
14626
14630
14631
14633
14634
14636
14638
14643
14647
14649
14651
14653
14655
14656
14657
14659
14661
14665
14667
14669
14672
14674
14675
14681
14686
14688
14689
14692
14693
14697
14699
14702
14707
14710
14712
14715
14721
14722
14724
14730
14737
14746
14749
14752
14758
14760
14762
14767
14769
14770
14772
14777
14778
14779
14785
14786
14788
14794
14796
14797
14798
14799
14801
14804
14806
14808
14812
14814
14816
14820
14823
14825
14828
14830
14832
14836
14838
14840
14843
14845
14846
14850
14854
14855
14859
14860
14864
14868
14872
14873
14878
14881
14883
14884
14887
14894
14895
14896
14903
14904
14905
14906
14910
14911
14914
14918
14920
14924
14927
14928
14930
14933
14934
14938
14939
14943
14947
14949
14950
14953
14956
14960
14963
14967
14970
14974
14976
14980
14982
14983
14986
14987
14991
14996
14998
15001
15006
15010
15012
15013
15015
15017
15018
15019
15020
15022
15024
15025
15026
15028
15029
15030
15031
15032
15035
15037
15039
15040
15042
15043
15044
15045
15046
15049
15052
15054
15058
15063
15065
15066
15067
15068
15071
15074
15076
15079
15082
15086
15087
15088
15092
15096
15098
15101
15102
15103
15104
15105
15106
15108
15110
15114
15116
15119
15120
15122
15123
15124
15129
15132
15137
15139
15141
15144
15146
15147
15149
15150
15153
15155
15157
15158
15160
15163
15165
15166
15173
15175
15178
15184
15187
15190
15197
15198
15201
15204
15206
15210
15212
15214
15215
15216
15225
15227
15229
15230
15234
15236
15238
15240
15244
15246
15250
15251
15252
15253
15254
15255
15260
15262
15263
15266
15273
15275
15285
15293
15294
15303
15310
15311
15321
15323
15325
15326
15328
15332
15333
15335
15336
15339
15341
15342
15343
15344
15347
15350
15351
15353
15355
15357
15358
15359
15361
15362
15364
15367
15369
15370
15374
15375
15376
15377
15379
15380
15382
15384
15386
15389
15391
15392
15394
15396
15397
15398
15400
15401
15403
15404
15406
15407
15410
15413
15415
15419
15425
15426
15427
15431
15435
15440
15443
15444
15448
15451
15453
15457
15459
15460
15462
15465
15466
15469
15472
15475
15476
15479
15486
15489
15490
15492
15495
15497
15498
15501
15502
15507
15508
15510
15513
15514
15517
15518
15521
15522
15525
15526
15529
15530
15536
15539
15540
15542
15544
15549
15550
15551
15554
15557
15560
15564
15565
15566
15568
15570
15571
15572
15575
15577
15578
15581
15583
15584
15587
15590
15592
15593
15595
15598
15599
15600
15601
15603
15604
15605
15610
15611
15614
15616
15621
15628
15632
15633
15636
15637
15644
15645
15646
15661
15662
15666
15670
15675
15677
15681
15690
15692
15694
15696
15698
15700
15703
15705
15706
15708
15721
15723
15725
15728
15729
15733
15737
15742
15746
15747
15748
15753
15755
15758
15760
15761
15764
15766
15769
15770
15771
15777
15778
15784
15786
15788
15789
15790
15796
15800
15801
15806
15807
15813
15815
15816
15822
15823
15824
15829
15831
15832
15840
15844
15845
15846
15848
15849
15851
15854
15855
15863
15868
15872
15873
15877
15879
15880
15886
15887
15890
15892
15894
15895
15897
15898
15900
15901
15903
15905
15906
15907
15909
15910
15911
15912
15914
15916
15918
15919
15921
15923
15924
15928
15933
15938
15940
15941
15944
15949
15951
15953
15954
15955
15956
15960
15961
15968
15969
15972
15976
15977
15982
15985
15991
15994
16001
16003
16005
16010
16012
16017
16019
16023
16028
16030
16033
16044
16046
16051
16056
16057
16067
16068
16074
16076
16077
16086
16087
16092
16093
16094
16103
16105
16106
16107
16115
16117
16121
16122
16123
16124
16125
16127
16130
16133
16134
16135
16137
16141
16143
16144
16148
16150
16151
16156
16158
16162
16164
16165
16170
16172
16173
16179
16181
16182
16183
16185
16186
16188
16189
16197
16200
16203
16209
16215
16229
16235
16241
16242
16246
16247
16250
16253
16255
16257
16260
16264
16266
16269
16270
16271
16274
16277
16281
16287
16289
16293
16296
16299
16301
16302
16304
16306
16309
16312
16315
16320
16323
16328
16330
16331
16336
16337
16339
16340
16343
16344
16346
16350
16353
16354
16355
16357
16358
16360
16364
16365
16367
16371
16374
16375
16381
16383
16384
16387
16388
16390
16392
16394
16395
16397
16399
16401
16402
16405
16408
16410
16415
16417
16422
16424
16427
16428
16430
16432
16435
16438
16439
16442
16446
16448
16450
16452
16454
16457
16458
16460
16461
16464
16469
16470
16472
16475
16476
16477
16479
16480
16484
16485
16488
16489
16492
16493
16496
16498
16500
16503
16504
16510
16513
16516
16517
16520
16523
16524
16525
16526
16528
16529
16535
16536
16538
16544
16548
16549
16552
16556
16558
16560
16563
16564
16565
16567
16569
16572
16574
16575
16577
16578
16580
16583
16584
16586
16588
16592
16597
16598
16600
16602
16603
16604
16606
16608
16611
16612
16614
16615
16617
16620
16622
16626
16629
16630
16632
16633
16635
16637
16639
16640
16644
16646
16647
16648
16650
16651
16653
16657
16659
16662
16666
16668
16669
16674
16676
16677
16679
16682
16684
16687
16689
16692
16695
16697
16698
16699
16700
16702
16703
16704
16710
16711
16712
16713
16714
16717
16718
16724
16725
16728
16731
16732
16734
16737
16739
16742
16743
16748
16750
16753
16756
16757
16761
16765
16766
16768
16771
16773
16774
16776
16780
16783
16784
16787
16791
16792
16793
16802
16803
16808
16809
16817
16818
16823
16824
16827
16830
16831
16833
16835
16836
16837
16838
16841
16842
16844
16847
16849
16851
16853
16855
16859
16861
16863
16865
16866
16867
16868
16875
16876
16883
16885
16888
16889
16895
16897
16899
16900
16903
16906
16912
16914
16918
16919
16922
16924
16928
16930
16932
16935
16937
16943
16945
16947
16949
16953
16955
16957
16958
16959
16966
16968
16969
16970
16971
16972
16977
16980
16983
16988
16991
16996
17002
17008
17011
17016
17018
17020
17022
17023
17029
17031
17032
17035
17037
17038
17039
17041
17043
17044
17045
17046
17048
17050
17051
17053
17056
17058
17060
17062
17065
17067
17069
17071
17073
17074
17077
17080
17082
17084
17087
17088
17089
17093
17099
17102
17103
17107
17109
17111
17114
17118
17119
17120
17121
17125
17127
17129
17135
17137
17139
17141
17143
17148
17150
17153
17157
17158
17159
17163
17166
17169
17171
17173
17174
17177
17179
17181
17183
17184
17186
17189
17191
17194
17195
17198
17200
17201
17202
17206
17208
17209
17210
17213
17214
17217
17220
17222
17224
17228
17229
17230
17236
17237
17240
17243
17245
17246
17247
17248
17251
17254
17256
17257
17259
17261
17262
17265
17266
17268
17270
17273
17275
17277
17278
17279
17282
17284
17285
17286
17290
17293
17295
17300
17302
17303
17306
17308
17310
17311
17313
17315
17318
17320
17321
17324
17326
17329
17330
17332
17333
17334
17336
17339
17340
17343
17346
17349
17352
17354
17356
17358
17359
17360
17363
17364
17365
17367
17368
17369
17370
17372
17374
17375
17377
17381
17383
17384
17389
17391
17396
17398
17401
17406
17407
17409
17413
17419
17420
17421
17423
17426
17428
17429
17431
17436
17438
17439
17440
17443
17445
17446
17451
17453
17454
17456
17458
17462
17464
17466
17468
17470
17472
17474
17476
17479
17480
17481
17483
17485
17489
17491
17492
17540
17544
17546
17547
17551
17553
17557
17559
17560
17564
17565
17570
17571
17575
17577
17578
17581
17583
17587
17588
17592
17594
17596
17597
17601
17606
17613
17617
17620
17621
17623
17626
17628
17631
17634
17636
17637
17638
17640
17642
17645
17648
17651
17653
17655
17659
17662
17664
17666
17668
17671
17673
17676
17678
17685
17688
17691
17693
17699
17703
17707
17711
17714
17719
17724
17729
17736
17738
17746
17748
17751
17754
17756
17757
17761
17767
17769
17771
17774
17776
17779
17784
17787
17789
17792
17796
17798
17800
17804
17809
17814
17815
17821
17823
17824
17826
17827
17830
17833
17835
17836
17837
17839
17840
17844
17845
17846
17849
17851
17854
17861
17864
17865
17867
17868
17870
17871
17875
17877
17880
17881
17920
17921
17922
17924
17926
17927
17928
17933
17936
17937
17940
17942
17943
17948
17951
17953
17956
17958
17959
17966
17967
17968
17970
17972
17975
17977
17980
17983
17986
17988
17990
17993
17995
17996
17998
18000
18003
18006
18008
18009
18011
18014
18017
18023
18025
18028
18031
18033
18035
18038
18043
18046
18047
18050
18055
18059
18062
18067
18070
18073
18076
18079
18088
18093
18100
18103
18112
18123
18131
18141
18148
18154
18157
18158
18164
18169
18174
18176
18177
18183
18187
18189
18194
18196
18207
18221
18222
18224
18227
18228
18230
18232
18234
18235
18236
18240
18241
18242
18246
18248
18250
18251
18255
18257
18260
18262
18264
18266
18267
18270
18272
18276
18277
18279
18280
18283
18284
18285
18286
18289
18290
18293
18295
18300
18302
18305
18307
18310
18311
18314
18316
18318
18323
18325
18330
18331
18333
18336
18337
18340
18343
18345
18350
18353
18354
18355
18358
18360
18361
18362
18363
18364
18366
18367
18369
18370
18371
18373
18374
18375
18376
18377
18379
18380
18382
18384
18386
18387
18389
18391
18392
18394
18395
18396
18397
18398
18400
18402
18403
18405
18406
18408
18409
18412
18413
18414
18415
18417
18419
18420
18421
18423
18425
18427
18429
18432
18434
18435
18436
18438
18439
18441
18443
18444
18445
18446
18448
18449
18450
18451
18452
18454
18456
18457
18461
18462
18463
18464
18465
18466
18468
18469
18471
18472
18473
18475
18478
18479
18480
18482
18484
18485
18486
18490
18493
18497
18499
18501
18503
18506
18507
18511
18516
18517
18520
18521
18525
18526
18528
18529
18531
18533
18537
18538
18542
18544
18545
18548
18554
18562
18570
18578
18580
18588
18598
18607
18608
18610
18613
18620
18627
18629
18632
18633
18638
18639
18642
18648
18651
18654
18658
18668
18673
18676
18679
18689
18694
18696
18697
18701
18706
18709
18711
18713
18715
18717
18720
18722
18724
18725
18727
18729
18730
18733
18736
18738
18740
18742
18747
18748
18752
18754
18755
18757
18759
18761
18762
18764
18767
18769
18770
18772
18774
18775
18776
18778
18781
18783
18784
18788
18791
18793
18795
18796
18798
18801
18803
18819
18848
18859
18866
18867
18874
18878
18882
18887
18889
18891
18895
18897
18903
18905
18907
18913
18915
18917
18918
18923
18925
18927
18932
18933
18934
18935
18938
18940
18941
18944
18946
18949
18952
18954
18955
18956
18959
18960
18962
18965
18967
18972
18974
18978
18981
18982
18983
18985
18986
18988
18992
18994
18996
18999
19001
19003
19006
19008
19009
19011
19015
19018
19020
19024
19026
19030
19067
19074
19083
19084
19085
19086
19087
19089
19090
19093
19094
19096
19097
19101
19102
19104
19107
19109
19113
19117
19120
19122
19124
19127
19130
19133
19139
19141
19143
19145
19147
19148
19150
19154
19156
19158
19160
19163
19166
19169
19172
19173
19175
19177
19180
19184
19186
19188
19191
19196
19199
19201
19202
19204
19207
19210
19212
19213
19220
19246
19247
19250
19315
19316
19317
19320
19322
19323
19326
19329
19330
19333
19335
19336
19338
19341
19344
19346
19348
19349
19353
19356
19361
19363
19366
19370
19373
19374
19377
19379
19380
19381
19391
19399
19402
19403
19407
19408
19410
19420
19422
19425
19426
19430
19431
19434
19437
19439
19446
19447
19449
19456
19458
19462
19463
19464
19465
19467
19470
19473
19475
19478
19480
19482
19484
19487
19488
19490
19491
19496
19497
19517
19518
19522
19525
19526
19531
19533
19535
19539
19541
19542
19543
19545
19553
19555
19558
19559
19563
19565
19568
19570
19574
19580
19582
19583
19584
19585
19586
19587
19589
19594
19596
19599
19601
19603
19605
19607
19610
19613
19615
19618
19619
19622
19625
19628
19629
19630
19633
19636
19640
19644
19647
19651
19661
19667
19670
19673
19678
19680
19681
19683
19684
19687
19689
19690
19693
19694
19696
19698
19700
19712
19715
19718
19722
19724
19725
19726
19730
19734
19740
19741
19742
19744
19745
19747
19748
19750
19752
19753
19758
19760
19762
19764
19767
19771
19776
19780
19781
19783
19784
19785
19787
19788
19790
19791
19793
19798
19799
19803
19805
19808
19809
19810
19811
19812
19813
19817
19818
19820
19822
19824
19826
19828
19830
19831
19833
19835
19836
19838
19840
19842
19847
19849
19851
19853
19854
19855
19857
19858
19860
19862
19865
19866
19868
19870
19872
19873
19874
19875
19877
19879
19883
19884
19885
19889
19890
19891
19893
19894
19898
19900
19901
19902
19903
19904
19907
19908
19909
19911
19912
19915
19916
19917
19918
19919
19923
19924
19927
19929
19930
19931
19934
19935
19937
19938
19943
19948
19953
19957
19958
19962
19965
19968
19971
19974
19978
19982
19985
19988
19989
19990
19992
19995
19998
20005
20008
20010
20014
20015
20019
20023
20028
20032
20036
20038
20042
20045
20049
20051
20055
20057
20062
20063
20065
20067
20069
20070
20072
20074
20076
20079
20081
20091
20093
20095
20097
20098
20101
20103
20106
20108
20110
20112
20114
20123
20126
20127
20129
20131
20132
20137
20138
20139
20143
20146
20147
20149
20150
20153
20156
20158
20161
20165
20166
20167
20168
20175
20177
20181
20184
20186
20189
20190
20192
20193
20196
20214
20222
20230
20232
20234
20235
20237
20239
20242
20244
20246
20248
20249
20251
20255
20257
20258
20262
20264
20266
20268
20271
20276
20277
20280
20284
20287
20289
20291
20293
20296
20298
20301
20304
20308
20311
20314
20320
20323
20325
20329
20331
20336
20341
20346
20352
20355
20359
20365
20369
20372
20375
20378
20380
20384
20387
20392
20395
20398
20400
20402
20404
20405
20407
20411
20413
20417
20418
20419
20421
20422
20423
20424
20425
20426
20428
20429
20431
20435
20437
20438
20448
20449
20453
20455
20456
20460
20465
20466
20468
20471
20475
20478
20487
20501
20507
20510
20511
20512
20525
20526
20528
20532
20541
20549
20557
20568
20579
20589
20606
20607
20608
20609
20611
20612
20614
20615
20617
20618
20620
20622
20623
20625
20627
20629
20630
20632
20651
20652
20653
20655
20656
20661
20663
20664
20667
20670
20671
20672
20675
20676
20678
20679
20682
20684
20688
20690
20691
20693
20696
20698
20700
20703
20706
20707
20708
20709
20710
20711
20712
20714
20715
20717
20718
20719
20720
20723
20725
20727
20729
20730
20731
20732
20734
20735
20737
20738
20739
20740
20741
20742
20744
20745
20746
20747
20749
20750
20752
20754
20756
20759
20761
20765
20767
20769
20771
20775
20777
20782
20784
20785
20794
20796
20797
20799
20802
20803
20805
20807
20811
20813
20814
20815
20820
20823
20824
20830
20832
20833
20836
20838
20840
20841
20844
20845
20847
20849
20852
20853
20858
20860
20862
20865
20867
20868
20873
20874
20875
20879
20886
20888
20889
20892
20895
20897
20899
20900
20903
20908
20910
20912
20913
20914
20916
20918
20920
20921
20923
20924
20925
20926
20927
20928
20929
20930
20931
20932
20934
20936
20937
20938
20939
20941
20942
20945
20947
20948
20950
20953
20955
20957
20961
20962
20963
20970
20973
20975
20978
20980
20984
20986
20994
20996
20998
20999
21003
21004
21005
21007
21008
21013
21015
21016
21021
21022
21025
21030
21031
21034
21039
21040
21049
21050
21054
21065
21073
21078
21085
21096
21100
21129
21130
21136
21140
21141
21145
21150
21151
21154
21157
21161
21163
21165
21166
21169
21173
21178
21180
21182
21183
21184
21186
21188
21191
21192
21194
21196
21197
21199
21201
21206
21207
21211
21214
21215
21216
21217
21218
21219
21220
21221
21222
21223
21225
21226
21228
21230
21232
21234
21237
21238
21239
21241
21242
21243
21244
21245
21247
21248
21250
21251
21252
21253
21255
21257
21259
21260
21262
21264
21266
21269
21271
21274
21276
21282
21283
21285
21289
21290
21292
21294
21296
21299
21300
21307
21311
21312
21315
21317
21318
21324
21325
21331
21334
21336
21342
21344
21347
21353
21355
21357
21359
21361
21365
21372
21374
21376
21377
21379
21385
21387
21389
21394
21396
21398
21400
21405
21412
21414
21416
21420
21422
21429
21431
21433
21438
21442
21446
21449
21452
21454
21456
21457
21461
21462
21464
21467
21468
21469
21470
21472
21474
21475
21478
21480
21484
21485
21486
21491
21494
21497
21499
21501
21505
21507
21509
21511
21515
21517
21519
21522
21524
21527
21529
21541
21545
21553
21570
21572
21574
21575
21577
21578
21580
21583
21585
21588
21592
21593
21595
21596
21597
21598
21600
21601
21604
21606
21608
21611
21612
21614
21615
21616
21618
21620
21622
21629
21630
21633
21636
21641
21643
21645
21649
21651
21653
21654
21655
21656
21658
21661
21663
21667
21669
21672
21675
21677
21679
21682
21683
21687
21691
21696
21697
21699
21701
21704
21709
21712
21714
21715
21716
21718
21722
21725
21727
21728
21730
21733
21734
21735
21739
21740
21742
21744
21747
21748
21750
21752
21753
21754
21774
21784
21788
21792
21793
21797
21800
21804
21806
21808
21809
21813
21814
21819
21821
21825
21826
21834
21839
21840
21847
21849
21850
21852
21854
21857
21862
21864
21866
21867
21868
21872
21875
21878
21880
21882
21883
21886
21889
21893
21896
21898
21901
21903
21908
21913
21917
21919
21922
21925
21927
21929
21932
21935
21937
21940
21941
21946
21948
21949
21952
21954
21956
21957
21959
21960
21962
21963
21965
21967
21969
21971
21975
21979
21983
21986
21988
21991
21994
21996
22000
22002
22004
22005
22006
22007
22009
22015
22016
22018
22020
22021
22022
22024
22025
22028
22029
22031
22033
22034
22035
22037
22038
22039
22042
22044
22046
22047
22048
22049
22050
22052
22053
22055
22057
22093
22094
22132
22134
22136
22141
22144
22145
22148
22151
22153
22157
22160
22162
22165
22166
22171
22173
22176
22179
22181
22214
22217
22220
22223
22224
22225
22226
22229
22230
22232
22235
22237
22240
22243
22245
22248
22249
22252
22254
22256
22259
22260
22263
22264
22266
22267
22269
22270
22271
22274
22275
22278
22281
22284
22286
22287
22290
22293
22294
22296
22297
22298
22301
22303
22306
22308
22310
22312
22314
22316
22318
22321
22323
22326
22329
22331
22334
22335
22338
22340
22341
22345
22348
22350
22352
22355
22357
22358
22359
22360
22364
22366
22367
22368
22371
22372
22373
22376
22377
22380
22381
22383
22385
22388
22390
22394
22397
22398
22417
22419
22420
22421
22427
22428
22434
22435
22436
22438
22440
22448
22451
22452
22454
22455
22460
22461
22462
22466
22468
22469
22472
22473
22475
22476
22479
22482
22484
22488
22489
22491
22493
22494
22495
22499
22500
22503
22504
22507
22509
22511
22512
22515
22517
22561
22563
22565
22567
22569
22571
22573
22579
22584
22586
22588
22590
22591
22593
22596
22598
22600
22602
22604
22610
22617
22618
22621
22623
22625
22626
22629
22630
22632
22633
22638
22639
22642
22645
22646
22650
22652
22654
22658
22661
22664
22665
22666
22668
22670
22672
22675
22676
22678
22679
22681
22683
22684
22685
22693
22695
22696
22699
22701
22703
22706
22708
22717
22719
22721
22722
22725
22726
22728
22731
22739
22741
22742
22744
22745
22746
22747
22750
22753
22754
22756
22760
22763
22764
22766
22768
22769
22772
22773
22775
22777
22778
22780
22783
22784
22785
22787
22789
22791
22793
22795
22796
22799
22801
22802
22806
22808
22833
22835
22837
22841
22844
22846
22849
22851
22853
22855
22857
22858
22859
22864
22865
22867
22874
22875
22876
22881
22883
22885
22890
22891
22897
22907
22916
22925
22941
22942
22945
22949
22957
22961
22965
22970
22973
22974
22978
22983
23034
23037
23039
23055
23063
23068
23072
23079
23080
23081
23084
23093
23094
23099
23101
23103
23106
23122
23123
23125
23126
23129
23131
23132
23134
23135
23138
23140
23141
23142
23143
23146
23147
23148
23149
23151
23152
23154
23156
23157
23159
23162
23164
23165
23166
23167
23173
23175
23179
23183
23185
23186
23187
23189
23191
23193
23194
23197
23202
23207
23211
23212
23213
23215
23216
23217
23219
23220
23224
23225
23226
23230
23231
23234
23236
23237
23239
23248
23251
23253
23256
23258
23259
23260
23262
23265
23267
23269
23271
23273
23274
23276
23279
23282
23283
23286
23287
23289
23292
23296
23298
23300
23303
23307
23309
23311
23314
23317
23324
23325
23328
23329
23332
23333
23341
23342
23346
23352
23355
23358
23369
23373
23383
23384
23389
23398
23399
23404
23405
23413
23415
23417
23420
23421
23424
23427
23430
23433
23441
23443
23446
23450
23452
23453
23454
23455
23457
23466
23468
23469
23474
23476
23477
23479
23482
23483
23486
23488
23489
23492
23494
23496
23497
23499
23503
23505
23506
23508
23513
23515
23516
23521
23522
23523
23525
23526
23529
23532
23535
23538
23541
23544
23545
23548
23549
23550
23551
23552
23553
23554
23555
23556
23558
23559
23561
23562
23563
23565
23567
23568
23569
23571
23572
23573
23575
23576
23578
23579
23580
23582
23583
23585
23587
23588
23590
23591
23592
23594
23596
23597
23598
23599
23601
23602
23604
23606
23607
23608
23609
23612
23615
23617
23618
23621
23622
23623
23624
23625
23627
23629
23630
23632
23634
23635
23636
23638
23640
23641
23642
23643
23645
23646
23648
23650
23652
23653
23654
23656
23657
23658
23661
23662
23663
23664
23667
23668
23669
23672
23673
23674
23675
23677
23679
23682
23684
23689
23691
23692
23696
23697
23700
23704
23705
23706
23717
23718
23719
23724
23725
23726
23727
23730
23731
23732
23733
23734
23735
23736
23737
23739
23741
23744
23747
23749
23750
23752
23754
23756
23760
23763
23764
23769
23770
23771
23772
23775
23779
23780
23788
23790
23791
23794
23796
23801
23808
23809
23810
23819
23821
23823
23826
23828
23830
23831
23833
23836
23838
23839
23840
23842
23845
23847
23848
23852
23853
23855
23858
23862
23864
23867
23872
23873
23874
23876
23880
23883
23887
23890
23893
23894
23896
23902
23903
23906
23911
23915
23917
23922
23923
23928
23931
23932
23936
23937
23939
23940
23941
23943
23946
23950
23953
23955
23957
23961
23965
23968
23971
23974
23978
23980
23982
23987
23989
23990
23991
24029
24039
24040
24046
24050
24051
24052
24057
24063
24069
24074
24088
24089
24090
24096
24098
24104
24106
24108
24112
24120
24122
24125
24129
24130
24142
24160
24162
24164
24170
24181
24182
24183
24184
24185
24194
24195
24196
24200
24202
24203
24207
24210
24212
24216
24218
24220
24222
24224
24225
24231
24233
24235
24236
24237
24238
24239
24241
24242
24245
24247
24249
24251
24252
24253
24257
24260
24262
24265
24267
24271
24272
24282
24293
24296
24297
24299
24300
24301
24302
24303
24305
24306
24313
24315
24317
24319
24321
24323
24326
24329
24332
24335
24339
24342
24347
24350
24353
24360
24361
24364
24365
24369
24373
24377
24378
24380
24381
24382
24386
24388
24390
24392
24393
24396
24400
24402
24403
24407
24408
24410
24412
24413
24417
24420
24422
24430
24431
24435
24439
24441
24442
24446
24448
24451
24452
24457
24459
24460
24463
24466
24467
24473
24476
24478
24479
24480
24483
24485
24487
24488
24489
24492
24496
24499
24500
24502
24503
24505
24508
24509
24515
24516
24528
24530
24532
24585
24589
24594
24599
24600
24608
24610
24618
24635
24638
24647
24648
24650
24653
24654
24656
24658
24664
24667
24671
24672
24674
24675
24677
24680
24683
24685
24688
24691
24693
24695
24697
24699
24701
24703
24704
24706
24710
24713
24715
24717
24720
24724
24727
24728
24730
24734
24738
24739
24741
24742
24743
24745
24748
24752
24755
24756
24757
24758
24760
24761
24763
24765
24766
24767
24771
24773
24776
24778
24781
24783
24785
24788
24790
24791
24792
24793
24795
24801
24802
24803
24804
24805
24806
24810
24811
24814
24819
24820
24822
24823
24827
24830
24832
24834
24836
24839
24842
24851
24853
24855
24856
24859
24860
24863
24869
24874
24876
24879
24881
24883
24885
24886
24887
24889
24892
24894
24897
24899
24900
24901
24903
24905
24906
24909
24911
24915
24917
24919
24920
24921
24923
24925
24926
24929
24931
24934
24935
24937
24939
24940
24941
24944
24945
24946
24973
24975
24986
24997
25001
25002
25003
25004
25006
25009
25011
25013
25014
25015
25017
25020
25022
25030
25031
25033
25035
25038
25044
25046
25047
25048
25050
25054
25081
25082
25093
25123
25125
25129
25131
25134
25137
25142
25143
25144
25148
25154
25155
25161
25164
25165
25166
25172
25173
25176
25181
25184
25189
25190
25191
25192
25196
25199
25202
25221
25228
25237
25252
25255
25258
25261
25262
25263
25265
25269
25272
25277
25280
25285
25286
25304
25305
25306
25310
25312
25316
25317
25319
25323
25325
25327
25329
25333
25337
25339
25344
25348
25353
25354
25356
25360
25364
25365
25369
25375
25383
25385
25386
25389
25393
25394
25398
25401
25403
25405
25409
25410
25412
25414
25415
25420
25421
25422
25423
25424
25427
25428
25435
25437
25439
25441
25443
25444
25448
25450
25453
25454
25455
25457
25459
25460
25462
25463
25465
25467
25468
25470
25471
25477
25479
25482
25484
25490
25492
25494
25495
25496
25500
25502
25504
25507
25508
25510
25513
25514
25519
25521
25524
25525
25528
25529
25532
25534
25538
25539
25542
25545
25546
25558
25566
25570
25578
25582
25622
25624
25626
25629
25634
25636
25639
25640
25645
25647
25659
25665
25668
25669
25676
25679
25681
25685
25693
25695
25699
25700
25701
25703
25706
25707
25708
25709
25712
25714
25715
25716
25719
25720
25721
25723
25724
25725
25728
25729
25731
25732
25733
25735
25738
25740
25741
25742
25743
25744
25745
25746
25748
25750
25751
25753
25754
25757
25759
25761
25762
25763
25765
25766
25767
25769
25771
25772
25774
25776
25778
25779
25780
25782
25783
25785
25786
25787
25789
25791
25792
25793
25795
25796
25798
25799
25801
25802
25817
25822
25826
25827
25830
25832
25833
25836
25838
25840
25844
25846
25858
25861
25865
25867
25869
25870
25871
25881
25883
25884
25885
25887
25890
25898
25899
25902
25904
25909
25910
25915
25916
25918
25920
25921
25925
25926
25930
25931
25935
25937
25940
25941
25945
25946
25948
25954
25955
25958
25961
25962
25966
25969
25970
25977
25981
25985
25990
26002
26013
26019
26023
26025
26034
26049
26051
26054
26055
26056
26057
26059
26082
26083
26087
26091
26095
26096
26098
26109
26111
26115
26120
26121
26123
26126
26127
26130
26133
26135
26137
26138
26139
26143
26146
26148
26150
26153
26155
26156
26159
26163
26165
26169
26170
26172
26173
26175
26176
26181
26184
26185
26187
26188
26191
26193
26194
26196
26198
26199
26202
26205
26207
26211
26230
26234
26237
26239
26242
26244
26249
26251
26253
26256
26263
26266
26268
26270
26272
26274
26277
26279
26284
26285
26288
26290
26293
26297
26298
26301
26303
26305
26311
26316
26318
26320
26322
26324
26328
26329
26331
26333
26336
26339
26343
26345
26348
26351
26353
26354
26357
26358
26361
26364
26366
26367
26369
26372
26374
26375
26376
26379
26389
26393
26395
26397
26400
26402
26405
26407
26408
26409
26411
26412
26414
26415
26417
26418
26419
26421
26423
26425
26427
26429
26431
26432
26433
26436
26437
26439
26441
26443
26444
26445
26448
26449
26459
26467
26490
26494
26499
26503
26506
26508
26512
26514
26516
26518
26521
26522
26533
26534
26602
26603
26604
26606
26607
26610
26611
26612
26613
26618
26620
26622
26624
26626
26629
26632
26635
26638
26639
26641
26644
26647
26649
26651
26654
26656
26658
26659
26664
26666
26668
26669
26670
26671
26672
26674
26675
26676
26679
26680
26682
26685
26688
26691
26695
26698
26701
26704
26706
26707
26708
26711
26713
26716
26718
26719
26721
26722
26723
26724
26725
26728
26729
26730
26732
26733
26735
26738
26739
26740
26742
26744
26746
26747
26749
26750
26751
26754
26756
26759
26760
26761
26762
26764
26766
26767
26768
26771
26772
26774
26775
26777
26780
26783
26784
26786
26787
26793
26795
26797
26799
26800
26804
26806
26807
26809
26814
26816
26818
26819
26820
26821
26822
26823
