0
1
2
3
10
13
14
15
16
17
18
19
20
21
50
71
78
79
80
81
82
83
84
85
86
90
91
101
102
103
111
112
135
136
137
138
139
140
141
142
143
144
145
150
151
152
165
177
186
187
188
189
190
191
192
196
197
198
199
200
209
212
213
214
215
216
265
269
270
297
298
299
300
301
304
307
308
309
321
322
328
338
339
340
341
342
343
344
345
346
347
348
349
350
351
352
366
367
370
371
372
373
374
375
376
377
378
391
392
393
394
395
396
405
406
407
408
409
411
412
413
414
415
423
443
446
447
450
451
452
453
454
455
456
458
459
460
461
462
463
464
465
466
467
468
469
470
471
472
473
474
475
476
480
481
482
483
484
485
486
488
489
490
491
492
493
494
495
496
497
509
510
531
532
533
534
535
536
537
538
539
540
541
542
543
544
556
557
558
559
560
561
562
563
564
573
590
591
592
593
594
595
596
597
598
603
604
618
630
653
654
655
656
670
673
683
684
685
686
687
689
690
705
706
708
709
710
711
712
713
755
756
757
758
759
760
781
782
783
784
786
813
814
815
816
817
818
819
820
821
822
823
824
825
826
834
835
836
837
838
839
840
841
842
843
844
855
856
857
858
859
860
861
878
879
880
881
899
926
927
928
929
930
931
932
933
934
935
941
946
952
953
954
957
958
959
962
970
972
973
974
975
976
977
978
984
985
986
987
988
989
990
996
997
998
999
1000
1001
1002
1007
1008
1009
1010
1011
1012
1013
1014
1020
1021
1022
1029
1030
1031
1032
1033
1034
1035
1040
1047
1048
1049
1050
1051
1052
1053
1054
1058
1059
1060
1061
1067
1068
1074
1075
1076
1078
1085
1086
1094
1095
1096
1097
1098
1099
1100
1101
1102
1103
1104
1105
1106
1107
1130
1142
1143
1144
1145
1146
1147
1148
1149
1150
1167
1177
1179
1180
1181
1182
1183
1184
1192
1193
1195
1214
1215
1216
1217
1218
1219
1220
1221
1222
1223
1224
1234
1235
1249
1250
1251
1252
1253
1261
1272
1273
1274
1275
1276
1277
1278
1279
1286
1295
1296
1297
1298
1299
1300
1301
1309
1310
1320
1321
1330
1331
1332
1333
1334
1335
1336
1337
1338
1339
1340
1341
1342
1343
1344
1345
1346
1347
1348
1373
1374
1375
1376
1377
1378
1379
1380
1381
1382
1383
1384
1385
1386
1403
1404
1405
1406
1407
1408
1409
1415
1417
1418
1456
1457
1458
1459
1460
1467
1468
1472
1499
1500
1501
1502
1503
1504
1505
1506
1507
1513
1534
1535
1536
1537
1553
1557
1558
1560
1574
1587
1588
1589
1590
1591
1592
1593
1594
1595
1596
1597
1598
1599
1600
1601
1602
1608
1609
1610
1611
1612
1613
1614
1617
1636
1637
1638
1639
1640
1641
1642
1643
1644
1645
1646
1647
1648
1649
1654
1655
1656
1657
1658
1659
1660
1686
1692
1693
1694
1695
1696
1697
1698
1699
1709
1710
1711
1713
1715
1716
1721
1722
1723
1724
1748
1753
1754
1755
1764
1765
1766
1769
1770
1771
1772
1773
1774
1775
1778
1779
1780
1781
1782
1783
1784
1791
1792
1793
1794
1795
1796
1797
1798
1799
1800
1801
1802
1803
1804
1805
1806
1807
1808
1809
1814
1815
1816
1817
1818
1819
1820
1821
1822
1839
1840
1841
1842
1843
1844
1845
1846
1847
1848
1849
1850
1851
1852
1880
1881
1909
1910
1911
1912
1913
1938
1939
1940
1941
1943
1944
1945
1946
1952
1953
1954
1979
1980
1981
1982
1991
2014
2015
2016
2017
2018
2019
2020
2021
2022
2023
2024
2025
2026
2036
2037
2038
2039
2040
2041
2055
2056
2057
2058
2059
2060
2061
2062
2063
2064
2065
2066
2077
2095
2096
2097
2132
2133
2134
2135
2136
2137
2138
2139
2140
2141
2142
2143
2144
2145
2146
2158
2159
2160
2170
2171
2188
2192
2193
2196
2197
2198
2199
2200
2207
2220
2221
2222
2223
2224
2225
2237
2238
2239
2240
2241
2242
2243
2244
2248
2268
2269
2270
2271
2272
2282
2283
2284
2299
2300
2301
2302
2303
2304
2305
2307
2316
2320
2323
2324
2326
2327
2352
2353
2354
2355
2356
2357
2358
2359
2360
2376
2377
2378
2379
2380
2396
2397
2404
2405
2406
2407
2408
2424
2425
2457
2473
2474
2475
2476
2477
2478
2479
2480
2481
2483
2484
2485
2508
2511
2512
2514
2515
2530
2531
2532
2533
2534
2535
2536
2537
2538
2539
2540
2541
2542
2543
2544
2551
2552
2553
2554
2567
2574
2575
2576
2577
2578
2579
2580
2581
2582
2583
2589
2590
2591
2597
2599
2622
2623
2624
2625
2626
2627
2628
2629
2630
2631
2632
2639
2640
2641
2642
2643
2657
2733
2744
2745
2746
2747
2748
2749
2750
2755
2756
2757
2758
2759
2760
2761
2762
2763
2764
2765
2766
2767
2768
2769
2770
2771
2772
2773
2774
2775
2776
2777
2778
2779
2780
2781
2782
2783
2784
2785
2786
2787
2788
2789
2790
2791
2792
2793
2807
2808
2809
2810
2811
2821
2822
2823
2830
2836
2837
2838
2839
2840
2841
2842
2854
2855
2858
2860
2861
2862
2863
2864
2878
2879
2881
2882
2883
2884
2885
2893
2895
2902
2903
2904
2905
2924
2925
2926
2927
2930
2931
2932
2933
2954
2955
2987
2988
2989
2990
2991
2992
2993
2994
2995
2997
2998
2999
3001
3013
3014
3015
3016
3017
3018
3019
3020
3021
3022
3023
3046
3047
3048
3049
3050
3051
3052
3058
3059
3061
3077
3078
3079
3080
3081
3082
3086
3088
3089
3090
3091
3092
3093
3094
3095
3096
3097
3111
3112
3132
3133
3134
3135
3136
3137
3138
3139
3140
3164
3165
3166
3167
3168
3171
3172
3173
3174
3175
3176
3177
3178
3179
3180
3181
3182
3183
3198
3199
3200
3201
3202
3203
3204
3205
3206
3207
3208
3209
3210
3211
3212
3219
3220
3221
3222
3223
3224
3232
3233
3278
3279
3291
3292
3306
3307
3308
3309
3313
3323
3324
3332
3337
3338
3339
3345
3346
3347
3348
3349
3350
3351
3356
3357
3358
3359
3360
3365
3366
3367
3368
3369
3370
3371
3372
3373
3374
3375
3376
3377
3378
3379
3380
3381
3382
3383
3384
3385
3386
3387
3388
3391
3392
3393
3394
3395
3396
3397
3398
3403
3404
3405
3406
3407
3408
3409
3410
3411
3412
3413
3414
3415
3416
3426
3432
3433
3434
3435
3445
3446
3447
3448
3449
3450
3469
3470
3471
3473
3474
3475
3476
3477
3483
3484
3487
3488
3504
3508
3510
3511
3512
3517
3518
3519
3520
3521
3522
3523
3524
3525
3526
3527
3528
3529
3530
3531
3532
3533
3580
3581
3582
3583
3584
3585
3586
3587
3588
3600
3601
3602
3603
3631
3632
3633
3634
3635
3636
3642
3643
3644
3645
3646
3647
3648
3659
3832
3833
3834
3835
3836
3850
3863
3864
3865
3866
3867
3888
3889
3898
3899
3900
3901
3921
3922
3938
3939
3940
3941
3954
3962
3963
3964
3975
3996
3997
3998
3999
4000
4001
4002
4003
4004
4005
4006
4007
4008
4009
4010
4011
4012
4013
4014
4015
4041
4042
4043
4044
4045
4046
4047
4048
4049
4058
4059
4060
4061
4064
4077
4078
4079
4080
4081
4082
4083
4084
4085
4086
4087
4088
4093
4094
4095
4096
4097
4098
4108
4122
4123
4124
4125
4158
4159
4160
4161
4162
4163
4164
4165
4166
4167
4168
4169
4170
4171
4183
4184
4185
4186
4187
4188
4189
4190
4191
4192
4203
4214
4215
4216
4217
4218
4219
4220
4221
4222
4223
4224
4229
4230
4231
4232
4233
4234
4235
4236
4237
4238
4239
4240
4263
4278
4279
4283
4284
4285
4286
4287
4288
4289
4290
4291
4292
4293
4294
4302
4303
4304
4305
4306
4307
4308
4309
4310
4333
4352
4353
4354
4355
4356
4357
4358
4359
4360
4361
4362
4368
4369
4370
4371
4372
4373
4374
4379
4380
4381
4403
4404
4405
4406
4407
4408
4409
4410
4411
4412
4413
4417
4418
4419
4420
4421
4422
4423
4424
4425
4426
4427
4428
4429
4430
4431
4432
4433
4434
4435
4436
4437
4438
4439
4440
4441
4443
4444
4445
4446
4447
4448
4449
4450
4451
4452
4453
4454
4455
4456
4457
4458
4459
4460
4461
4462
4463
4479
4480
4481
4482
4483
4484
4487
4488
4489
4490
4491
4505
4511
4512
4513
4514
4516
4517
4518
4570
4571
4583
4584
4585
4586
4587
4588
4589
4590
4591
4598
4630
4631
4632
4633
4634
4635
4636
4637
4638
4639
4640
4641
4642
4643
4644
4692
4693
4694
4695
4696
4697
4698
4699
4700
4704
4705
4706
4718
4721
4722
4723
4724
4725
4726
4727
4728
4750
4751
4752
4753
4754
4763
4766
4767
4768
4769
4770
4771
4781
4796
4814
4815
4816
4817
4818
4819
4820
4821
4822
4823
4824
4825
4826
4827
4828
4829
4830
4831
4832
4836
4837
4838
4839
4840
4841
4842
4843
4844
4845
4846
4847
4848
4849
4850
4851
4852
4853
4854
4855
4856
4857
4858
4859
4860
4861
4862
4863
4864
4877
4881
4882
4883
4884
4886
4887
4888
4889
4890
4891
4892
4900
4901
4902
4903
4904
4905
4906
4907
4908
4909
4910
4911
4927
4928
4929
4930
4931
4932
4933
4934
4935
4936
4938
4939
4941
4942
4943
4953
4973
4974
4975
4976
4977
4982
4983
4984
4985
4986
4988
5036
5046
5047
5048
5049
5050
5051
5052
5053
5054
5055
5056
5057
5060
5061
5062
5063
5064
5065
5066
5067
5077
5078
5090
5092
5093
5094
5099
5109
5110
5111
5112
5113
5114
5115
5116
5117
5118
5127
5128
5129
5130
5131
5132
5133
5134
5135
5136
5155
5156
5157
5158
5159
5160
5162
5173
5175
5180
5181
5182
5208
5209
5210
5211
5212
5213
5214
5215
5216
5217
5218
5219
5220
5224
5239
5240
5241
5242
5243
5244
5245
5246
5247
5252
5253
5254
5255
5283
5284
5286
5292
5293
5294
5295
5296
5297
5298
5299
5323
5340
5341
5342
5343
5344
5345
5346
5347
5348
5373
5374
5375
5376
5384
5385
5386
5387
5429
5431
5456
5457
5458
5459
5460
5464
5469
5470
5471
5497
5521
5522
5523
5524
5525
5526
5527
5528
5529
5530
5564
5576
5577
5578
5579
5580
5581
5582
5583
5584
5585
5586
5587
5588
5589
5597
5598
5599
5600
5601
5602
5612
5613
5614
5615
5616
5619
5620
5626
5627
5628
5629
5630
5631
5634
5646
5651
5652
5654
5656
5657
5658
5659
5660
5661
5672
5676
5677
5678
5679
5680
5681
5685
5686
5687
5691
5692
5693
5694
5695
5710
5711
5712
5713
5714
5715
5716
5717
5718
5719
5720
5721
5730
5731
5732
5733
5734
5735
5736
5737
5747
5750
5765
5767
5768
5769
5770
5771
5772
5773
5774
5775
5776
5783
5784
5797
5798
5801
5802
5803
5804
5805
5806
5807
5809
5818
5819
5820
5821
5844
5845
5846
5865
5866
5867
5868
5869
5870
5871
5872
5873
5874
5875
5876
5877
5878
5879
5880
5891
5892
5893
5894
5895
5896
5897
5898
5899
5900
5909
5910
5911
5912
5913
5914
5915
5916
5917
5918
5919
5920
5921
5947
5954
5955
5956
5957
5958
5959
5966
5967
5968
5969
5970
5971
5972
5973
5974
5975
5976
5977
5979
5994
5995
5996
5997
5998
5999
6000
6001
6002
6003
6011
6012
6013
6014
6015
6016
6017
6018
6019
6020
6022
6033
6034
6035
6036
6037
6038
6039
6040
6041
6043
6044
6045
6046
6047
6048
6049
6050
6051
6052
6053
6054
6055
6057
6058
6059
6060
6091
6092
6093
6094
6095
6096
6097
6098
6099
6100
6101
6102
6103
6104
6105
6136
6137
6138
6139
6140
6141
6142
6143
6144
6160
6161
6162
6163
6164
6165
6166
6173
6174
6175
6176
6178
6179
6198
6199
6200
6201
6202
6203
6204
6205
6208
6209
6210
6211
6212
6213
6214
6215
6216
6217
6218
6223
6224
6225
6226
6227
6228
6229
6230
6231
6232
6233
6234
6235
6236
6237
6238
6239
6243
6244
6245
6246
6247
6248
6249
6250
6251
6252
6258
6275
6276
6277
6278
6279
6280
6281
6282
6283
6284
6285
6286
6287
6297
6298
6299
6312
6321
6322
6323
6324
6325
6326
6350
6354
6355
6356
6357
6358
6359
6360
6361
6362
6378
6396
6397
6398
6399
6400
6401
6402
6403
6404
6405
6406
6407
6408
6409
6410
6411
6412
6413
6414
6415
6416
6417
6418
6419
6420
6421
6422
6423
6424
6425
6426
6427
6428
6429
6458
6459
6460
6461
6462
6463
6464
6467
6468
6488
6494
6513
6514
6518
6519
6520
6521
6522
6523
6526
6533
6537
6544
6550
6551
6570
6571
6573
6574
6575
6576
6577
6578
6579
6580
6581
6583
6584
6585
6586
6587
6588
6589
6590
6591
6592
6593
6594
6595
6596
6597
6598
6599
6600
6601
6602
6603
6604
6605
6606
6607
6608
6609
6623
6624
6625
6626
6627
6628
6668
6669
6670
6671
6672
6673
6674
6675
6676
6677
6678
6679
6694
6699
6700
6703
6704
6705
6706
6707
6708
6709
6711
6712
6713
6714
6715
6716
6717
6721
6728
6729
6731
6732
6735
6741
6742
6744
6745
6749
6756
6757
6758
6774
6786
6788
6789
6790
6791
6792
6793
6794
6795
6796
6797
6806
6807
6808
6809
6810
6811
6812
6813
6814
6815
6816
6817
6873
6874
6875
6876
6877
6878
6879
6880
6881
6882
6883
6931
6932
6933
6937
6938
6939
6940
6941
6942
6943
6944
6963
6964
6985
6986
6987
6988
6989
6990
6991
6992
6993
6994
6995
6996
6997
6998
6999
7013
7014
7028
7029
7030
7031
7032
7033
7034
7035
7036
7037
7038
7039
7050
7051
7052
7053
7057
7058
7059
7060
7061
7062
7063
7064
7065
7085
7086
7087
7088
7089
7090
7091
7092
7093
7094
7097
7098
7099
7100
7101
7102
7103
7108
7109
7110
7111
7112
7124
7125
7126
7127
7128
7129
7139
7140
7141
7142
7143
7144
7145
7146
7147
7151
7152
7153
7154
7155
7156
7162
7174
7175
7176
7177
7178
7179
7181
7182
7183
7184
7185
7186
7187
7206
7230
7231
7232
7233
7234
7235
7236
7237
7238
7239
7240
7241
7242
7243
7250
7251
7252
7253
7254
7255
7256
7267
7268
7269
7270
7271
7283
7284
7285
7286
7287
7288
7325
7326
7327
7328
7329
7330
7331
7332
7333
7334
7335
7336
7337
7348
7349
7350
7351
7366
7373
7374
7375
7376
7377
7380
7381
7382
7383
7384
7402
7403
7404
7405
7406
7407
7408
7415
7416
7417
7418
7419
7420
7421
7422
7423
7424
7429
7430
7431
7490
7576
7577
7578
7579
7580
7581
7583
7584
7641
7664
7665
7666
7667
7668
7669
7670
7671
7684
7699
7700
7702
7716
7717
7718
7719
7720
7750
7751
7752
7753
7754
7755
7756
7757
7782
7783
7784
7785
7797
7798
7799
7800
7801
7802
7803
7804
7805
7808
7827
7828
7829
7830
7831
7841
7845
7846
7847
7848
7852
7853
7854
7855
7859
7860
7861
7862
7863
7864
7865
7866
7867
7868
7869
7870
7871
7872
7873
7874
7875
7876
7884
7885
7886
7911
7912
7913
7914
7915
7916
7917
7942
7943
7944
7961
7972
7997
7998
7999
8000
8001
8002
8003
8004
8041
8042
8043
8044
8061
8064
8065
8066
8080
8095
8096
8097
8098
8099
8100
8101
8102
8103
8104
8105
8106
8107
8108
8109
8110
8111
8112
8113
8114
8115
8116
8117
8118
8119
8120
8121
8148
8149
8150
8151
8152
8153
8154
8155
8156
8157
8158
8159
8160
8161
8162
8201
8202
8203
8204
8205
8206
8207
8208
8209
8210
8255
8256
8257
8258
8259
8260
8261
8262
8263
8264
8265
8266
8267
8268
8269
8270
8271
8272
8273
8274
8275
8276
8277
8278
8279
8280
8281
8282
8283
8299
8300
8315
8316
8317
8318
8324
8334
8348
8349
8350
8351
8359
8360
8361
8362
8363
8370
8371
8372
8390
8391
8392
8401
8402
8407
8410
8411
8412
8419
8421
8422
8423
8424
8425
8426
8427
8428
8447
8448
8450
8518
8519
8520
8521
8522
8523
8524
8525
8526
8527
8528
8529
8530
8537
8538
8539
8540
8541
8555
8556
8557
8558
8559
8560
8561
8562
8571
8572
8573
8574
8582
8583
8584
8585
8586
8587
8588
8592
8593
8594
8595
8596
8597
8598
8599
8600
8601
8602
8603
8604
8605
8606
8607
8608
8609
8610
8611
8615
8617
8618
8619
8620
8621
8622
8623
8624
8625
8626
8630
8631
8632
8633
8634
8635
8644
8651
8652
8653
8677
8678
8679
8680
8681
8682
8696
8697
8698
8699
8700
8722
8723
8724
8725
8747
8748
8749
8750
8751
8752
8753
8761
8762
8763
8766
8770
8775
8776
8777
8791
8792
8793
8794
8795
8796
8797
8801
8802
8803
8804
8806
8807
8808
8809
8811
8812
8813
8815
8816
8823
8825
8826
8827
8828
8829
8830
8831
8838
8839
8840
8841
8842
8843
8844
8845
8846
8847
8848
8849
8850
8859
8860
8879
8882
8883
8884
8885
8886
8890
8891
8892
8896
8897
8898
8899
8909
8910
8911
8932
8950
8962
8964
8965
8966
8967
8968
8969
8970
8971
8977
8978
8979
8980
8981
8982
8983
8984
8985
8995
8996
8997
8998
8999
9000
9001
9002
9003
9008
9012
9013
9014
9015
9016
9029
9030
9031
9032
9033
9034
9035
9036
9051
9052
9053
9055
9057
9058
9059
9062
9068
9069
9070
9071
9072
9098
9099
9117
9118
9119
9120
9121
9122
9123
9124
9125
9126
9127
9128
9129
9130
9131
9132
9133
9134
9135
9136
9137
9138
9139
9140
9141
9168
9169
9170
9171
9172
9173
9174
9175
9176
9177
9178
9179
9202
9203
9204
9205
9206
9207
9208
9209
9210
9211
9212
9213
9214
9215
9216
9217
9260
9261
9262
9263
9264
9265
9266
9267
9268
9269
9280
9282
9283
9316
9317
9318
9319
9320
9321
9322
9323
9324
9325
9326
9327
9328
9329
9330
9331
9332
9333
9334
9335
9336
9337
9338
9339
9358
9359
9360
9361
9362
9363
9364
9365
9366
9367
9368
9369
9389
9390
9391
9392
9393
9394
9395
9396
9397
9398
9399
9400
9401
9402
9403
9404
9405
9420
9434
9435
9444
9445
9446
9447
9448
9449
9450
9451
9456
9457
9458
9468
9489
9490
9491
9492
9493
9494
9506
9513
9514
9516
9517
9531
9535
9544
9545
9556
9557
9565
9566
9567
9568
9578
9579
9580
9581
9582
9583
9593
9601
9626
9627
9628
9629
9630
9631
9632
9640
9655
9656
9657
9658
9659
9661
9662
9663
9665
9668
9687
9688
9689
9690
9691
9692
9698
9699
9709
9710
9711
9712
9713
9714
9715
9716
9717
9718
9719
9736
9737
9738
9742
9748
9762
9763
9769
9770
9771
9772
9840
9857
9859
9860
9894
9895
9896
9897
9898
9899
9900
9968
9969
9970
9971
9980
10004
10005
10006
10007
10036
10041
10044
10049
10067
10068
10069
10070
10093
10094
10095
10096
10097
10106
10107
10108
10109
10110
10116
10120
10121
10122
10123
10124
10128
10129
10130
10131
10132
10133
10139
10140
10141
10142
10156
10157
10158
10168
10177
10194
10195
10196
10197
10198
10199
10200
10201
10202
10203
10204
10205
10206
10207
10208
10209
10210
10211
10212
10213
10214
10221
10222
10245
10246
10247
10248
10249
10250
10260
10261
10270
10274
10275
10279
10280
10281
10282
10283
10284
10285
10286
10287
10288
10289
10333
10334
10335
10375
10400
10421
10422
10423
10424
10425
10426
10427
10428
10429
10430
10431
10432
10433
10442
10443
10444
10460
10461
10462
10463
10464
10476
10477
10478
10479
10480
10481
10482
10483
10484
10485
10486
10491
10492
10499
10500
10501
10502
10503
10504
10505
10506
10507
10508
10509
10510
10511
10533
10540
10541
10542
10543
10548
10557
10558
10559
10560
10561
10562
10563
10571
10572
10573
10574
10575
10585
10608
10609
10610
10611
10612
10613
10614
10615
10616
10629
10630
10631
10632
10633
10634
10635
10636
10637
10648
10651
10652
10692
10693
10694
10695
10735
10736
10737
10738
10739
10740
10741
10742
10743
10744
10746
10747
10748
10749
10750
10751
10752
10783
10795
10796
10797
10798
10799
10800
10801
10802
10823
10824
10825
10826
10827
10830
10831
10832
10833
10834
10835
10836
10837
10838
10845
10846
10847
10848
10849
10850
10851
10852
10853
10854
10855
10856
10857
10858
10859
10860
10861
10862
10863
10864
10898
10899
10900
10901
10902
10928
10929
10930
10933
10986
11020
11021
11022
11023
11024
11025
11026
11053
11064
11065
11066
11067
11068
11069
11070
11071
11080
11081
11084
11085
11104
11105
11109
11112
11113
11117
11118
11119
11120
11121
11125
11126
11129
11130
11133
11134
11135
11148
11149
11150
11151
11152
11153
11154
11155
11156
11157
11161
11162
11172
11173
11174
11175
11176
11177
11178
11179
11180
11181
11187
11205
11206
11207
11208
11209
11227
11229
11231
11232
11233
11234
11235
11236
11237
11238
11239
11241
11242
11243
11244
11245
11246
11250
11251
11252
11253
11254
11255
11256
11257
11258
11259
11260
11261
11262
11263
11283
11284
11285
11288
11289
11290
11291
11297
11318
11319
11320
11321
11322
11323
11324
11325
11331
11332
11333
11334
11346
11347
11348
11349
11350
11351
11352
11353
11354
11355
11356
11357
11358
11359
11365
11366
11367
11368
11369
11370
11371
11372
11373
11382
11383
11384
11403
11404
11405
11406
11407
11408
11409
11410
11411
11412
11413
11414
11415
11416
11417
11418
11419
11420
11432
11433
11434
11454
11455
11456
11457
11458
11459
11460
11461
11462
11463
11464
11467
11468
11469
11470
11507
11508
11509
11521
11522
11523
11524
11525
11526
11527
11528
11529
11530
11531
11532
11533
11534
11535
11536
11537
11538
11539
11540
11541
11576
11577
11580
11581
11582
11583
11584
11585
11596
11597
11598
11599
11600
11601
11602
11603
11610
11611
11612
11634
11635
11636
11637
11676
11690
11723
11732
11733
11734
11735
11736
11737
11738
11739
11740
11741
11742
11743
11744
11749
11750
11751
11752
11753
11754
11755
11756
11774
11775
11776
11777
11778
11779
11782
11783
11858
11859
11860
11861
11862
11863
11864
11865
11866
11867
11868
11869
11870
11871
11872
11873
11874
11875
11876
11877
11878
11894
11895
11896
11900
11901
11902
11903
11904
11905
11906
11927
11928
11929
11930
11931
11936
11937
11938
11939
11940
11967
11968
11969
11970
11971
11972
11973
11974
11975
11976
12002
12003
12004
12014
12015
12016
12017
12018
12019
12035
12036
12037
12038
12039
12040
12041
12044
12045
12056
12057
12058
12059
12073
12134
12135
12136
12137
12138
12139
12140
12141
12142
12143
12145
12146
12147
12148
12149
12150
12151
12152
12154
12155
12156
12157
12158
12166
12167
12168
12169
12170
12171
12172
12173
12174
12175
12176
12177
12179
12180
12181
12182
12183
12184
12193
12194
12195
12196
12197
12198
12200
12208
12209
12210
12212
12213
12214
12220
12229
12230
12231
12232
12233
12234
12235
12236
12237
12238
12239
12244
12245
12260
12261
12262
12263
12264
12265
12266
12284
12290
12291
12292
12293
12294
12296
12317
12318
12319
12320
12321
12322
12323
12324
12325
12347
12361
12362
12363
12364
12365
12382
12383
12389
12403
12404
12405
12406
12407
12436
12437
12438
12460
12461
12462
12463
12479
12480
12496
12497
12505
12506
12507
12508
12509
12512
12513
12514
12515
12516
12517
12533
12534
12535
12536
12545
12550
12551
12552
12558
12559
12570
12571
12572
12573
12574
12575
12580
12581
12582
12583
12584
12585
12586
12587
12588
12590
12601
12602
12603
12604
12605
12606
12607
12608
12609
12610
12644
12645
12646
12647
12648
12649
12650
12651
12652
12653
12654
12674
12675
12676
12677
12678
12679
12680
12720
12765
12766
12767
12768
12769
12770
12771
12772
12773
12801
12802
12803
12804
12805
12806
12807
12808
12809
12810
12833
12834
12835
12836
12837
12846
12850
12851
12852
12853
12854
12855
12856
12857
12869
12870
12871
12872
12873
12874
12875
12876
12877
12878
12879
12880
12881
12882
12883
12884
12885
12886
12887
12888
12906
12907
12908
12909
12915
12936
12937
12984
12985
12986
12987
12988
12989
12990
12991
12992
12993
12994
12995
12996
12997
13015
13016
13017
13018
13019
13041
13042
13043
13044
13045
13046
13047
13048
13062
13063
13064
13065
13077
13087
13088
13100
13101
13102
13103
13104
13110
13120
13135
13136
13137
13138
13139
13144
13145
13146
13168
13169
13170
13171
13172
13173
13174
13203
13204
13205
13206
13207
13208
13209
13210
13211
13216
13217
13218
13219
13220
13234
13297
13298
13299
13300
13301
13302
13303
13304
13305
13306
13307
13308
13309
13310
13311
13312
13313
13314
13315
13316
13317
13318
13319
13321
13322
13323
13324
13326
13327
13328
13329
13342
13377
13378
13379
13380
13397
13398
13399
13400
13436
13440
13441
13442
13443
13444
13445
13447
13448
13449
13450
13472
13483
13484
13485
13486
13487
13488
13489
13490
13512
13513
13514
13515
13527
13537
13538
13539
13540
13541
13542
13543
13569
13570
13571
13572
13573
13579
13587
13588
13589
13590
13603
13604
13605
13606
13607
13645
13646
13647
13648
13649
13650
13651
13652
13653
13654
13673
13674
13675
13676
13692
13693
13716
13717
13718
13725
13726
13727
13728
13738
13739
13740
13761
13762
13763
13764
13765
13766
13767
13768
13771
13772
13773
13780
13781
13782
13783
13784
13785
13786
13799
13800
13801
13802
13803
13804
13805
13806
13824
13825
13826
13827
13828
13829
13830
13831
13832
13833
13834
13835
13836
13837
13838
13843
13885
13888
13889
13894
13895
13896
13897
13898
13923
13924
13925
13926
13927
13945
13946
13947
13948
13949
13950
13951
13973
13974
13995
13996
13997
13998
13999
14002
14037
14038
14039
14062
14063
14074
14075
14076
14078
14092
14093
14094
14095
14096
14097
14098
14150
14166
14167
14168
14169
14170
14171
14172
14173
14174
14175
14176
14177
14178
14179
14180
14181
14182
14183
14184
14185
14186
14187
14188
14233
14234
14235
14238
14247
14248
14249
14250
14251
14252
14253
14263
14264
14265
14266
14267
14268
14286
14287
14288
14289
14290
14291
14292
14293
14301
14305
14306
14307
14308
14309
14310
14326
14327
14328
14329
14330
14331
14332
14336
14364
14379
14380
14381
14382
14383
14384
14385
14386
14387
14388
14389
14390
14391
14392
14393
14411
14412
14413
14429
14430
14431
14432
14433
14434
14456
14457
14458
14475
14476
14477
14478
14479
14480
14484
14487
14504
14505
14506
14507
14508
14522
14523
14524
14525
14526
14527
14550
14551
14552
14572
14573
14574
14575
14576
14605
14606
14607
14608
14609
14610
14611
14621
14629
14630
14631
14632
14633
14634
14635
14636
14637
14638
14639
14649
14650
14651
14652
14672
14673
14674
14675
14676
14677
14692
14703
14704
14720
14721
14729
14751
14752
14753
14754
14755
14756
14757
14758
14759
14760
14761
14798
14799
14800
14801
14802
14803
14804
14805
14806
14807
14846
14847
14848
14849
14889
14890
14892
14893
14951
14952
14953
14954
14955
14956
14957
14958
14959
14960
14961
14962
14963
14964
14990
14991
14992
14993
14994
14995
14996
14997
14998
14999
15010
15011
15014
15015
15016
15017
15044
15048
15049
15071
15084
15085
15086
15087
15088
15089
15090
15091
15092
15093
15094
15095
15096
15097
15098
15101
15103
15123
15124
15125
15126
15127
15128
15129
15140
15141
15142
15143
15144
15145
15163
15164
15165
15166
15167
15168
15171
15187
15188
15189
15190
15191
15192
15193
15194
15195
15196
15197
15198
15199
15200
15201
15246
15247
15248
15249
15250
15251
15252
15253
15254
15280
15281
15282
15283
15284
15285
15286
15287
15299
15300
15301
15302
15303
15304
15305
15306
15307
15308
15309
15310
15311
15312
15313
15314
15315
15316
15317
15346
15347
15348
15349
15350
15424
15425
15426
15427
15428
15429
15430
15439
15440
15441
15442
15456
15457
15458
15459
15460
15470
15471
15472
15473
15474
15475
15476
15477
15478
15479
15481
15482
15496
15497
15498
15499
15500
15501
15502
15503
15504
15505
15506
15507
15508
15509
15534
15535
15536
15537
15538
15539
15540
15541
15542
15563
15564
15578
15579
15580
15581
15582
15583
15584
15594
15596
15666
15667
15668
15669
15681
15682
15683
15685
15686
15687
15703
15704
15705
15706
15707
15708
15709
15723
15724
15757
15775
15812
15813
15814
15815
15816
15817
15818
15819
15820
15839
15840
15841
15842
15843
15850
15871
15872
15873
15874
15875
15876
15877
15885
15886
15887
15888
15889
15899
15900
15901
15902
15903
15917
15918
15919
15920
15921
15941
15942
15943
15944
15945
15946
15947
15948
15949
15950
15951
15952
15953
15978
15986
15987
15988
15989
15990
15991
15992
15993
15994
15995
16004
16005
16006
16007
16008
16009
16010
16011
16012
16013
16014
16015
16016
16017
16018
16019
16020
16021
16022
16023
16024
16035
16036
16037
16038
16039
16073
16074
16075
16076
16077
16078
16079
16080
16081
16082
16083
16084
16085
16104
16105
16106
16107
16108
16109
16110
16111
16112
16113
16133
16134
16135
16136
16137
16138
16139
16140
16141
16142
16143
16173
16174
16175
16176
16177
16178
16179
16180
16181
16182
16192
16196
16200
16201
16211
16212
16213
16214
16215
16216
16217
16218
16234
16235
16236
16237
16238
16269
16270
16271
16285
16286
16287
16288
16289
16290
16291
16292
16293
16294
16295
16296
16297
16298
16303
16304
16310
16311
16312
16313
16321
16322
16323
16324
16325
16326
16327
16328
16347
16351
16363
16364
16365
16366
16367
16368
16369
16370
16371
16372
16420
16421
16422
16423
16424
16425
16426
16427
16428
16429
16437
16438
16439
16440
16464
16465
16466
16471
16477
16478
16479
16480
16481
16482
16484
16501
16502
16503
16504
16505
16506
16509
16510
16523
16542
16543
16544
16545
16565
16566
16567
16585
16598
16599
16600
16601
16602
16652
16653
16654
16655
16656
16657
16674
16686
16687
16721
16722
16723
16724
16725
16726
16727
16746
16747
16748
16749
16750
16751
16752
16753
16773
16782
16783
16784
16785
16786
16787
16788
16789
16790
16791
16792
16793
16794
16807
16808
16809
16810
16811
16812
16813
16823
16824
16825
16826
16833
16834
16835
16853
16854
16855
16856
16857
16858
16859
16860
16861
16862
16863
16864
16867
16899
16919
16920
16921
16922
16923
16924
16925
16926
16927
16928
16929
16930
16931
16932
16934
16935
16971
16973
16978
16979
16980
16981
16982
16983
16993
16994
16995
16996
16997
16998
16999
17000
17001
17002
17003
17004
17005
17006
17007
17008
17009
17028
17035
17036
17037
17038
17039
17040
17041
17065
17088
17089
17117
17118
17123
17124
17125
17126
17127
17128
17129
17130
17131
17132
17133
17156
17157
17158
17159
17160
17161
17162
17163
17164
17165
17166
17167
17199
17200
17201
17202
17203
17217
17218
17234
17235
17237
17238
17239
17240
17241
17242
17243
17244
17245
17246
17247
17262
17263
17278
17279
17280
17281
17282
17283
17284
17285
17286
17287
17288
17289
17297
17299
17300
17301
17302
17312
17321
17322
17323
17324
17325
17333
17338
17339
17354
17355
17356
17357
17360
17361
17362
17376
17379
17394
17399
17435
17436
17437
17438
17439
17440
17441
17442
17472
17473
17474
17475
17476
17477
17478
17495
17496
17497
17498
17499
17501
17502
17503
17514
17542
17543
17566
17567
17568
17569
17570
17571
17572
17573
17574
17582
17583
17584
17585
17594
17595
17596
17597
17598
17599
17612
17613
17614
17615
17616
17617
17618
17633
17634
17652
17654
17655
17656
17657
17658
17659
17660
17661
17662
17663
17664
17665
17666
17667
17668
17669
17670
17671
17672
17673
17674
17675
17676
17687
17688
17689
17690
17691
17692
17693
17694
17695
17696
17697
17706
17707
17708
17709
17710
17735
17736
17737
17738
17739
17740
17741
17742
17753
17754
17755
17756
17757
17793
17794
17795
17796
17797
17798
17799
17800
17812
17819
17820
17824
17825
17826
17827
17851
17852
17853
17854
17855
17856
17857
17858
17859
17875
17876
17877
17878
17880
17881
17882
17883
17884
17885
17886
17887
17888
17889
17948
17949
17962
17985
17986
17987
17988
17989
17990
17991
17992
17993
17994
17995
17996
18024
18025
18026
18027
18028
18029
18030
18031
18032
18033
18034
18035
18036
18037
18038
18039
18040
18042
18043
18044
18045
18046
18047
18048
18054
18055
18056
18057
18076
18077
18078
18079
18080
18081
18082
18083
18084
18085
18110
18111
18112
18113
18114
18115
18116
18117
18118
18119
18120
18121
18122
18123
18124
18125
18126
18127
18128
18148
18149
18150
18152
18153
18156
18158
18159
18177
18178
18179
18180
18181
18182
18183
18184
18194
18195
18197
18198
18199
18287
18288
18289
18290
18291
18292
18293
18299
18300
18301
18302
18309
18310
18311
18312
18313
18314
18315
18316
18317
18318
18319
18320
18321
18322
18323
18324
18329
18330
18331
18332
18333
18334
18335
18336
18337
18338
18339
18340
18341
18347
18348
18349
18350
18351
18352
18353
18355
18359
18360
18361
18362
18365
18366
18367
18372
18373
18374
18375
18388
18389
18390
18391
18392
18393
18394
18395
18396
18399
18400
18401
18402
18406
18407
18408
18409
18410
18416
18424
18425
18426
18427
18428
18429
18430
18440
18441
18442
18443
18444
18453
18454
18455
18456
18457
18458
18459
18460
18461
18462
18463
18470
18471
18472
18473
18474
18475
18476
18482
18483
18485
18487
18499
18500
18501
18502
18503
18504
18510
18511
18512
18513
18523
18527
18528
18532
18533
18542
18553
18554
18555
18556
18557
18558
18559
18560
18578
18587
18588
18589
18590
18591
18592
18593
18594
18595
18596
18597
18598
18599
18600
18601
18602
18603
18604
18605
18606
18607
18608
18626
18659
18660
18661
18662
18663
18664
18665
18681
18682
18683
18684
18700
18701
18702
18703
18704
18705
18706
18707
18708
18709
18710
18712
18715
18716
18717
18718
18777
18804
18805
18806
18807
18808
18809
18810
18827
18851
18852
18853
18854
18855
18856
18857
18858
18859
18860
18861
18862
18866
18867
18868
18869
18880
18881
18882
18909
18910
18911
18912
18913
18914
18915
18916
18917
18918
18930
18931
18933
18934
18935
18936
18959
18960
18961
18962
18963
18978
18979
18980
18981
18987
19029
19033
19034
19035
19036
19037
19038
19083
19084
19085
19086
19087
19088
19089
19090
19096
19109
19133
19134
19135
19147
19148
19149
19150
19151
19152
19153
19185
19186
19187
19188
19189
19190
19191
19192
19193
19216
19217
19218
19243
19250
19251
19252
19270
19271
19272
19273
19274
19275
19293
19294
19295
19296
19297
19299
19300
19301
19302
19303
19304
19307
19308
19309
19346
19347
19348
19349
19350
19351
19352
19382
19403
19404
19405
19406
19407
19408
19420
19421
19422
19423
19424
19425
19430
19431
19432
19433
19434
19435
19436
19437
19438
19439
19440
19441
19442
19443
19444
19452
19453
19454
19479
19480
19481
19482
19483
19484
19485
19498
19499
19500
19501
19503
19518
19542
19543
19544
19545
19546
19551
19578
19579
19580
19581
19589
19603
19604
19605
19606
19607
19608
19649
19653
19658
19665
19666
19667
19668
19669
19685
19686
19687
19688
19705
19706
19707
19718
19719
19720
19721
19729
19730
19731
19732
19744
19750
19751
19752
19753
19754
19755
19756
19767
19768
19769
19770
19771
19772
19773
19774
19779
19780
19786
19787
19788
19789
19790
19791
19792
19798
19799
19800
19801
19808
19823
19824
19825
19826
19827
19828
19829
19830
19833
19837
19838
19839
19840
19841
19842
19844
19845
19864
19865
19866
19867
19868
19869
19870
19875
19876
19877
19878
19879
19880
19881
19888
19889
19890
19899
19900
19901
19905
19908
19909
19914
19915
19916
19917
19918
19919
19922
19923
19924
19926
19927
19933
19934
19935
19936
19937
19938
19939
19952
19953
19954
19955
19956
19961
19962
19963
19964
19965
19966
19967
19968
19969
19970
19971
19972
19973
19974
19975
19976
19977
19978
19979
19980
19991
19992
19993
19994
19995
19996
19997
19998
19999
20000
20001
20002
20003
20013
20014
20015
20016
20017
20018
20019
20020
20021
20022
20023
20024
20025
20050
20051
20052
20053
20054
20055
20056
20057
20058
20059
20060
20061
20070
20071
20072
20073
20074
20075
20076
20077
20078
20079
20080
20081
20082
20083
20084
20085
20086
20087
20091
20092
20093
20094
20095
20096
20097
20108
20109
20110
20111
20112
20113
20114
20115
20116
20123
20124
20125
20126
20127
20128
20129
20130
20131
20132
20133
20135
20136
20137
20145
20146
20147
20179
20180
20181
20182
20183
20184
20185
20186
20187
20194
20195
20204
20205
20206
20207
20208
20209
20210
20211
20212
20213
20214
20215
20216
20217
20218
20219
20220
20261
20262
20263
20264
20265
20266
20267
20268
20269
20270
20271
20272
20273
20274
20300
20317
20318
20319
20320
20321
20322
20323
20324
20325
20326
20327
20328
20329
20330
20331
20332
20333
20334
20335
20336
20337
20338
20339
20351
20352
20353
20354
20355
20356
20357
20358
20359
20360
20361
20362
20374
20375
20376
20377
20378
20406
20407
20408
20409
20410
20411
20412
20413
20414
20415
20416
20417
20418
20419
20420
20421
20422
20423
20424
20470
20471
20472
20473
20474
20475
20476
20477
20478
20479
20480
20481
20482
20483
20484
20485
20530
20531
20532
20533
20534
20535
20536
20537
20538
20539
20540
20541
20542
20543
20544
20545
20546
20547
20569
20570
20571
20572
20573
20574
20575
20576
20577
20606
20607
20608
20609
20610
20611
20612
20613
20614
20615
20616
20617
20618
20619
20620
20621
20622
20623
20647
20648
20649
20650
20668
20678
20686
20687
20688
20689
20690
20691
20692
20702
20703
20704
20705
20706
20707
20708
20709
20710
20711
20712
20713
20714
20715
20716
20717
20718
20720
20721
20722
20723
20724
20725
20726
20727
20728
20729
20730
20731
20732
20733
20734
20735
20736
20737
20738
20765
20766
20767
20768
20769
20770
20771
20772
20773
20774
20794
20795
20796
20797
20798
20799
20800
20810
20811
20812
20878
20879
20880
20881
20882
20883
20921
20922
20923
20924
20931
20942
20943
20944
20945
20946
20947
20951
20952
20953
20954
20955
20956
20957
20958
20959
20960
20961
20962
20998
20999
21000
21005
21015
21016
21017
21018
21019
21020
21029
21030
21031
21032
21033
21034
21035
21036
21037
21038
21039
21040
21041
21042
21043
21044
21055
21056
21066
21067
21068
21069
21070
21071
21072
21073
21074
21075
21085
21086
21087
21093
21094
21095
21096
21097
21098
21099
21112
21120
21121
21122
21123
21124
21125
21126
21149
21150
21151
21152
21153
21154
21155
21159
21160
21161
21162
21163
21164
21165
21166
21177
21178
21179
21180
21190
21191
21192
21193
21211
21213
21214
21215
21216
21217
21218
21219
21227
21228
21229
21230
21231
21232
21233
21234
21237
21238
21239
21246
21247
21248
21249
21250
21257
21258
21259
21267
21270
21271
21272
21287
21292
21293
21294
21295
21296
21297
21304
21305
21306
21307
21308
21309
21310
21315
21321
21322
21329
21346
21347
21348
21380
21381
21382
21383
21384
21385
21386
21387
21388
21389
21390
21401
21464
21465
21466
21467
21468
21492
21493
21494
21495
21496
21497
21498
21499
21500
21501
21502
21511
21512
21513
21514
21515
21516
21517
21518
21519
21520
21521
21522
21523
21524
21525
21526
21527
21528
21529
21532
21533
21534
21535
21536
21544
21571
21572
21580
21581
21582
21583
21584
21589
21595
21596
21606
21607
21608
21609
21610
21640
21711
21712
21713
21714
21720
21721
21722
21725
21732
21733
21734
21735
21736
21738
21739
21740
21741
21742
21743
21756
21757
21758
21759
21760
21761
21762
21763
21764
21765
21766
21770
21777
21778
21779
21780
21781
21787
21788
21789
21790
21816
21817
21818
21819
21820
21821
21826
21830
21831
21832
21849
21852
21853
21854
21871
21872
21873
21874
21875
21876
21877
21878
21879
21880
21881
21882
21883
21884
21885
21886
21887
21888
21892
21893
21894
21895
21896
21897
21898
21899
21900
21901
21931
21932
21933
21934
21935
21936
21937
21940
21971
21972
21973
21974
21975
21976
21977
21980
21981
21982
21983
21984
21985
21986
21987
21988
21995
21996
21997
21998
21999
22000
22001
22002
22003
22004
22005
22008
22009
22010
22011
22014
22016
22018
22022
22023
22026
22041
22042
22043
22044
22045
22046
22047
22051
22052
22053
22054
22057
22069
22070
22071
22072
22090
22091
22092
22109
22110
22111
22112
22172
22173
22174
22175
22176
22177
22190
22191
22204
22205
22211
22226
22227
22228
22229
22230
22231
22277
22278
22279
22297
22314
22315
22316
22317
22355
22356
22357
22366
22367
22396
22397
22398
22399
22400
22401
22402
22403
22404
22430
22431
22432
22433
22434
22436
22437
22438
22439
22440
22444
22445
22485
22486
22487
22488
22489
22490
22491
22492
22493
22531
22532
22533
22534
22535
22551
22552
22553
22554
22555
22556
22580
22581
22594
22595
22596
22597
22598
22599
22600
22601
22602
22603
22604
22605
22606
22607
22608
22609
22610
22611
22632
22633
22634
22635
22664
22665
22666
22667
22668
22669
22670
22671
22672
22683
22684
22685
22686
22687
22688
22689
22690
22691
22743
22744
22745
22746
22747
22758
22759
22768
22778
22779
22780
22781
22782
22796
22813
22814
22815
22819
22820
22821
22822
22823
22824
22825
22860
22861
22862
22863
22864
22865
22866
22867
22868
22869
22872
22873
22874
22875
22879
22880
22884
22890
22891
22892
22894
22896
22898
22899
22900
22901
22902
22903
22905
22914
22915
22916
22917
22918
22919
22920
22921
22922
22956
22957
22958
22959
22960
22961
22962
22963
22978
22979
22980
22981
22982
22996
22997
22998
23017
23018
23019
23020
23021
23022
23023
23042
23057
23063
23078
23079
23087
23088
23089
23090
23098
23099
23100
23101
23117
23118
23119
23120
23128
23129
23130
23131
23132
23133
23134
23135
23162
23163
23164
23178
23179
23180
23181
23182
23183
23184
23185
23186
23197
23198
23199
23214
23215
23216
23217
23218
23219
23224
23238
23244
23245
23246
23247
23248
23249
23250
23251
23252
23253
23254
23255
23256
23294
23295
23296
23297
23298
23299
23300
23301
23302
23303
23304
23305
23306
23307
23320
23321
23355
23372
23373
23374
23375
23376
23377
23378
23379
23380
23381
23382
23422
23423
23424
23437
23438
23439
23440
23441
23442
23443
23444
23445
23446
23447
23448
23449
23450
23468
23469
23470
23471
23473
23474
23475
23476
23477
23478
23479
23480
23481
23482
23483
23484
23511
23512
23513
23514
23515
23516
23517
23518
23519
23520
23525
23526
23527
23528
23530
23531
23532
23536
23537
23538
23540
23541
23542
23543
23546
23549
23552
23553
23566
23567
23568
23569
23570
23571
23572
23573
23574
23575
23576
23577
23578
23579
23580
23589
23590
23591
23592
23593
23594
23595
23596
23597
23598
23599
23600
23601
23602
23603
23604
23605
23606
23607
23608
23620
23621
23622
23623
23624
23625
23626
23627
23628
23629
23630
23631
23632
23639
23640
23641
23642
23643
23644
23645
23646
23647
23648
23649
23650
23651
23652
23653
23654
23655
23656
23657
23660
23661
23662
23663
23665
23670
23671
23672
23673
23674
23675
23676
23677
23678
23679
23680
23681
23682
23683
23684
23689
23690
23708
23709
23710
23711
23719
23720
23721
23722
23723
23724
23725
23726
23729
23742
23743
23769
23770
23774
23775
23776
23777
23808
23810
23811
23812
23816
23818
23819
23820
23821
23822
23823
23824
23825
23826
23827
23828
23871
23872
23873
23874
23875
23876
23877
23878
23879
23880
23881
23893
23927
23931
23956
23957
23958
23959
23960
23961
23962
23963
23964
23965
23966
23986
23987
23988
23989
23990
24028
24029
24030
24031
24032
24033
24034
24038
24039
24040
24044
24045
24059
24068
24073
24074
24075
24076
24077
24078
24079
24080
24081
24098
24099
24117
24118
24128
24129
24130
24131
24132
24139
24140
24141
24143
24144
24145
24170
24171
24172
24173
24174
24175
24176
24181
24182
24183
24184
24185
24186
24187
24188
24189
24198
24199
24200
24201
24204
24205
24221
24222
24223
24224
24225
24226
24264
24265
24266
24292
24293
24294
24295
24297
24298
24299
24300
24301
24302
24303
24304
24305
24306
24334
24335
24336
24337
24338
24339
24340
24341
24355
24356
24357
24371
24372
24373
24383
24384
24385
24386
24387
24388
24389
24390
24391
24392
24429
24430
24431
24432
24433
24464
24465
24466
24467
24468
24469
24483
24484
24507
24508
24517
24518
24519
24538
24539
24540
24543
24556
24557
24558
24559
24560
24561
24576
24577
24578
24579
24580
24583
24593
24594
24595
24596
24597
24601
24602
24614
24615
24616
24617
24618
24619
24620
24621
24622
24627
24631
24644
24645
24646
24682
24683
24684
24685
24686
24687
24688
24689
24690
24691
24692
24693
24694
24698
24699
24700
24701
24702
24703
24704
24705
24706
24707
24708
24709
24710
24711
24722
24739
24751
24773
24774
24775
24782
24801
24802
24803
24815
24816
24817
24820
24822
24846
24847
24859
24868
24933
24934
24935
24936
24937
24938
24939
24940
24963
24964
24965
24966
24984
24985
24986
24987
24988
24989
24990
24991
24996
24997
24998
24999
25034
25035
25036
25037
25038
25039
25040
25047
25048
25049
25051
25074
25075
25107
25108
25109
25110
25111
25112
25113
25121
25122
25123
25137
25138
25139
25163
25164
25165
25166
25167
25168
25169
25170
25171
25209
25210
25213
25214
25215
25216
25217
25218
25219
25236
25237
25238
25239
25240
25241
25242
25243
25244
25251
25252
25253
25254
25255
25275
25276
25277
25278
25279
25280
25281
25290
25291
25298
25299
25300
25313
25314
25315
25316
25317
25318
25319
25320
25321
25322
25352
25372
25379
25380
25381
25382
25383
25384
25390
25391
25392
25401
25413
25438
25439
25440
25441
25442
25454
25455
25461
25462
25463
25464
25465
25466
25467
25468
25486
25496
25497
25498
25499
25500
25501
25502
25503
25504
25505
25506
25507
25523
25545
25546
25547
25548
25549
25550
25551
25595
25596
25597
25598
25599
25613
25614
25615
25616
25630
25641
25642
25643
25644
25645
25646
25647
25648
25649
25655
25656
25675
25676
25677
25678
25679
25680
25681
25682
25689
25692
25705
25706
25707
25708
25709
25712
25713
25714
25715
25716
25717
25728
25730
25731
25732
25733
25734
25735
25736
25737
25738
25739
25740
25741
25742
25743
25744
25745
25748
25749
25750
25751
25752
25764
25765
25766
25767
25768
25769
25770
25771
25772
25773
25774
25775
25776
25784
25785
25786
25787
25788
25789
25790
25791
25792
25793
25794
25795
25796
25797
25798
25799
25800
25801
25805
25806
25807
25808
25809
25810
25814
25815
25816
25817
25820
25821
25833
25834
25835
25836
25837
25838
25839
25840
25841
25842
25843
25844
25845
25846
25847
25848
25849
25850
25851
25885
25886
25887
25888
25889
25890
25896
25906
25907
25948
25949
25952
25988
25989
25990
25991
25996
25997
25998
25999
26008
26023
26024
26025
26026
26027
26028
26029
26030
26031
26045
26046
26047
26048
26058
26059
26065
26066
26067
26075
26076
26077
26078
26079
26080
26083
26084
26086
26093
26094
26095
26105
26128
26129
26130
26131
26132
26133
26134
26135
26136
26137
26138
26140
26141
26148
26149
26151
26216
26217
26218
26226
26227
26228
26260
26261
26262
26263
26276
26277
26278
26279
26280
26281
26296
26297
26298
26299
26300
26301
26302
26303
26304
26305
26306
26307
26308
26309
26315
26316
26317
26318
26319
26320
26321
26322
26323
26324
26325
26326
26377
26378
26379
26380
26381
26382
26383
26405
26413
26414
26415
26416
26417
26418
26420
26421
26429
26430
26431
26432
26433
26434
26435
26436
26437
26438
26439
26440
26441
26442
26443
26444
26445
26446
26447
26456
26470
26471
26472
26481
26482
26483
26526
26527
26528
26531
26537
26551
26552
26553
26554
26555
26556
26565
26575
26576
26577
26589
26596
26602
26607
26608
26609
26610
26611
26612
26613
26614
26615
26616
26617
26618
26619
26620
26621
26622
26623
26624
26625
26644
26645
26646
26647
26648
26649
26650
26651
26652
26653
26654
26655
26666
26667
26668
26669
26670
26672
26673
26674
26675
26676
26677
26678
26679
26680
26681
26682
26683
26684
26695
26696
26697
26708
26709
26710
26711
26712
26713
26714
26715
26726
26727
26728
26729
26730
26735
26736
26743
26744
26749
26750
26751
26761
26767
26768
26769
26770
26771
26784
26785
26786
26787
26788
26789
26790
26796
26797
26798
26799
26800
26801
26802
26807
26808
26809
26810
26811
26812
26813
26814
26815
26822
