87
101
102
103
111
112
113
118
119
120
121
573
708
709
710
711
712
713
714
715
716
717
719
720
721
722
723
724
725
726
727
728
855
856
857
858
859
860
861
862
891
892
893
894
895
1088
1275
1276
1277
1278
1279
1280
1281
1282
1283
1284
1309
1310
1311
1312
1313
1314
1349
1350
1351
1352
1353
1354
1355
1356
1774
1775
1776
1777
1826
1827
1828
1829
1938
1939
1940
1941
1942
1985
1986
1987
1988
1989
1990
2404
2405
2406
2407
2408
2409
2410
2411
2412
2424
2425
2426
2427
2428
2429
2430
2431
2432
2448
2449
2450
2451
2452
2453
2454
2455
2456
2902
2903
2904
2905
2906
2907
2908
2909
2910
2911
2912
2913
2914
2915
2916
2917
4042
4043
4442
4464
5077
5078
5079
5083
5084
5086
5087
5088
5089
5155
5156
5157
5158
5159
5160
5161
5163
5164
5165
5166
5167
5168
5169
5170
5171
5976
6173
6174
6175
6176
6177
6178
6179
6180
6181
6182
6183
6184
6185
6186
6187
6188
6189
6190
6321
6322
6323
6324
6325
6326
6327
6328
6329
6330
6331
6332
6333
6334
6335
6336
6396
6397
6398
6399
6400
6401
6479
6480
6481
6482
6483
6484
6485
6486
6487
6544
7097
7098
7099
7100
7113
7114
7115
7116
7117
7118
7119
7120
7121
7490
7852
7853
7854
7855
7856
7859
7860
7861
7862
7863
7864
7883
7884
7885
7886
7887
7888
7889
7890
7891
7892
7893
7894
7895
8407
8408
8409
8410
8411
8412
8414
8415
8416
8417
8418
8582
8583
8584
8585
8586
8587
8588
8589
8590
8591
8617
8618
8619
8630
8631
8632
8633
8634
8635
8636
8637
8638
8639
8640
8641
8642
8643
8677
8678
8679
8680
8681
8682
8696
8697
8698
8699
8700
8701
8702
8703
8808
8809
8810
8811
8812
8813
8814
9063
9280
9281
9403
9404
9405
9406
9407
9434
9435
9456
9457
9458
9459
9460
10565
11158
11174
11175
11176
11177
11178
11179
11180
11181
11182
11183
11184
11185
11186
11238
11239
11241
11242
11243
11244
11245
11246
11247
11248
11249
11251
11252
11253
11254
11255
11256
11257
11258
11259
11260
11261
11262
11263
11264
11265
11266
11267
11268
11269
11270
11271
11272
11273
11274
11275
11276
12200
12554
12555
12556
12557
12560
12561
12562
12580
12581
12582
12583
12584
12585
12586
12587
12588
12600
12845
13092
13093
13094
13095
13096
13097
13100
13101
13102
13103
13104
13105
13106
13191
13192
13193
13194
13246
13247
13248
13249
13250
13308
13309
13310
13311
13312
13330
13331
13332
13360
13377
13378
13379
13380
13387
13504
13513
13514
13515
13524
13525
14071
14074
14075
14076
14083
14084
14086
14087
14088
14092
14093
14094
14095
14096
15298
15442
16029
16031
16032
16033
16034
16035
16036
16037
16038
16039
16040
16041
16042
16202
16203
16204
16205
16206
16207
16208
16209
16210
16211
16212
16213
16214
16215
16216
16217
16218
16219
16220
16221
16973
16992
17013
18959
18960
18961
18962
18963
18978
18979
18980
18981
18982
18983
18984
18985
18986
19083
19084
19085
19086
19087
19088
19089
19090
19091
19092
19093
19094
19095
20228
20414
20415
20416
20417
20418
20419
20420
20421
20422
20423
20424
20425
20426
20427
20428
20429
20430
20431
20432
20606
20607
20608
20609
20610
20611
20612
20613
20614
20615
20616
20617
20618
20619
20620
20621
20622
20623
20624
20625
20626
20627
20628
20629
20630
20631
20632
20709
20710
20711
20712
20713
20714
20715
20716
20717
20718
20719
20728
20729
20730
20731
20732
20733
20734
20735
20736
20737
20738
20739
20740
20741
20742
20743
20744
20745
20909
21211
21722
21725
21726
21727
21728
21729
21730
21731
21732
21733
21734
21735
21736
21738
21739
21740
21741
21742
21743
21744
21745
21746
21747
21748
21749
21750
21751
21752
21753
22434
22459
22460
22482
22483
22487
22488
22489
22490
22491
22492
22493
23122
23123
23124
23125
23126
23128
23129
23130
23131
23132
23133
23134
23135
23137
23138
23139
23140
23141
23142
23210
23211
23214
23215
23216
23217
23218
23219
23230
23231
23468
23469
23549
23554
23555
23556
23703
23704
23705
23716
23717
23718
23723
23724
23725
23726
23730
23731
23732
24142
24160
24161
24162
24181
24182
24183
24184
24185
24193
24194
24195
24271
24272
24297
24298
24299
24300
24301
24302
24313
24830
24898
24899
24900
24923
24924
24925
24926
24927
24933
24934
24935
24936
24937
24938
24939
24940
24941
24943
24944
24945
24946
25457
25458
25459
25460
25461
25462
25463
25464
25465
25466
25467
25468
25469
25470
25471
25472
25746
25817
26086
