48
49
50
67
68
176
257
266
302
303
306
327
422
457
477
478
479
498
574
629
631
632
633
634
635
636
637
638
639
640
641
642
643
644
645
646
647
648
649
650
651
652
653
654
655
656
657
658
659
660
661
662
663
664
665
666
667
668
669
729
730
731
732
733
734
735
736
737
738
739
740
741
742
743
744
745
746
747
748
749
750
751
752
753
754
756
757
758
759
760
761
762
763
764
765
766
767
768
769
770
863
864
865
868
869
870
871
872
873
875
876
877
878
879
880
881
882
883
884
885
886
887
888
889
890
923
924
925
947
948
949
955
956
957
958
959
960
961
963
964
965
971
979
980
981
982
983
991
992
994
995
1003
1004
1005
1006
1016
1017
1018
1019
1020
1021
1022
1023
1024
1025
1026
1027
1028
1036
1037
1038
1039
1041
1042
1043
1054
1128
1129
1320
1321
1496
1497
1498
1514
1515
1516
1517
1518
1519
1522
1523
1524
1525
1526
1527
1528
1529
1530
1531
1532
1533
1534
1535
1536
1537
1538
1539
1540
1541
1542
1543
1544
1545
1546
1547
1548
1549
1550
1551
1552
1562
1649
1762
1882
1883
1884
1885
1886
1887
1888
1889
1890
1891
1892
1893
1894
1895
1896
1897
1898
1899
1900
1901
1902
1903
1904
1905
1906
1907
1908
1909
1910
1911
1912
1913
1914
1915
1916
1917
1918
1919
1920
1921
1922
1923
1924
1925
1926
1927
1928
1929
1931
2054
2087
2102
2119
2166
2167
2168
2169
2170
2171
2172
2173
2174
2175
2176
2177
2178
2195
2218
2260
2261
2262
2263
2264
2265
2266
2267
2280
2281
2282
2283
2284
2291
2292
2293
2294
2295
2297
2298
2516
2517
2632
2671
2672
2731
2732
2806
2945
3064
3197
3264
3297
3298
3299
3300
3301
3302
3303
3304
3305
3306
3307
3308
3309
3310
3311
3312
3803
3848
3849
3872
3873
3874
3886
3887
3941
3952
3995
4039
4040
4087
4088
4098
4117
4154
4180
4181
4199
4251
4324
4331
4528
4529
4530
4531
4532
4533
4534
4535
4536
4537
4538
4539
4540
4543
4544
4545
4546
4547
4548
4549
4550
4551
4552
4553
4555
4556
4557
4558
4559
4566
4567
4568
4569
4570
4571
4572
4573
4574
4575
4576
4577
4578
4579
4580
4581
4853
4940
4944
4952
4953
4954
4955
4956
4957
4997
5014
5015
5016
5035
5076
5187
5322
5413
5485
5486
5487
5488
5489
5490
5491
5492
5493
5494
5495
5496
5498
5499
5500
5501
5502
5503
5504
5505
5506
5507
5508
5509
5510
5511
5512
5514
5515
5516
5517
5518
5519
5520
5521
5522
5523
5524
5525
5526
5527
5528
5529
5530
5531
5532
5533
5534
5535
5536
5537
5538
5539
5540
5541
5542
5543
5544
5545
5546
5547
5548
5549
5550
5551
5552
5553
5554
5555
5556
5557
5648
5670
5764
5816
5831
5890
5907
5965
6008
6010
6088
6089
6090
6128
6159
6191
6254
6287
6295
6319
6320
6387
6547
6739
6805
6829
6830
6831
6832
6833
6834
6835
6836
6837
6838
6839
6840
6841
6842
6843
6844
6845
6846
6847
6848
6849
6850
6851
6852
6853
6854
6855
6856
6857
6858
6859
6860
6861
6862
6863
6864
6865
6866
6867
6868
6869
6870
6871
6872
6873
6874
6875
6876
6877
6878
6879
6880
6881
6882
6883
6884
6885
6886
6887
6888
6889
6890
6891
6892
6893
6894
6895
6896
6897
6898
6899
6900
6901
6902
6903
6904
6905
6906
6907
6908
6909
6910
6911
6912
6913
6914
7022
7122
7123
7223
7243
7263
7488
7489
7514
7556
7573
7600
7679
7698
7953
7954
7955
7956
7957
7958
7959
7960
7962
7963
7964
7965
7966
7967
7968
7970
7971
7973
7974
7975
7976
8173
8306
8330
8331
8332
8333
8345
8346
8347
8404
8405
8406
8413
8429
8486
8737
8738
8739
8740
8741
8742
8743
8744
8745
8746
8754
8755
8756
8757
8758
8759
8760
8769
9501
9502
9503
9504
9505
9507
9508
9509
9510
9511
9512
9519
9520
9521
9522
9523
9524
9525
9526
9527
9528
9529
9530
9531
9532
9533
9534
9540
9541
9542
9543
9721
9722
9724
9732
9812
9993
9994
9995
9996
10016
10017
10018
10024
10025
10026
10027
10028
10029
10030
10031
10034
10048
10267
10784
10786
10787
10788
10789
10790
10791
10792
10793
10809
10810
10811
10812
10813
10814
10816
10828
10829
10874
10923
10924
11589
11590
11591
11592
11593
11594
11595
11604
11605
11606
11607
11608
11609
11613
11614
12386
12387
12397
12693
12694
12695
12696
12697
12698
12699
12700
12701
12702
12703
12704
12705
12706
12707
12708
12712
12713
12714
12715
12724
12725
12726
12727
12728
12729
12730
12732
12733
12734
12735
12736
12737
12738
12739
12740
12741
12742
12743
12744
12849
13023
13038
13039
13040
13083
13091
13098
13099
13167
13176
13404
13405
13406
13407
13408
13409
13410
13411
13413
13414
13415
13416
13417
13418
13423
13424
13425
13428
13429
13430
13431
13432
13433
13434
13435
14005
14122
14165
14189
14190
14191
14192
14193
14194
14195
14196
14197
14198
14199
14200
14201
14202
14203
14204
14205
14206
14207
14208
14209
14210
14211
14212
14213
14214
14215
14216
14217
14218
14221
14222
14223
14224
14225
14226
14227
14228
14229
14230
14231
14236
14237
14337
14499
14500
14501
14502
14503
14511
14517
14518
14854
14855
14856
14857
14858
14859
14860
14861
14862
14863
14864
14865
14866
14870
14871
14872
14873
14874
14876
14877
14878
14879
14880
14882
14883
14884
14885
14886
14887
14888
14903
14931
15385
15443
15444
15445
15446
15447
15448
15449
15450
15451
15452
15453
15454
15455
15480
15483
15492
15493
15494
15495
15553
15595
15752
15756
15764
15804
15838
16103
16125
16263
16264
16284
16511
16512
16513
16514
16515
16516
16517
16518
16521
16522
16524
16525
16533
16534
16535
16536
16537
16538
16539
16540
16547
16548
17538
18168
18219
18220
18221
18222
18238
18239
18240
18241
18242
18243
18258
18259
18260
18261
18262
18647
18746
18747
18748
18850
19280
19287
19288
19519
19520
19521
19522
19523
19524
19525
19526
19527
19528
19529
19530
19531
19532
19533
19534
19535
19536
19537
19538
19539
19540
19541
20170
20447
20645
21402
21403
21404
21405
21406
21407
21408
21409
21410
21411
21412
21413
21414
21415
21416
21417
21418
21419
21420
21421
21422
21423
21424
21425
21426
21427
21428
21429
21430
21431
21432
21433
21434
21435
21436
21437
21438
21440
21441
21442
21443
21570
21639
21844
21939
22262
22263
22517
22576
22673
22827
23029
23030
23031
23032
23033
23034
23035
23036
23037
23038
23039
23040
23041
23144
23145
23146
23148
23201
23202
23203
23204
23205
23208
23212
23322
23323
23324
23325
23326
23327
23328
23329
23330
23339
23340
23350
23366
23367
23368
23369
23370
23371
23889
23890
23895
23896
23897
23898
23899
23900
23901
23902
23903
23904
23905
23906
23907
23908
23909
23910
23911
23913
23914
23915
23916
23917
23918
23920
23921
24229
24230
24231
24234
24235
24236
24237
24242
24243
24244
24291
24495
24496
24587
24589
24590
24605
24606
24992
25030
25286
25668
25908
25913
25914
25915
26082
26707
