7
10
16
20
26
30
31
32
39
42
44
47
49
51
59
64
71
74
78
79
83
98
99
109
115
120
122
123
124
127
129
134
137
141
146
147
151
153
156
160
164
168
171
179
180
187
188
193
197
198
202
203
205
207
208
214
218
219
226
240
244
245
247
260
261
263
278
280
284
286
290
293
301
304
307
308
370
371
374
375
381
385
388
393
397
398
399
400
406
407
408
410
411
412
413
416
418
419
420
423
424
427
429
430
436
442
445
447
448
457
458
459
477
499
500
505
508
511
512
516
518
522
523
526
528
531
532
537
540
545
546
551
554
556
557
560
562
565
568
570
576
578
579
582
584
586
592
593
595
600
602
603
608
610
612
617
621
623
625
629
631
634
640
641
643
645
646
648
649
650
653
654
657
658
660
661
662
663
666
675
678
681
684
690
693
696
698
703
708
714
726
727
728
732
733
734
739
740
744
746
748
749
750
753
754
756
758
761
762
763
765
766
767
787
788
792
797
798
801
803
806
809
812
813
815
818
820
823
827
828
831
834
835
840
844
845
852
853
856
863
864
866
868
869
870
871
872
875
876
878
879
882
883
885
886
888
890
900
904
907
913
914
919
924
929
935
938
947
948
955
958
960
963
968
970
979
980
983
991
992
993
994
1003
1004
1006
1016
1017
1018
1020
1021
1023
1024
1026
1036
1037
1040
1042
1044
1046
1047
1048
1049
1050
1054
1055
1056
1057
1058
1059
1063
1064
1072
1073
1083
1085
1086
1096
1099
1110
1113
1121
1123
1133
1137
1143
1145
1152
1158
1162
1171
1174
1175
1180
1192
1200
1213
1214
1218
1225
1226
1227
1236
1247
1250
1257
1263
1264
1275
1276
1280
1295
1305
1309
1326
1337
1345
1354
1419
1428
1429
1430
1439
1441
1446
1449
1462
1464
1467
1477
1479
1484
1489
1492
1498
1502
1505
1510
1514
1515
1517
1520
1521
1522
1523
1524
1526
1528
1530
1532
1534
1535
1538
1539
1540
1543
1544
1545
1549
1550
1565
1566
1572
1575
1576
1581
1584
1586
1587
1589
1594
1597
1600
1601
1605
1608
1609
1614
1624
1628
1630
1639
1640
1642
1646
1657
1663
1664
1667
1669
1673
1677
1679
1714
1715
1723
1730
1740
1744
1753
1793
1795
1799
1809
1810
1811
1826
1831
1834
1835
1842
1845
1854
1856
1857
1864
1866
1872
1874
1880
1883
1884
1885
1889
1890
1891
1893
1898
1899
1900
1904
1906
1910
1911
1912
1915
1916
1918
1922
1923
1925
1927
1928
1931
1932
1937
1945
1965
1967
1969
1978
1992
1993
1996
1999
2002
2003
2005
2008
2014
2015
2018
2020
2022
2025
2027
2028
2032
2036
2040
2042
2047
2051
2055
2056
2057
2060
2062
2063
2066
2067
2068
2069
2073
2075
2076
2079
2082
2085
2086
2088
2091
2098
2100
2103
2107
2112
2115
2170
2172
2174
2175
2176
2194
2195
2198
2200
2202
2206
2211
2213
2214
2216
2220
2223
2229
2231
2233
2238
2239
2241
2245
2250
2252
2256
2258
2260
2264
2266
2270
2273
2275
2276
2280
2281
2283
2286
2289
2291
2292
2294
2296
2297
2298
2302
2319
2323
2326
2328
2332
2335
2339
2343
2349
2351
2355
2358
2366
2372
2384
2391
2393
2397
2403
2404
2415
2418
2435
2438
2439
2442
2443
2458
2459
2463
2464
2466
2468
2475
2478
2484
2488
2491
2493
2499
2502
2510
2559
2561
2564
2567
2568
2571
2572
2574
2575
2579
2581
2584
2585
2589
2590
2592
2593
2595
2596
2601
2603
2610
2613
2615
2619
2624
2625
2627
2632
2641
2646
2649
2651
2660
2663
2665
2676
2678
2680
2687
2688
2691
2697
2699
2700
2709
2711
2712
2715
2723
2725
2726
2739
2740
2743
2748
2751
2754
2798
2804
2806
2810
2814
2816
2817
2819
2821
2828
2833
2834
2836
2839
2840
2842
2843
2844
2852
2854
2855
2873
2874
2876
2881
2897
2919
2921
2923
2924
2925
2926
2928
2929
2930
2931
2935
2936
2937
2939
2951
2958
2965
2967
2975
2976
2982
2989
2990
2999
3004
3006
3008
3011
3015
3017
3022
3023
3026
3029
3031
3036
3038
3042
3043
3045
3046
3047
3049
3053
3054
3055
3057
3060
3064
3065
3066
3067
3068
3073
3075
3077
3081
3083
3086
3087
3088
3092
3103
3113
3117
3123
3132
3134
3139
3140
3148
3150
3152
3157
3158
3167
3171
3172
3176
3187
3191
3194
3198
3202
3203
3208
3211
3216
3221
3227
3229
3241
3244
3250
3253
3256
3260
3265
3271
3272
3274
3280
3282
3288
3291
3294
3295
3297
3298
3299
3301
3303
3304
3308
3318
3320
3323
3324
3325
3329
3330
3332
3334
3335
3337
3338
3383
3386
3390
3414
3437
3439
3441
3442
3446
3448
3452
3453
3456
3465
3467
3469
3471
3472
3473
3474
3476
3478
3479
3480
3483
3500
3504
3508
3511
3514
3519
3524
3535
3543
3548
3551
3558
3562
3566
3574
3580
3584
3588
3606
3611
3617
3622
3628
3634
3637
3640
3643
3649
3651
3660
3662
3671
3675
3680
3685
3689
3692
3700
3705
3709
3712
3715
3725
3730
3735
3737
3739
3741
3744
3749
3753
3758
3762
3765
3766
3768
3771
3773
3774
3777
3781
3787
3791
3794
3796
3799
3802
3805
3806
3809
3811
3815
3817
3976
3977
3979
3981
3985
3986
3989
3991
3994
3995
3997
3998
4000
4002
4005
4006
4008
4010
4013
4021
4023
4025
4027
4030
4032
4033
4035
4037
4039
4040
4044
4046
4048
4049
4050
4052
4054
4058
4059
4060
4062
4065
4067
4077
4079
4089
4093
4099
4108
4109
4123
4130
4134
4138
4142
4143
4146
4147
4148
4151
4152
4156
4158
4160
4163
4165
4167
4169
4170
4171
4175
4176
4180
4181
4183
4184
4187
4189
4191
4192
4194
4196
4197
4199
4203
4204
4206
4210
4216
4218
4221
4230
4235
4239
4240
4244
4248
4251
4266
4271
4295
4302
4308
4311
4319
4321
4333
4339
4342
4343
4345
4347
4348
4351
4352
4354
4357
4358
4360
4361
4362
4365
4366
4368
4371
4372
4376
4377
4393
4403
4418
4420
4428
4429
4437
4438
4440
4442
4447
4448
4450
4453
4457
4458
4468
4474
4476
4479
4482
4485
4490
4496
4507
4511
4516
4519
4523
4539
4540
4546
4555
4556
4557
4566
4568
4572
4574
4577
4580
4607
4612
4631
4635
4637
4659
4661
4671
4677
4684
4688
4701
4704
4708
4721
4729
4730
4738
4747
4748
4750
4760
4763
4766
4774
4776
4782
4788
4795
4803
4804
4814
4818
4821
4822
4826
4827
4831
4838
4839
4846
4847
4854
4859
4860
4865
4868
4877
4878
4881
4884
4886
4890
4900
4903
4905
4906
4909
4911
4912
4927
4931
4933
4936
4937
4938
4952
4980
4989
4998
5006
5008
5014
5017
5023
5031
5036
5038
5042
5048
5052
5060
5063
5069
5072
5076
5077
5078
5086
5089
5094
5102
5109
5111
5116
5119
5124
5135
5142
5152
5155
5156
5161
5163
5169
5173
5175
5178
5182
5183
5186
5187
5199
5203
5213
5215
5225
5227
5238
5241
5243
5248
5252
5257
5267
5285
5286
5287
5290
5292
5294
5298
5299
5307
5311
5314
5324
5328
5333
5341
5352
5362
5368
5379
5385
5386
5388
5392
5394
5402
5405
5413
5414
5421
5423
5435
5438
5440
5442
5457
5465
5469
5472
5474
5477
5484
5486
5488
5490
5494
5497
5499
5504
5509
5513
5515
5517
5521
5525
5536
5542
5547
5548
5554
5556
5558
5560
5564
5566
5568
5569
5570
5572
5576
5577
5581
5582
5585
5587
5592
5597
5598
5599
5603
5606
5608
5610
5613
5615
5617
5619
5620
5621
5626
5629
5632
5634
5642
5651
5670
5673
5677
5679
5680
5691
5692
5694
5709
5710
5712
5715
5726
5730
5732
5740
5747
5748
5751
5753
5765
5767
5770
5774
5785
5790
5796
5798
5801
5802
5803
5804
5808
5809
5822
5828
5832
5834
5835
5838
5839
5841
5843
5844
5846
5847
5849
5851
5852
5854
5855
5856
5859
5860
5862
5863
5865
5868
5872
5874
5876
5878
5879
5884
5885
5887
5888
5889
5891
5893
5895
5896
5899
5900
5903
5904
5911
5915
5916
5922
5925
5934
5938
5942
5950
5956
5961
5965
5966
5971
5976
5978
5981
5984
5989
5994
5996
6000
6012
6015
6018
6024
6026
6028
6035
6040
6042
6047
6053
6054
6061
6063
6077
6083
6088
6091
6093
6098
6100
6102
6111
6113
6116
6117
6119
6120
6123
6124
6126
6127
6128
6129
6131
6132
6135
6136
6138
6141
6142
6144
6145
6149
6150
6153
6154
6160
6163
6164
6166
6169
6171
6173
6178
6184
6191
6200
6201
6208
6211
6213
6214
6226
6230
6234
6235
6243
6247
6248
6252
6255
6259
6266
6275
6277
6288
6297
6300
6303
6310
6313
6321
6322
6327
6329
6330
6337
6340
6345
6348
6351
6360
6378
6379
6381
6384
6388
6389
6390
6392
6394
6396
6402
6403
6406
6408
6412
6416
6418
6419
6421
6423
6425
6428
6430
6432
6434
6436
6437
6438
6439
6441
6443
6446
6447
6449
6451
6455
6459
6461
6465
6470
6474
6476
6478
6479
6480
6485
6488
6494
6507
6520
6523
6524
6525
6529
6532
6536
6539
6577
6578
6584
6590
6593
6595
6596
6598
6599
6611
6612
6613
6621
6634
6636
6639
6651
6659
6675
6693
6694
6695
6697
6699
6701
6703
6704
6706
6708
6711
6712
6718
6722
6733
6734
6735
6737
6738
6739
6740
6742
6744
6747
6750
6752
6755
6756
6759
6765
6769
6774
6778
6789
6793
6807
6809
6812
6819
6823
6828
6829
6832
6834
6837
6848
6852
6854
6857
6863
6865
6868
6874
6878
6882
6885
6889
6891
6894
6898
6903
6913
6915
6918
6921
6924
6927
6939
6943
6952
6965
6969
6970
6976
6985
6986
6993
6996
7000
7001
7003
7013
7015
7021
7022
7023
7024
7030
7032
7033
7035
7037
7039
7041
7043
7046
7049
7055
7064
7076
7084
7085
7086
7087
7088
7089
7092
7094
7096
7097
7101
7108
7113
7118
7122
7123
7124
7130
7134
7139
7142
7151
7153
7157
7159
7162
7174
7177
7181
7184
7191
7194
7195
7196
7197
7198
7199
7201
7211
7212
7214
7217
7219
7220
7221
7223
7224
7226
7227
7229
7230
7232
7233
7236
7237
7239
7240
7242
7243
7244
7247
7248
7250
7252
7254
7255
7257
7260
7261
7263
7329
7394
7396
7415
7418
7425
7426
7429
7430
7431
7433
7435
7441
7442
7445
7447
7451
7460
7464
7471
7474
7481
7490
7492
7499
7506
7507
7510
7514
7516
7524
7528
7535
7540
7545
7550
7559
7565
7573
7577
7584
7594
7601
7605
7615
7621
7635
7645
7654
7658
7662
7666
7675
7682
7689
7706
7727
7735
7743
7749
7753
7761
7771
7792
7794
7797
7801
7804
7814
7815
7819
7825
7829
7839
7856
7861
7894
7896
7901
7904
7909
7915
7917
7921
7926
7953
7954
7957
7958
7959
7962
7963
7968
7971
7972
7973
7980
7986
7990
7997
8001
8009
8014
8018
8060
8061
8064
8067
8068
8072
8074
8078
8080
8095
8096
8100
8103
8108
8109
8110
8116
8129
8130
8132
8136
8152
8153
8159
8174
8178
8181
8184
8212
8213
8216
8220
8224
8225
8229
8232
8235
8264
8267
8269
8272
8306
8309
8312
8320
8322
8324
8331
8346
8366
8369
8401
8402
8405
8416
8417
8419
8423
8426
8427
8428
8437
8450
8454
8457
8460
8463
8471
8476
8483
8495
8498
8507
8512
8514
8521
8527
8532
8534
8547
8548
8550
8560
8563
8566
8568
8576
8580
8583
8589
8590
8591
8596
8598
8603
8606
8608
8612
8615
8617
8631
8636
8641
8645
8657
8659
8670
8672
8673
8674
8679
8685
8686
8690
8691
8698
8737
8738
8739
8743
8748
8754
8755
8756
8773
8774
8778
8779
8782
8783
8786
8787
8788
8792
8793
8798
8802
8804
8813
8815
8819
8823
8825
8828
8830
8833
8835
8843
8846
8852
8856
8858
8859
8863
8866
8875
8890
8893
8900
8902
8910
8915
8917
8919
8922
8926
8928
8930
8933
8935
8937
8939
8942
8943
8949
8951
8953
8955
8956
8957
8959
8960
8968
8971
8974
8981
8984
8988
8991
8993
8994
8996
8999
9004
9006
9007
9058
9086
9087
9091
9094
9098
9117
9118
9121
9123
9125
9131
9132
9136
9149
9150
9168
9169
9173
9174
9177
9179
9183
9186
9187
9191
9193
9202
9215
9223
9224
9228
9231
9234
9235
9238
9242
9246
9260
9261
9265
9267
9283
9285
9287
9288
9291
9296
9309
9316
9317
9321
9323
9328
9329
9332
9334
9345
9358
9359
9362
9366
9378
9379
9384
9389
9390
9394
9402
9406
9408
9409
9415
9418
9421
9423
9429
9432
9433
9434
9444
9445
9449
9459
9464
9468
9469
9470
9474
9475
9478
9479
9481
9482
9483
9488
9489
9490
9491
9494
9495
9496
9497
9501
9502
9503
9508
9509
9511
9513
9515
9520
9521
9522
9526
9529
9530
9533
9534
9536
9537
9541
9542
9571
9576
9581
9585
9595
9601
9602
9604
9606
9609
9612
9615
9617
9618
9619
9621
9626
9627
9628
9634
9635
9636
9638
9639
9640
9642
9645
9651
9657
9664
9671
9672
9678
9685
9687
9688
9693
9694
9696
9698
9700
9711
9714
9721
9727
9742
9749
9752
9754
9756
9758
9762
9765
9768
9769
9770
9774
9776
9779
9783
9789
9793
9794
9795
9796
9800
9805
9807
9814
9816
9822
9828
9829
9835
9840
9843
9849
9863
9870
9873
9882
9890
9897
9904
9911
9912
9914
9922
9927
9929
9931
9934
9936
9938
9943
9953
9982
9983
9984
9988
9990
9992
9993
9994
9995
10002
10011
10013
10016
10021
10022
10025
10026
10027
10032
10033
10035
10037
10038
10039
10041
10043
10044
10049
10051
10052
10057
10058
10060
10061
10062
10066
10067
10068
10069
10071
10072
10090
10092
10111
10120
10123
10131
10136
10143
10146
10150
10156
10160
10161
10171
10172
10174
10181
10184
10190
10197
10200
10202
10210
10211
10213
10217
10218
10221
10222
10223
10225
10226
10227
10231
10234
10235
10236
10239
10240
10241
10246
10247
10248
10251
10255
10267
10268
10272
10293
10296
10297
10300
10303
10306
10307
10308
10310
10312
10313
10318
10323
10324
10325
10328
10331
10333
10334
10337
10338
10340
10341
10344
10347
10351
10353
10362
10363
10367
10370
10375
10376
10377
10379
10382
10388
10389
10393
10396
10401
10402
10408
10412
10413
10416
10419
10421
10422
10426
10428
10433
10434
10435
10436
10446
10448
10449
10454
10457
10463
10467
10469
10471
10473
10481
10482
10484
10490
10499
10536
10550
10554
10559
10571
10576
10580
10590
10599
10603
10608
10611
10622
10655
10656
10658
10664
10666
10672
10675
10684
10686
10688
10693
10696
10698
10700
10705
10711
10713
10721
10723
10725
10732
10737
10740
10744
10748
10755
10758
10767
10770
10777
10778
10786
10787
10788
10789
10791
10800
10809
10811
10816
10825
10834
10837
10874
10923
10928
10933
10934
10939
10942
10945
10947
10951
10954
10975
10981
10985
10990
10995
10997
11009
11011
11012
11015
11016
11019
11022
11024
11028
11036
11039
11044
11047
11054
11056
11064
11067
11080
11081
11086
11087
11088
11091
11093
11099
11109
11112
11115
11120
11123
11129
11132
11133
11141
11142
11148
11151
11153
11158
11175
11180
11192
11196
11200
11207
11213
11215
11216
11221
11230
11231
11235
11236
11242
11247
11250
11251
11260
11264
11269
11271
11293
11294
11297
11298
11302
11303
11304
11309
11312
11314
11315
11318
11319
11320
11324
11326
11327
11329
11333
11339
11342
11346
11347
11350
11351
11353
11358
11361
11376
11377
11385
11386
11390
11391
11395
11432
11434
11437
11439
11440
11447
11449
11456
11462
11479
11485
11487
11490
11492
11514
11555
11558
11566
11569
11583
11589
11590
11591
11593
11598
11599
11602
11604
11605
11606
11609
11613
11646
11649
11656
11665
11667
11674
11678
11680
11682
11686
11689
11695
11701
11703
11706
11709
11716
11718
11726
11728
11734
11735
11737
11739
11743
11751
11752
11754
11758
11766
11780
11784
11785
11788
11789
11796
11800
11805
11808
11809
11812
11814
11815
11820
11823
11827
11829
11831
11832
11833
11836
11840
11842
11844
11846
11849
11851
11854
11857
11860
11861
11863
11868
11871
11875
11877
11878
11885
11888
11890
11903
11909
11910
11912
11913
11914
11917
11918
11921
11923
11927
11928
11932
11935
11941
11943
11947
11950
11956
11967
11968
11970
11973
11980
11981
11982
11987
11988
11992
11995
12002
12006
12009
12011
12014
12015
12020
12023
12025
12028
12035
12036
12041
12045
12054
12058
12065
12071
12075
12077
12078
12082
12085
12089
12094
12097
12098
12102
12104
12107
12108
12109
12116
12117
12122
12126
12127
12130
12132
12133
12134
12135
12138
12139
12140
12143
12144
12145
12148
12151
12153
12157
12163
12169
12171
12173
12176
12179
12182
12190
12195
12212
12215
12221
12223
12229
12231
12233
12251
12257
12263
12269
12274
12280
12286
12292
12298
12303
12307
12312
12317
12318
12323
12328
12334
12340
12346
12348
12350
12355
12363
12369
12371
12375
12387
12397
12489
12493
12496
12499
12503
12505
12535
12541
12542
12544
12546
12547
12557
12558
12559
12565
12566
12572
12576
12580
12582
12589
12590
12593
12597
12598
12599
12602
12624
12637
12647
12662
12672
12685
12687
12689
12693
12695
12701
12702
12706
12709
12714
12716
12717
12719
12726
12728
12734
12738
12745
12746
12747
12748
12749
12751
12753
12755
12757
12759
12761
12763
12767
12768
12773
12820
12827
12835
12840
12852
12854
12860
12863
12871
12872
12878
12879
12883
12889
12892
12895
12898
12899
12902
12907
12909
12917
12918
12919
12922
12924
12927
12930
12936
12941
12944
12945
12947
12949
12955
12958
12959
12962
12963
12965
12968
12969
12971
12972
12974
12975
12978
12979
12981
12984
12986
12987
12990
12992
12994
12999
13002
13003
13005
13009
13010
13012
13014
13017
13018
13021
13022
13023
13024
13027
13033
13035
13038
13040
13041
13044
13049
13051
13056
13062
13079
13090
13092
13093
13099
13100
13101
13105
13112
13126
13131
13135
13179
13185
13186
13189
13199
13204
13207
13216
13218
13227
13231
13237
13239
13243
13251
13253
13265
13273
13280
13283
13293
13297
13301
13306
13308
13315
13323
13325
13345
13346
13347
13349
13350
13357
13360
13370
13371
13377
13381
13382
13383
13394
13399
13405
13406
13408
13413
13415
13419
13424
13427
13428
13432
13439
13440
13442
13456
13459
13464
13466
13474
13478
13483
13487
13497
13498
13499
13502
13507
13508
13512
13513
13516
13520
13521
13523
13524
13525
13530
13531
13533
13538
13540
13547
13551
13554
13555
13557
13560
13566
13571
13576
13577
13580
13585
13587
13591
13594
13599
13603
13611
13623
13624
13629
13630
13632
13633
13634
13635
13636
13638
13640
13641
13643
13644
13645
13649
13650
13654
13655
13659
13660
13663
13665
13668
13670
13675
13676
13677
13680
13681
13682
13683
13685
13686
13688
13689
13691
13692
13699
13702
13703
13705
13706
13707
13712
13716
13725
13729
13738
13742
13745
13746
13751
13757
13761
13779
13780
13789
13793
13797
13799
13802
13803
13807
13813
13817
13825
13830
13848
13850
13855
13857
13862
13875
13880
13957
13960
13975
13976
13977
13979
13981
13984
13985
13986
13991
13992
13993
13994
13995
13997
14002
14006
14008
14010
14012
14013
14015
14017
14019
14023
14024
14025
14027
14033
14034
14036
14038
14041
14042
14044
14048
14050
14052
14053
14054
14055
14057
14060
14061
14066
14070
14074
14079
14082
14089
14091
14092
14100
14103
14104
14106
14108
14110
14113
14116
14118
14119
14120
14124
14128
14132
14133
14136
14138
14141
14144
14146
14148
14152
14154
14157
14167
14173
14177
14179
14182
14187
14193
14203
14212
14222
14226
14240
14244
14245
14247
14249
14250
14256
14258
14260
14261
14263
14266
14267
14269
14270
14273
14280
14282
14286
14289
14294
14297
14302
14304
14339
14342
14345
14349
14356
14361
14366
14370
14380
14386
14392
14393
14401
14409
14413
14417
14426
14433
14436
14438
14440
14443
14447
14453
14458
14463
14471
14473
14479
14490
14491
14498
14502
14504
14512
14519
14522
14528
14529
14532
14534
14537
14541
14545
14549
14550
14557
14562
14572
14578
14579
14582
14585
14586
14589
14590
14591
14596
14600
14604
14605
14607
14608
14616
14620
14621
14622
14627
14629
14640
14641
14644
14645
14662
14664
14670
14678
14679
14680
14682
14684
14704
14706
14718
14720
14733
14735
14736
14738
14740
14743
14744
14756
14783
14787
14789
14791
14792
14810
14813
14826
14834
14842
14848
14852
14857
14862
14871
14874
14886
14889
14915
14917
14922
14926
14929
14932
14937
14941
14945
14952
14955
14958
14965
14966
14969
14972
14975
14978
14985
14990
14993
14995
15000
15003
15007
15014
15021
15023
15034
15036
15047
15048
15051
15056
15062
15064
15069
15073
15075
15078
15083
15085
15090
15094
15097
15100
15117
15125
15126
15128
15134
15135
15161
15176
15188
15193
15195
15217
15220
15222
15270
15276
15278
15280
15282
15288
15290
15299
15307
15313
15314
15319
15329
15346
15354
15373
15387
15395
15402
15416
15417
15418
15420
15422
15423
15424
15428
15432
15434
15436
15437
15439
15441
15446
15461
15464
15468
15470
15474
15478
15484
15487
15494
15499
15504
15505
15512
15516
15520
15524
15528
15532
15538
15546
15547
15552
15559
15574
15580
15589
15594
15597
15602
15606
15607
15609
15613
15615
15617
15618
15620
15622
15623
15625
15626
15629
15630
15635
15638
15639
15641
15642
15643
15647
15648
15650
15651
15652
15655
15656
15657
15658
15659
15660
15663
15664
15667
15668
15669
15671
15672
15674
15676
15678
15679
15682
15684
15709
15713
15714
15716
15720
15726
15727
15734
15745
15749
15750
15752
15756
15757
15767
15768
15772
15773
15775
15776
15779
15780
15782
15791
15795
15797
15798
15802
15803
15804
15805
15808
15809
15811
15812
15814
15817
15818
15820
15821
15825
15826
15827
15828
15830
15833
15835
15838
15839
15841
15842
15847
15861
15862
15864
15865
15866
15867
15869
15871
15874
15875
15878
15881
15883
15885
15888
15889
15891
15899
15908
15913
15917
15925
15926
15929
15930
15931
15942
15946
15962
15965
15979
15980
15986
15988
15993
15996
15998
16004
16013
16020
16025
16032
16035
16041
16043
16045
16047
16048
16050
16052
16053
16055
16058
16059
16061
16062
16063
16064
16065
16066
16069
16070
16072
16073
16075
16078
16079
16081
16082
16084
16085
16088
16089
16091
16095
16097
16099
16100
16101
16104
16108
16109
16111
16112
16113
16114
16116
16118
16119
16126
16157
16174
16187
16204
16205
16206
16211
16212
16219
16220
16221
16223
16225
16227
16230
16232
16234
16239
16243
16245
16248
16254
16259
16263
16267
16273
16276
16279
16284
16286
16288
16291
16297
16303
16307
16308
16310
16316
16317
16319
16321
16324
16325
16327
16333
16334
16341
16345
16347
16348
16349
16369
16412
16413
16416
16418
16420
16425
16429
16436
16444
16445
16455
16467
16468
16471
16474
16478
16482
16483
16487
16491
16495
16499
16502
16506
16511
16512
16515
16518
16519
16521
16532
16534
16537
16542
16547
16551
16554
16562
16571
16573
16581
16591
16594
16599
16605
16609
16625
16628
16643
16645
16652
16654
16658
16660
16671
16686
16694
16696
16708
16709
16716
16720
16721
16723
16726
16727
16730
16736
16741
16745
16747
16752
16755
16759
16764
16767
16769
16770
16778
16785
16794
16796
16797
16798
16804
16805
16807
16810
16811
16813
16814
16815
16816
16819
16820
16822
16825
16826
16839
16840
16872
16874
16880
16902
16904
16909
16920
16926
16934
16936
16951
16963
16973
16974
16975
16978
16984
16998
16999
17005
17010
17015
17019
17028
17036
17042
17057
17061
17066
17070
17079
17096
17098
17106
17110
17113
17117
17124
17128
17134
17136
17140
17147
17151
17156
17161
17165
17168
17172
17180
17190
17193
17199
17204
17205
17212
17218
17219
17227
17235
17242
17253
17263
17272
17281
17292
17298
17305
17317
17323
17328
17337
17342
17345
17351
17361
17366
17394
17399
17414
17422
17427
17430
17433
17437
17444
17447
17449
17450
17452
17455
17457
17460
17463
17465
17469
17473
17482
17484
17487
17490
17495
17504
17510
17516
17522
17530
17542
17545
17550
17552
17558
17566
17569
17576
17582
17586
17595
17600
17602
17605
17607
17612
17616
17619
17622
17641
17643
17646
17649
17652
17654
17656
17658
17660
17663
17667
17669
17674
17677
17679
17681
17683
17684
17687
17689
17694
17696
17697
17698
17700
17704
17706
17710
17713
17715
17717
17720
17723
17725
17727
17730
17732
17733
17735
17737
17741
17812
17829
17872
17873
17878
17879
17887
17890
17896
17902
17904
17913
17919
17931
17939
17945
17955
17963
17964
17965
17969
17971
17974
17978
17979
17982
17985
17987
17989
17992
17997
17999
18001
18002
18005
18007
18010
18013
18016
18018
18021
18024
18026
18029
18030
18036
18040
18042
18044
18048
18051
18053
18054
18058
18061
18063
18065
18068
18069
18074
18081
18086
18087
18089
18092
18094
18095
18099
18102
18105
18111
18114
18116
18121
18122
18125
18130
18132
18134
18136
18140
18142
18144
18150
18211
18287
18288
18291
18294
18297
18299
18301
18303
18304
18306
18309
18312
18313
18315
18317
18320
18321
18322
18324
18326
18329
18332
18335
18338
18339
18341
18342
18344
18346
18347
18349
18352
18356
18359
18365
18368
18372
18378
18381
18383
18388
18390
18399
18401
18404
18407
18411
18416
18422
18424
18426
18428
18430
18433
18437
18440
18442
18447
18453
18455
18459
18460
18467
18470
18477
18487
18488
18489
18492
18494
18500
18502
18505
18510
18514
18515
18523
18553
18556
18567
18569
18572
18579
18582
18587
18591
18597
18600
18602
18609
18612
18615
18619
18622
18624
18626
18628
18635
18637
18641
18645
18650
18659
18661
18663
18664
18666
18667
18671
18672
18678
18683
18685
18686
18687
18688
18693
18700
18704
18705
18739
18800
18804
18807
18811
18818
18828
18835
18837
18844
18851
18858
18863
18868
18894
18930
18931
18979
18984
19029
19041
19045
19050
19055
19088
19091
19092
19098
19099
19103
19105
19108
19111
19112
19116
19118
19119
19121
19123
19126
19132
19136
19138
19142
19144
19151
19152
19157
19159
19162
19164
19165
19168
19171
19174
19176
19179
19182
19185
19187
19190
19194
19195
19198
19200
19203
19205
19206
19209
19215
19216
19227
19232
19236
19248
19253
19259
19261
19265
19270
19274
19276
19280
19281
19288
19293
19296
19298
19299
19310
19376
19378
19383
19387
19388
19390
19394
19398
19401
19405
19409
19412
19415
19417
19421
19424
19428
19435
19440
19445
19448
19450
19455
19461
19466
19468
19469
19472
19474
19476
19479
19481
19486
19489
19493
19494
19495
19498
19499
19503
19506
19546
19547
19550
19556
19560
19562
19566
19576
19579
19590
19592
19595
19598
19600
19604
19609
19612
19614
19620
19621
19623
19627
19634
19635
19637
19641
19642
19643
19649
19654
19660
19665
19666
19716
19717
19719
19720
19728
19729
19731
19735
19736
19746
19751
19754
19761
19763
19768
19769
19770
19772
19773
19774
19775
19777
19779
19782
19786
19794
19796
19801
19802
19804
19807
19816
19819
19823
19825
19827
19832
19834
19837
19839
19843
19844
19845
19846
19848
19852
19856
19859
19864
19867
19876
19878
19882
19886
19888
19895
19897
19899
19905
19906
19910
19914
19922
19925
19926
19928
19933
19936
19939
19942
19944
19946
19949
19952
19954
19955
19960
19961
19963
19966
19969
19972
19973
19975
19979
19981
19986
19991
19993
19996
19999
20001
20002
20003
20004
20006
20011
20013
20016
20018
20020
20024
20026
20027
20029
20033
20035
20037
20039
20041
20043
20046
20048
20050
20052
20054
20058
20060
20075
20082
20084
20086
20100
20105
20116
20117
20121
20125
20130
20134
20200
20201
20204
20205
20207
20213
20217
20221
20226
20228
20229
20231
20233
20236
20238
20241
20243
20245
20247
20250
20253
20254
20261
20263
20265
20267
20270
20273
20274
20275
20278
20279
20282
20283
20286
20288
20290
20292
20295
20299
20300
20302
20307
20309
20312
20315
20317
20318
20319
20321
20326
20328
20330
20332
20334
20337
20340
20342
20344
20347
20351
20353
20357
20360
20363
20364
20367
20370
20374
20376
20379
20381
20383
20385
20388
20391
20393
20396
20399
20406
20408
20412
20414
20420
20427
20436
20440
20443
20451
20458
20462
20470
20473
20477
20479
20481
20486
20490
20495
20500
20504
20506
20514
20515
20516
20517
20519
20521
20527
20531
20533
20535
20540
20542
20544
20548
20551
20556
20559
20561
20566
20570
20578
20587
20598
20600
20610
20616
20619
20624
20626
20628
20631
20633
20640
20647
20668
20669
20674
20677
20681
20685
20687
20695
20705
20713
20716
20722
20728
20733
20736
20743
20748
20753
20760
20763
20766
20768
20772
20776
20779
20781
20783
20787
20792
20795
20798
20804
20806
20809
20810
20819
20821
20825
20827
20846
20848
20850
20854
20872
20878
20882
20907
20933
20940
20944
20959
20964
20967
20969
20971
20976
20979
20981
20983
20988
20990
20991
20992
20993
20997
21000
21001
21006
21010
21012
21018
21024
21028
21029
21033
21042
21045
21047
21053
21057
21060
21061
21063
21066
21067
21080
21088
21090
21093
21094
21095
21107
21114
21120
21149
21152
21153
21156
21158
21159
21160
21162
21164
21167
21168
21170
21171
21172
21175
21177
21179
21185
21187
21190
21195
21198
21200
21205
21209
21212
21213
21224
21227
21229
21231
21240
21246
21249
21254
21258
21263
21267
21268
21270
21273
21275
21281
21287
21288
21293
21295
21298
21303
21305
21306
21316
21321
21323
21329
21380
21444
21445
21488
21490
21496
21504
21513
21521
21526
21532
21539
21540
21543
21552
21556
21561
21565
21571
21573
21581
21582
21590
21599
21603
21607
21619
21623
21625
21626
21631
21632
21635
21637
21638
21639
21668
21670
21671
21673
21678
21681
21685
21686
21688
21692
21695
21698
21700
21702
21705
21706
21707
21710
21711
21717
21719
21721
21724
21726
21729
21732
21738
21741
21743
21746
21749
21755
21756
21759
21760
21762
21764
21767
21772
21780
21782
21783
21787
21830
21836
21841
21844
21848
21856
21858
21860
21863
21870
21871
21873
21876
21879
21887
21892
21894
21899
21902
21906
21907
21909
21911
21914
21916
21918
21920
21923
21926
21931
21936
21938
21973
21974
21976
21978
21981
21982
21985
21987
21989
21990
21993
21995
21999
22001
22008
22010
22012
22013
22014
22017
22019
22023
22027
22030
22036
22041
22043
22045
22051
22056
22059
22060
22062
22064
22067
22069
22070
22073
22078
22082
22083
22084
22087
22088
22090
22092
22095
22098
22101
22102
22105
22109
22110
22113
22118
22121
22122
22125
22128
22129
22131
22137
22140
22142
22143
22146
22147
22152
22155
22156
22161
22164
22168
22169
22172
22175
22177
22180
22186
22188
22190
22195
22197
22198
22199
22200
22203
22204
22206
22207
22210
22212
22213
22384
22387
22392
22396
22402
22403
22405
22407
22409
22414
22416
22422
22430
22431
22437
22439
22444
22446
22447
22457
22459
22464
22471
22478
22483
22485
22486
22487
22490
22497
22506
22514
22518
22520
22527
22531
22538
22551
22634
22656
22660
22686
22710
22732
22738
22759
22788
22790
22792
22794
22797
22800
22803
22805
22807
22809
22811
22813
22815
22816
22819
22822
22823
22826
22828
22870
22871
22882
22887
22893
22894
22895
22896
22899
22902
22905
22906
22909
22913
22915
22917
22919
22924
22926
22928
22935
22940
22947
22948
22950
22952
22953
22955
22956
22958
22962
22964
22967
22969
22971
22975
22979
22982
22988
23002
23005
23007
23017
23049
23052
23053
23062
23064
23071
23074
23078
23083
23096
23098
23105
23108
23117
23124
23128
23130
23136
23137
23139
23168
23171
23172
23176
23178
23181
23184
23190
23195
23199
23206
23209
23210
23214
23228
23232
23233
23235
23246
23247
23249
23250
23252
23255
23257
23261
23264
23266
23268
23270
23272
23275
23278
23281
23285
23288
23290
23291
23294
23295
23297
23299
23302
23306
23308
23310
23313
23315
23316
23331
23335
23344
23349
23351
23354
23356
23357
23359
23361
23372
23374
23375
23377
23386
23388
23392
23396
23401
23407
23429
23458
23461
23467
23530
23531
23533
23534
23536
23537
23539
23540
23542
23543
23546
23557
23560
23564
23566
23570
23574
23577
23581
23584
23589
23593
23603
23605
23610
23611
23613
23614
23616
23620
23626
23628
23633
23639
23644
23647
23649
23651
23660
23665
23666
23670
23671
23676
23678
23680
23685
23686
23695
23701
23703
23708
23710
23713
23716
23720
23721
23723
23742
23746
23748
23753
23757
23762
23768
23774
23778
23783
23793
23795
23802
23813
23817
23818
23822
23824
23825
23829
23832
23835
23837
23841
23844
23849
23850
23851
23854
23857
23859
23860
23861
23863
23865
23866
23869
23870
23871
23875
23878
23881
23882
23884
23885
23886
23888
23926
23934
23935
23944
23945
23947
23949
23951
23954
23956
23958
23962
23963
23966
23967
23969
23972
23975
23977
23983
23985
23986
23993
23998
24007
24013
24018
24023
24028
24045
24047
24048
24049
24055
24061
24068
24073
24077
24078
24079
24082
24087
24091
24099
24107
24111
24114
24119
24121
24127
24128
24140
24143
24146
24148
24154
24161
24163
24166
24171
24172
24180
24186
24190
24193
24232
24240
24255
24261
24269
24273
24283
24284
24285
24292
24298
24304
24307
24310
24314
24316
24318
24322
24325
24330
24334
24336
24340
24345
24346
24351
24355
24357
24395
24406
24419
24421
24429
24434
24450
24465
24475
24482
24486
24491
24513
24518
24520
24523
24533
24538
24541
24543
24544
24556
24563
24567
24572
24576
24584
24591
24593
24595
24598
24603
24606
24607
24609
24614
24617
24620
24622
24623
24630
24644
24651
24652
24661
24663
24665
24668
24669
24670
24673
24676
24679
24682
24684
24686
24687
24690
24694
24698
24700
24702
24705
24708
24709
24712
24716
24719
24722
24723
24726
24729
24732
24733
24736
24737
24740
24744
24747
24749
24750
24754
24764
24769
24774
24777
24779
24780
24784
24786
24789
24794
24796
24798
24808
24812
24815
24816
24821
24825
24829
24831
24833
24835
24840
24841
24845
24848
24849
24850
24852
24854
24857
24861
24865
24871
24898
24924
24933
24936
24943
24954
24963
24972
24981
24984
24996
25007
25012
25016
25018
25021
25023
25026
25027
25032
25034
25036
25037
25039
25040
25041
25042
25043
25051
25053
25062
25068
25074
25079
25088
25092
25101
25107
25127
25133
25136
25141
25146
25157
25162
25163
25168
25175
25179
25186
25193
25194
25198
25204
25206
25211
25213
25214
25215
25218
25220
25223
25227
25229
25231
25235
25236
25239
25243
25245
25251
25254
25256
25257
25260
25264
25266
25268
25270
25271
25274
25275
25276
25279
25282
25284
25294
25324
25330
25332
25334
25336
25340
25343
25345
25349
25352
25358
25359
25363
25367
25374
25390
25396
25400
25402
25407
25417
25425
25426
25431
25434
25438
25440
25447
25449
25456
25458
25461
25464
25469
25511
25516
25520
25523
25527
25531
25548
25550
25552
25554
25556
25557
25559
25561
25563
25564
25567
25569
25571
25572
25573
25574
25576
25577
25579
25583
25584
25586
25591
25595
25600
25605
25618
25649
25655
25661
25664
25667
25670
25673
25675
25677
25682
25684
25687
25689
25690
25691
25694
25698
25702
25704
25705
25710
25713
25718
25726
25730
25734
25739
25749
25758
25760
25764
25770
25773
25777
25784
25790
25797
25803
25805
25806
25809
25811
25812
25814
25820
25824
25829
25835
25847
25853
25863
25872
25880
25895
25917
25928
25934
25943
25947
25949
25950
25953
25957
25960
25964
25974
25976
25980
25984
25988
25989
25992
25993
25998
26000
26001
26004
26009
26010
26011
26012
26014
26016
26024
26027
26031
26033
26036
26038
26044
26045
26060
26075
26086
26089
26093
26094
26097
26100
26104
26105
26140
26142
26160
26161
26200
26209
26213
26223
26229
26232
26235
26240
26243
26245
26247
26250
26254
26257
26259
26283
26287
26289
26292
26295
26296
26299
26302
26304
26307
26308
26309
26310
26312
26313
26315
26317
26319
26321
26323
26326
26327
26330
26332
26335
26337
26338
26341
26344
26347
26350
26356
26359
26360
26362
26363
26368
26370
26371
26373
26377
26378
26381
26383
26384
26385
26386
26387
26388
26390
26391
26392
26394
26398
26399
26401
26404
26406
26410
26413
26416
26420
26422
26424
26426
26430
26435
26438
26442
26447
26450
26451
26452
26453
26454
26456
26457
26460
26463
26464
26466
26468
26470
26474
26477
26478
26479
26481
26484
26488
26489
26491
26495
26497
26498
26500
26502
26507
26511
26517
26520
26525
26526
26528
26529
26530
26532
26535
26536
26538
26542
26545
26546
26547
26551
26554
26557
26561
26564
26565
26566
26569
26570
26573
26575
26578
26581
26583
26586
26587
26588
26589
26590
26592
26593
26594
26595
26596
26597
26599
