1
2
3
10
34
35
36
47
68
69
70
71
76
77
86
90
117
134
175
184
192
207
212
213
214
215
216
223
230
237
238
239
240
241
251
265
267
268
269
270
276
277
278
279
296
317
342
351
352
361
396
415
476
479
495
508
521
544
617
660
718
743
753
795
796
826
843
844
861
909
925
933
934
965
983
990
1014
1039
1053
1066
1104
1105
1106
1117
1118
1119
1127
1150
1156
1223
1231
1329
1417
1418
1435
1461
1467
1468
1481
1482
1485
1494
1495
1553
1561
1602
1635
1646
1647
1683
1716
1721
1722
1723
1724
1728
1729
1731
1732
1733
1747
1748
1751
1752
1821
1851
1852
1861
1862
1870
1878
1879
1887
1895
1896
1944
1945
1961
1962
2001
2060
2118
2131
2145
2153
2154
2178
2185
2208
2219
2272
2310
2343
2344
2402
2430
2447
2471
2472
2517
2543
2544
2596
2619
2620
2621
2631
2655
2656
2670
2680
2702
2715
2729
2743
2766
2775
2791
2800
2842
2880
2885
2887
2912
2939
2970
3045
3052
3057
3097
3107
3110
3126
3139
3182
3219
3220
3221
3222
3223
3224
3232
3238
3239
3248
3249
3250
3251
3252
3276
3277
3278
3279
3285
3286
3287
3364
3377
3402
3416
3471
3530
3531
3561
3569
3578
3587
3608
3619
3648
3696
3718
3752
3836
3841
3867
3885
3950
3984
3993
4015
4030
4031
4076
4086
4106
4107
4116
4169
4170
4171
4273
4277
4301
4310
4317
4318
4330
4362
4413
4433
4462
4500
4527
4550
4606
4618
4644
4645
4666
4700
4728
4744
4745
4831
4832
4852
4884
4921
4944
4957
4993
5030
5057
5115
5118
5197
5235
5236
5237
5240
5265
5321
5322
5348
5356
5371
5382
5384
5385
5386
5400
5401
5402
5403
5404
5430
5431
5438
5439
5440
5481
5484
5530
5540
5552
5720
5737
5746
5763
5781
5798
5855
5879
5880
5899
5906
5909
5910
5911
5912
5913
5914
5915
5932
5933
5934
5935
5936
5937
5938
5946
5948
5949
5950
5951
5952
5953
5954
5955
5956
5957
5958
5959
5960
5961
5962
5963
5964
5965
5975
5989
6038
6051
6060
6072
6126
6153
6154
6166
6176
6218
6230
6239
6252
6265
6285
6286
6294
6309
6318
6362
6401
6411
6412
6413
6414
6415
6416
6417
6428
6429
6446
6453
6454
6455
6456
6457
6465
6466
6467
6468
6469
6470
6471
6472
6473
6518
6519
6520
6521
6522
6523
6524
6525
6527
6528
6529
6530
6531
6532
6533
6534
6535
6536
6537
6538
6539
6540
6556
6567
6604
6618
6646
6698
6717
6817
6841
6842
6852
6860
6896
6908
6937
6938
6939
6940
6941
6942
6943
6944
6945
6946
6947
6948
6949
6950
6951
6952
6953
6954
6955
6956
6957
6958
6959
6960
6961
6962
6963
6964
6965
6966
6967
6968
6969
6983
6984
6992
7011
7012
7019
7053
7088
7094
7161
7163
7164
7221
7222
7242
7306
7314
7324
7336
7337
7341
7360
7424
7457
7544
7629
7641
7649
7650
7670
7671
7678
7679
7684
7694
7695
7720
7757
7766
7775
7785
7791
7891
7892
7941
7947
7984
7993
7994
8004
8011
8012
8026
8037
8078
8093
8094
8107
8108
8151
8172
8186
8196
8208
8223
8253
8254
8261
8262
8297
8311
8314
8333
8351
8377
8381
8428
8439
8467
8481
8488
8489
8490
8491
8506
8530
8537
8538
8539
8540
8542
8543
8544
8554
8556
8557
8558
8559
8594
8595
8596
8597
8598
8599
8600
8620
8667
8689
8695
8702
8709
8797
8817
8818
8819
8820
8821
8822
8823
8824
8825
8826
8827
8828
8829
8830
8831
8832
8833
8834
8835
8836
8838
8839
8840
8841
8842
8843
8844
8845
8850
8913
8970
8971
8987
9028
9052
9130
9141
9167
9177
9178
9196
9246
9247
9258
9301
9327
9375
9399
9418
9419
9433
9472
9488
9494
9499
9505
9526
9527
9583
9593
9609
9610
9625
9632
9638
9656
9677
9793
9811
9826
9833
9854
9859
9885
9899
9900
9992
10047
10055
10091
10104
10153
10188
10194
10222
10231
10232
10244
10306
10357
10358
10359
10374
10386
10387
10411
10432
10441
10475
10511
10529
10616
10637
10647
10678
10717
10729
10730
10744
10762
10763
10774
10775
10779
10780
10781
10782
10783
10794
10799
10800
10801
10802
10803
10804
10805
10806
10814
10822
10823
10824
10825
10826
10832
10833
10834
10835
10836
10837
10838
10844
10853
10862
10863
10877
10883
10902
10914
10915
10919
10958
10965
11001
11003
11014
11060
11147
11225
11226
11250
11276
11307
11317
11324
11325
11373
11396
11444
11459
11497
11529
11540
11541
11563
11574
11575
11576
11577
11578
11579
11580
11581
11582
11583
11584
11585
11618
11629
11633
11662
11663
11671
11722
11743
11744
11799
11833
11891
11892
11893
11894
11895
11896
11897
11898
11899
11900
11901
11902
11903
11904
11905
11931
11954
12034
12133
12143
12152
12165
12197
12228
12238
12266
12331
12349
12421
12435
12517
12575
12588
12590
12622
12643
12666
12692
12699
12743
12773
12788
12843
12868
12886
12887
12888
12909
12981
12996
13197
13198
13199
13200
13201
13202
13204
13205
13206
13207
13208
13209
13210
13211
13216
13250
13261
13263
13264
13265
13266
13267
13268
13278
13279
13280
13281
13282
13292
13293
13294
13295
13296
13306
13307
13313
13314
13315
13316
13317
13318
13319
13340
13411
13435
13452
13510
13511
13523
13533
13534
13535
13536
13537
13538
13539
13540
13541
13542
13543
13545
13546
13547
13548
13549
13550
13551
13552
13557
13558
13559
13560
13561
13562
13563
13564
13565
13566
13567
13568
13569
13570
13571
13572
13573
13598
13620
13662
13701
13776
13822
13823
13836
13837
13838
13869
13870
13871
13893
13965
13966
13990
14102
14133
14144
14162
14179
14180
14181
14208
14231
14232
14237
14253
14318
14351
14389
14393
14473
14508
14544
14695
14713
14742
14797
14807
14828
14845
14866
14901
14947
14948
14963
15020
15030
15031
15041
15066
15081
15095
15121
15122
15186
15200
15201
15213
15214
15228
15229
15237
15252
15267
15296
15306
15382
15418
15460
15462
15463
15464
15465
15466
15467
15468
15469
15470
15471
15472
15473
15474
15475
15476
15477
15478
15479
15481
15482
15491
15509
15510
15511
15512
15513
15514
15515
15516
15517
15518
15519
15520
15521
15522
15523
15524
15526
15527
15528
15529
15530
15531
15532
15536
15537
15538
15539
15540
15541
15542
15562
15592
15601
15625
15642
15669
15782
15794
15827
15858
15860
15971
16039
16084
16085
16100
16101
16112
16218
16252
16253
16296
16338
16339
16362
16365
16429
16452
16459
16460
16471
16472
16473
16474
16475
16476
16477
16478
16479
16480
16481
16482
16483
16484
16485
16486
16487
16488
16489
16490
16491
16492
16493
16494
16495
16496
16497
16498
16499
16500
16501
16502
16503
16504
16505
16506
16510
16541
16555
16564
16634
16635
16703
16714
16715
16716
16717
16718
16719
16720
16721
16722
16723
16724
16725
16726
16727
16728
16729
16730
16731
16732
16733
16734
16735
16736
16737
16738
16739
16740
16741
16742
16743
16744
16745
16746
16747
16748
16749
16750
16751
16752
16753
16790
16791
16813
16866
16887
16916
16917
16918
16932
16944
16957
16969
16970
16982
17026
17041
17077
17132
17177
17178
17246
17247
17259
17260
17277
17284
17285
17310
17311
17320
17387
17393
17398
17411
17418
17521
17527
17556
17565
17574
17651
17666
17676
17697
17748
17757
17771
17791
17792
17806
17836
17859
17886
17918
17935
17995
18023
18109
18120
18139
18153
18230
18241
18257
18273
18328
18337
18395
18396
18452
18459
18463
18541
18576
18577
18595
18596
18606
18644
18729
18730
18731
18732
18744
18759
18760
18775
18788
18789
18798
18799
18806
18810
18817
18824
18842
18857
18891
18907
18908
18917
18933
18934
18935
18936
18944
19003
19038
19054
19060
19077
19087
19182
19183
19193
19209
19258
19369
19380
19381
19382
19401
19402
19403
19404
19405
19406
19407
19408
19409
19410
19411
19412
19413
19420
19421
19422
19423
19434
19435
19436
19437
19438
19439
19478
19505
19516
19535
19628
19632
19791
19807
19919
19951
19971
19988
20002
20003
20036
20049
20061
20063
20064
20065
20066
20067
20068
20069
20070
20071
20072
20073
20074
20076
20077
20078
20079
20080
20081
20089
20091
20092
20093
20094
20095
20096
20097
20098
20099
20100
20101
20102
20103
20104
20105
20106
20107
20108
20109
20110
20111
20112
20113
20114
20115
20123
20124
20125
20126
20127
20128
20129
20130
20131
20132
20133
20135
20136
20137
20160
20161
20193
20211
20242
20257
20258
20259
20273
20298
20329
20339
20349
20372
20373
20390
20402
20403
20413
20434
20455
20485
20510
20524
20539
20555
20593
20604
20623
20658
20669
20670
20671
20672
20673
20674
20675
20676
20678
20679
20680
20681
20682
20683
20684
20686
20687
20688
20689
20690
20691
20692
20693
20694
20695
20696
20697
20698
20699
20700
20701
20704
20705
20706
20707
20708
20720
20721
20722
20723
20724
20725
20726
20727
20836
20844
20892
20893
20903
20904
20905
20914
20932
20933
20934
20935
20936
20937
20938
20939
20940
20941
20942
20943
20944
20945
20946
20947
20948
20949
20950
20951
20952
20953
20954
20955
20956
20957
20958
20959
20960
20961
20962
20963
20978
21037
21052
21072
21124
21175
21204
21219
21322
21345
21359
21360
21376
21377
21378
21389
21416
21433
21434
21486
21487
21488
21489
21490
21491
21492
21494
21495
21496
21497
21498
21499
21500
21501
21502
21503
21504
21505
21506
21507
21508
21509
21510
21511
21512
21513
21514
21515
21516
21517
21518
21519
21520
21521
21522
21523
21524
21525
21526
21527
21528
21529
21643
21743
21770
21772
21773
21777
21778
21779
21780
21781
21809
21838
21843
21866
21882
21901
21917
21929
21930
21988
22005
22035
22048
22076
22081
22117
22155
22325
22344
22385
22386
22390
22391
22392
22393
22394
22395
22396
22397
22398
22399
22413
22414
22415
22416
22417
22418
22419
22420
22421
22427
22428
22429
22433
22435
22436
22437
22438
22439
22440
22481
22493
22545
22567
22575
22590
22591
22604
22615
22616
22617
22630
22631
22632
22633
22642
22654
22655
22656
22657
22658
22659
22660
22661
22662
22664
22665
22666
22667
22668
22669
22670
22671
22672
22681
22682
22683
22684
22685
22690
22699
22716
22717
22718
22719
22720
22721
22729
22730
22731
22737
22738
22739
22740
22741
22742
22743
22744
22745
22746
22747
22754
22758
22759
22837
22857
22869
22913
22932
22933
22939
22993
23015
23016
23022
23051
23135
23147
23161
23213
23224
23242
23255
23256
23306
23307
23338
23348
23365
23381
23417
23433
23434
23445
23446
23447
23465
23479
23492
23602
23614
23715
23727
23767
23768
23770
23787
23788
23789
23790
23791
23792
23800
23801
23805
23806
23807
23808
23828
23847
23848
23870
23888
23899
23940
23965
23966
24012
24034
24063
24064
24065
24066
24069
24070
24071
24072
24073
24074
24075
24076
24077
24078
24087
24088
24089
24090
24096
24098
24099
24116
24178
24195
24203
24237
24260
24261
24262
24263
24264
24265
24280
24281
24282
24283
24296
24303
24304
24305
24306
24333
24353
24363
24364
24380
24381
24390
24405
24511
24515
24516
24527
24528
24529
24530
24531
24532
24535
24536
24537
24549
24561
24580
24635
24636
24693
24737
24738
24867
24873
24878
24889
24940
24952
24953
24980
24990
24991
25086
25098
25106
25112
25151
25178
25188
25218
25235
25243
25244
25274
25319
25322
25342
25351
25363
25386
25400
25401
25412
25419
25494
25504
25505
25536
25590
25604
25626
25647
25648
25724
25737
25744
25745
25822
25823
25824
25825
25826
25827
25828
25829
25830
25831
25832
25833
25834
25835
25836
25837
25838
25839
25840
25841
25842
25843
25844
25845
25846
25861
25862
25863
25864
25865
25866
25867
25868
25869
25870
25871
25878
25879
25880
25881
25882
25883
25884
25885
25886
25887
25888
25889
25890
25939
25968
26011
26021
26022
26031
26042
26043
26048
26080
26103
26137
26180
26188
26262
26281
26326
26335
26350
26351
26352
26353
26366
26375
26376
26397
26454
26462
26560
26694
26706
26723
26790
