31
32
33
34
35
36
37
38
39
40
41
42
43
44
45
46
47
48
49
50
51
52
53
54
55
56
57
58
59
60
61
62
91
92
114
115
116
117
148
149
150
151
152
196
197
198
199
200
233
234
235
236
237
238
239
240
241
242
243
244
245
246
247
248
249
250
251
252
253
254
255
256
257
306
355
356
357
358
359
360
361
362
363
364
365
385
386
387
388
389
390
411
412
413
414
415
424
425
432
433
434
435
436
437
438
439
440
441
442
480
481
482
483
484
485
486
556
557
558
559
560
561
562
563
564
573
603
604
648
649
650
651
652
653
654
655
656
669
687
688
689
690
746
747
748
749
750
751
752
753
754
755
756
757
758
759
760
834
835
836
837
838
839
840
841
842
843
874
875
876
877
878
879
880
881
952
953
954
955
956
957
958
959
1007
1008
1009
1010
1011
1012
1013
1014
1015
1016
1017
1018
1019
1020
1021
1022
1058
1059
1060
1061
1070
1071
1072
1073
1092
1093
1094
1095
1096
1097
1098
1099
1100
1101
1102
1103
1104
1105
1106
1107
1108
1109
1110
1111
1112
1113
1114
1115
1116
1117
1118
1119
1120
1121
1122
1123
1124
1125
1126
1127
1128
1129
1142
1143
1144
1145
1146
1147
1148
1149
1150
1151
1152
1153
1154
1155
1156
1157
1158
1159
1160
1166
1169
1199
1200
1201
1202
1203
1204
1205
1206
1236
1237
1238
1239
1240
1241
1242
1243
1244
1245
1246
1264
1265
1266
1267
1268
1315
1316
1317
1318
1319
1320
1321
1322
1323
1324
1325
1326
1327
1328
1329
1388
1389
1390
1391
1392
1393
1394
1395
1396
1397
1398
1399
1400
1401
1402
1427
1428
1429
1430
1431
1432
1433
1434
1435
1436
1437
1438
1439
1440
1441
1442
1443
1444
1445
1469
1470
1530
1531
1532
1533
1534
1535
1536
1537
1557
1561
1564
1608
1609
1610
1611
1612
1613
1614
1653
1654
1655
1656
1657
1658
1659
1660
1684
1685
1700
1701
1702
1703
1704
1705
1706
1707
1708
1711
1715
1730
1731
1732
1733
1734
1735
1736
1737
1738
1739
1740
1765
1803
1804
1805
1806
1807
1808
1809
1832
1833
1834
1835
1836
1837
1838
1841
1842
1843
1844
1845
1846
1847
1848
1849
1850
1851
1852
1853
1854
1855
1856
1857
1858
1859
1860
1861
1862
1863
1864
1865
1866
1867
1868
1869
1870
1880
1903
1904
1905
1906
1907
1908
1909
1910
1911
1912
1913
1951
1952
1953
1954
1955
1956
1957
1958
1959
1960
1961
1962
1963
1964
1965
1966
1967
1968
1969
1970
1971
1972
1973
1974
1975
1976
2036
2037
2038
2039
2040
2061
2062
2063
2064
2065
2087
2148
2149
2150
2151
2152
2153
2154
2155
2156
2157
2169
2170
2171
2205
2206
2207
2208
2209
2210
2211
2212
2213
2214
2215
2216
2217
2246
2247
2248
2280
2281
2282
2283
2284
2285
2286
2287
2288
2310
2311
2312
2313
2314
2315
2323
2324
2326
2327
2328
2381
2382
2383
2384
2385
2386
2387
2403
2482
2483
2484
2485
2511
2512
2513
2545
2546
2547
2548
2549
2550
2589
2590
2591
2597
2598
2637
2638
2639
2640
2641
2642
2643
2704
2705
2706
2707
2708
2709
2710
2711
2712
2713
2714
2715
2716
2717
2718
2719
2720
2721
2722
2723
2724
2725
2726
2727
2728
2729
2730
2731
2732
2733
2734
2735
2736
2737
2738
2739
2740
2741
2742
2743
2753
2754
2756
2757
2778
2779
2780
2781
2782
2783
2824
2825
2839
2840
2841
2842
2860
2861
2862
2863
2864
2865
2866
2867
2868
2869
2870
2871
2872
2873
2874
2875
2876
2896
2930
2931
2932
2933
2961
2962
2963
2964
2965
2966
2967
2968
2969
2970
2971
2972
2973
2974
2975
2976
2977
2978
2979
2980
2981
2982
2983
2984
2985
2986
3021
3022
3023
3049
3050
3051
3052
3086
3113
3114
3115
3116
3117
3118
3119
3120
3121
3122
3123
3124
3125
3126
3148
3149
3150
3151
3152
3153
3154
3155
3156
3157
3158
3159
3192
3193
3194
3195
3196
3243
3244
3245
3246
3247
3248
3249
3250
3251
3252
3253
3254
3255
3256
3257
3258
3259
3260
3261
3262
3263
3264
3265
3266
3267
3268
3291
3292
3304
3305
3306
3307
3308
3309
3333
3334
3335
3336
3346
3347
3348
3349
3350
3351
3352
3353
3354
3355
3391
3392
3393
3394
3395
3396
3397
3398
3399
3400
3401
3402
3435
3445
3446
3447
3448
3449
3450
3451
3452
3453
3454
3455
3456
3457
3473
3474
3475
3476
3477
3484
3487
3517
3518
3519
3520
3521
3522
3523
3524
3525
3526
3527
3528
3529
3530
3531
3532
3533
3534
3535
3536
3537
3538
3539
3540
3541
3542
3543
3544
3545
3546
3604
3605
3606
3607
3608
3637
3638
3660
3661
3662
3663
3664
3665
3666
3667
3668
3837
3838
3839
3840
3841
3842
3843
3868
3869
3870
3871
3872
3873
3874
3875
3876
3877
3902
3903
3904
3905
3906
3923
3924
3925
3926
3942
3943
3944
3945
3965
3966
3967
3968
4021
4022
4023
4024
4025
4026
4027
4028
4029
4030
4031
4032
4033
4034
4035
4036
4037
4038
4039
4040
4041
4042
4043
4091
4092
4093
4094
4095
4096
4097
4098
4118
4124
4125
4182
4183
4184
4185
4186
4187
4188
4189
4190
4191
4192
4229
4230
4231
4232
4233
4234
4235
4236
4237
4238
4239
4240
4257
4258
4259
4260
4261
4262
4291
4292
4308
4309
4310
4337
4338
4368
4369
4370
4371
4372
4373
4374
4443
4444
4445
4446
4447
4448
4449
4450
4451
4452
4465
4472
4487
4488
4489
4490
4491
4502
4503
4504
4506
4516
4517
4518
4566
4567
4568
4569
4570
4571
4583
4584
4585
4586
4587
4588
4589
4590
4591
4592
4593
4594
4595
4596
4598
4647
4648
4649
4650
4651
4652
4653
4654
4655
4656
4657
4707
4708
4709
4710
4711
4712
4713
4717
4737
4738
4739
4740
4741
4742
4743
4744
4745
4746
4760
4761
4762
4782
4783
4784
4785
4786
4787
4788
4789
4790
4791
4796
4843
4844
4845
4846
4847
4848
4849
4850
4851
4852
4853
4899
4900
4901
4902
4903
4904
4905
4906
4907
4908
4909
4910
4911
4912
4913
4914
4915
4916
4917
4918
4919
4920
4921
4922
4923
4924
4925
4926
4939
4952
4953
4980
4981
4998
4999
5000
5001
5002
5003
5004
5005
5006
5007
5008
5009
5010
5011
5012
5013
5014
5015
5016
5017
5018
5019
5020
5021
5022
5060
5061
5062
5063
5064
5065
5066
5067
5116
5117
5118
5127
5128
5129
5130
5131
5132
5133
5134
5135
5136
5137
5138
5139
5140
5141
5142
5143
5144
5145
5248
5249
5250
5251
5252
5253
5254
5255
5277
5278
5279
5280
5281
5282
5311
5312
5313
5314
5315
5316
5317
5318
5319
5320
5321
5322
5323
5324
5325
5326
5327
5328
5329
5330
5331
5332
5394
5395
5396
5397
5398
5399
5400
5401
5402
5403
5404
5405
5406
5407
5408
5409
5410
5411
5412
5413
5414
5415
5416
5417
5473
5482
5514
5515
5516
5517
5518
5519
5520
5521
5522
5523
5524
5525
5526
5527
5528
5529
5530
5591
5592
5593
5594
5595
5596
5597
5598
5599
5600
5601
5602
5603
5604
5605
5606
5607
5608
5609
5610
5611
5629
5630
5631
5632
5633
5654
5656
5657
5658
5659
5660
5661
5662
5663
5664
5665
5666
5671
5678
5722
5723
5751
5752
5753
5754
5755
5756
5757
5758
5759
5760
5761
5762
5763
5764
5785
5786
5787
5788
5789
5790
5793
5799
5800
5811
5812
5813
5814
5815
5816
5828
5829
5830
5891
5892
5893
5894
5895
5896
5897
5898
5899
5932
5933
5934
5935
5936
5937
5938
5939
5940
5941
5942
5943
5944
5945
5946
5976
6011
6012
6013
6014
6015
6016
6017
6018
6019
6020
6043
6044
6045
6046
6047
6048
6049
6050
6051
6160
6161
6162
6163
6164
6165
6166
6231
6232
6233
6234
6235
6236
6237
6238
6239
6240
6241
6242
6296
6297
6298
6299
6340
6341
6342
6343
6344
6354
6355
6356
6357
6358
6359
6360
6361
6362
6363
6364
6365
6366
6367
6368
6369
6370
6371
6372
6437
6438
6439
6440
6441
6442
6443
6444
6445
6446
6447
6448
6449
6450
6451
6452
6453
6454
6455
6456
6457
6526
6527
6528
6529
6530
6531
6532
6544
6557
6558
6559
6560
6561
6562
6563
6564
6565
6566
6567
6568
6569
6588
6589
6590
6591
6592
6606
6612
6613
6614
6615
6616
6617
6618
6619
6623
6624
6625
6626
6627
6628
6629
6630
6631
6680
6681
6682
6683
6684
6685
6702
6722
6723
6724
6725
6726
6727
6733
6740
6806
6807
6808
6809
6810
6811
6812
6813
6814
6815
6816
6817
6862
6863
6864
6865
6866
6867
6868
6869
6870
6871
6872
6873
6874
6875
6876
6877
6878
6879
6880
6881
6882
6883
6951
6952
6953
6954
6955
6956
6993
6994
6995
6996
6997
6998
6999
7000
7001
7002
7041
7042
7043
7044
7045
7046
7058
7059
7060
7061
7062
7063
7064
7065
7066
7067
7068
7069
7070
7071
7072
7073
7074
7075
7076
7077
7107
7134
7135
7136
7137
7138
7151
7152
7153
7154
7155
7156
7157
7158
7159
7160
7161
7181
7182
7183
7184
7185
7186
7187
7198
7199
7200
7250
7251
7252
7253
7254
7255
7256
7265
7266
7267
7268
7269
7270
7271
7272
7273
7274
7275
7276
7283
7284
7285
7286
7287
7288
7289
7290
7291
7292
7293
7294
7352
7353
7354
7355
7356
7357
7358
7359
7360
7361
7366
7385
7386
7409
7410
7433
7434
7435
7436
7437
7438
7439
7440
7557
7558
7582
7672
7673
7674
7675
7676
7677
7678
7679
7680
7681
7682
7683
7700
7721
7722
7723
7724
7758
7759
7760
7761
7762
7763
7764
7765
7766
7767
7786
7787
7788
7789
7790
7791
7812
7813
7814
7815
7857
7858
7859
7860
7861
7862
7863
7864
7972
8064
8212
8213
8214
8215
8216
8217
8218
8219
8220
8221
8222
8223
8224
8225
8226
8227
8228
8229
8230
8231
8232
8233
8234
8235
8236
8237
8238
8239
8240
8241
8242
8243
8244
8351
8352
8353
8354
8355
8356
8402
8410
8411
8412
8421
8422
8423
8435
8436
8437
8438
8439
8487
8592
8593
8594
8595
8596
8597
8598
8599
8600
8601
8602
8603
8604
8605
8606
8607
8608
8609
8610
8611
8612
8613
8614
8615
8616
8617
8618
8619
8679
8680
8681
8682
8766
8767
8768
8785
8786
8787
8788
8789
8790
8801
8811
8812
8841
8842
8843
8844
8845
8859
8860
8861
8862
8863
8864
8865
8866
8867
8868
8869
8870
8871
8872
8900
8901
8902
8903
8904
8905
8919
8920
8934
8935
8936
8937
8938
8939
8940
8941
8942
8953
8959
8960
8961
8988
8989
8990
8991
8992
8993
8994
9004
9005
9006
9007
9018
9019
9042
9043
9044
9045
9046
9054
9060
9061
9077
9078
9079
9080
9081
9082
9083
9223
9224
9225
9226
9227
9228
9229
9230
9231
9232
9233
9234
9235
9236
9237
9238
9239
9240
9241
9242
9243
9244
9245
9246
9247
9248
9408
9409
9410
9411
9412
9413
9414
9415
9416
9417
9418
9419
9420
9421
9422
9423
9424
9425
9426
9427
9428
9429
9430
9431
9432
9433
9434
9435
9481
9482
9483
9484
9485
9486
9487
9488
9559
9560
9561
9562
9563
9615
9616
9617
9618
9619
9620
9621
9622
9623
9624
9625
9661
9662
9663
9664
9665
9666
9667
9687
9688
9689
9690
9691
9692
9693
9694
9695
9696
9697
9698
9699
9700
9701
9705
9709
9710
9711
9712
9725
9726
9727
9728
9750
9751
9752
9753
9754
9755
9756
9757
9758
9759
9760
9779
9780
9781
9782
9783
9784
9794
9795
9858
9859
9860
9933
9934
10037
10060
10061
10062
10063
10064
10065
10066
10097
10098
10099
10100
10101
10102
10143
10144
10145
10146
10147
10148
10149
10150
10151
10152
10153
10194
10195
10196
10197
10198
10199
10200
10201
10202
10203
10204
10205
10206
10207
10239
10240
10241
10242
10243
10244
10254
10278
10294
10333
10334
10335
10421
10422
10423
10424
10425
10426
10427
10428
10429
10430
10431
10432
10472
10473
10474
10475
10476
10477
10491
10522
10523
10524
10525
10526
10527
10528
10529
10537
10545
10546
10592
10593
10594
10595
10596
10597
10643
10644
10645
10646
10647
10652
10735
10736
10737
10738
10739
10740
10741
10742
10743
10744
10745
10830
10831
10832
10833
10834
10835
10836
10837
10838
10839
10840
10841
10842
10843
10844
10928
10929
10930
10966
10994
10995
11034
11035
11036
11037
11038
11039
11040
11041
11042
11043
11044
11087
11088
11089
11090
11091
11092
11093
11094
11095
11096
11097
11098
11099
11100
11101
11123
11124
11166
11167
11168
11169
11175
11176
11177
11178
11228
11231
11232
11250
11251
11252
11253
11254
11255
11256
11286
11287
11292
11311
11312
11313
11314
11315
11316
11317
11336
11385
11386
11387
11388
11389
11390
11391
11392
11393
11394
11395
11396
11397
11398
11399
11400
11515
11516
11517
11518
11519
11520
11581
11582
11583
11584
11585
11646
11732
11733
11734
11735
11736
11737
11738
11739
11740
11741
11742
11743
11744
11745
11746
11747
11748
11858
11859
11860
11861
11862
11863
11864
11865
11866
11867
11868
11869
11870
11871
11872
11873
11901
11902
11903
11904
11905
11920
11921
11922
11923
11924
11925
11926
11936
11937
11938
11939
12027
12028
12029
12030
12031
12032
12033
12034
12035
12036
12037
12038
12039
12040
12041
12070
12134
12135
12136
12137
12138
12139
12140
12141
12142
12143
12160
12161
12162
12163
12164
12165
12186
12187
12188
12189
12190
12191
12192
12199
12505
12506
12507
12508
12509
12510
12511
12543
12544
12545
12563
12564
12565
12566
12567
12568
12569
12570
12571
12572
12573
12574
12575
12576
12577
12578
12579
12580
12581
12582
12583
12584
12585
12586
12587
12588
12684
12733
12734
12735
12736
12737
12738
12739
12740
12741
12742
12743
12744
12745
12746
12747
12748
12749
12750
12847
12848
12860
12861
12862
12863
12864
12865
12866
12867
12868
12869
12870
12871
12872
12873
12874
12875
12876
12877
12878
12879
12880
12881
12882
12883
12884
12885
12886
12887
12888
12889
12890
12942
12943
12944
12972
12973
12974
12975
12976
12977
12978
12979
12980
12981
12982
12983
12984
12985
12986
12987
12988
12989
12990
12991
12992
12993
12994
12995
12996
12997
12998
12999
13000
13001
13002
13003
13004
13005
13006
13007
13008
13009
13010
13011
13012
13013
13014
13015
13016
13017
13018
13019
13038
13039
13040
13041
13042
13043
13044
13045
13046
13047
13048
13084
13086
13087
13088
13090
13098
13099
13100
13101
13102
13103
13104
13107
13108
13109
13110
13129
13130
13131
13132
13133
13134
13143
13153
13154
13155
13156
13157
13158
13159
13160
13161
13162
13163
13164
13165
13166
13167
13251
13252
13253
13254
13255
13256
13257
13258
13259
13260
13261
13262
13263
13264
13265
13266
13267
13268
13269
13270
13271
13272
13273
13274
13275
13276
13277
13278
13279
13280
13281
13282
13283
13284
13285
13286
13287
13288
13289
13290
13291
13292
13293
13294
13295
13296
13297
13298
13299
13300
13301
13302
13303
13304
13305
13306
13307
13308
13309
13310
13311
13312
13345
13368
13369
13370
13371
13372
13373
13374
13375
13376
13377
13378
13379
13380
13428
13429
13430
13431
13432
13433
13434
13435
13436
13437
13438
13439
13440
13441
13442
13443
13444
13445
13483
13484
13485
13486
13487
13488
13489
13490
13491
13492
13505
13506
13507
13508
13509
13510
13511
13512
13513
13514
13515
13545
13546
13547
13548
13549
13550
13551
13552
13553
13554
13555
13556
13557
13558
13559
13560
13561
13562
13563
13564
13565
13566
13567
13568
13599
13600
13601
13602
13619
13636
13637
13638
13639
13640
13641
13642
13643
13644
13645
13646
13647
13648
13649
13650
13651
13652
13653
13654
13655
13656
13657
13658
13659
13660
13661
13662
13663
13664
13665
13666
13667
13668
13669
13670
13671
13672
13673
13674
13675
13676
13683
13684
13698
13699
13722
13723
13724
13754
13755
13756
13757
13758
13759
13760
13779
13799
13800
13801
13802
13803
13804
13805
13855
13856
13857
13858
13859
13860
13861
13862
13863
13864
13865
13866
13867
13868
13869
13870
13871
13872
13873
13874
13875
13876
13877
13878
13879
13880
13881
13882
13883
13884
13885
13888
13905
13906
13907
13908
13909
13910
13911
13912
13913
13914
13930
13931
13932
13933
13934
13935
13957
13958
13959
13960
13961
13962
13963
13964
13965
13966
13967
13968
13969
13970
13971
13972
14004
14005
14006
14007
14047
14048
14062
14063
14064
14065
14066
14067
14068
14069
14070
14073
14074
14075
14076
14089
14090
14091
14092
14093
14094
14095
14096
14113
14165
14166
14167
14168
14169
14170
14171
14172
14173
14174
14175
14176
14177
14178
14179
14180
14181
14182
14183
14221
14222
14223
14224
14225
14226
14227
14228
14229
14230
14231
14232
14233
14234
14235
14242
14243
14244
14245
14246
14247
14248
14249
14250
14251
14252
14253
14254
14255
14256
14257
14258
14259
14260
14261
14262
14263
14264
14265
14266
14267
14268
14286
14287
14288
14289
14290
14291
14292
14293
14336
14378
14379
14380
14381
14382
14383
14384
14385
14386
14387
14388
14389
14390
14421
14422
14423
14424
14425
14426
14427
14467
14468
14469
14470
14471
14472
14473
14484
14485
14486
14487
14517
14518
14519
14520
14521
14563
14564
14565
14566
14567
14568
14621
14622
14623
14624
14625
14626
14648
14658
14659
14660
14661
14662
14663
14664
14665
14666
14667
14668
14669
14670
14671
14719
14720
14721
14722
14723
14724
14725
14726
14727
14728
14729
14826
14827
14828
14881
14882
14883
14884
14885
14886
14887
14888
14889
14890
14891
14892
14893
14951
14952
14953
14954
14955
14956
14957
14958
14959
14960
14961
14962
14963
14964
14985
14986
14987
14988
14989
14990
14991
14992
14993
14994
14995
14996
14997
14998
14999
15010
15021
15022
15023
15024
15025
15026
15027
15028
15029
15030
15031
15032
15033
15034
15035
15036
15037
15038
15039
15040
15041
15047
15084
15085
15086
15087
15088
15089
15090
15091
15092
15093
15094
15095
15099
15115
15116
15117
15118
15119
15120
15121
15122
15123
15124
15125
15126
15127
15128
15129
15130
15153
15154
15155
15156
15157
15158
15159
15160
15161
15162
15172
15173
15174
15216
15217
15218
15219
15220
15221
15222
15223
15224
15225
15226
15227
15228
15229
15230
15231
15232
15233
15234
15235
15236
15237
15258
15259
15260
15261
15262
15263
15264
15265
15266
15267
15269
15299
15300
15301
15302
15303
15304
15305
15306
15307
15308
15309
15310
15311
15312
15373
15374
15375
15376
15377
15378
15379
15380
15381
15382
15383
15384
15385
15386
15387
15388
15389
15390
15391
15392
15393
15394
15395
15396
15397
15398
15399
15400
15401
15420
15421
15422
15423
15424
15425
15426
15427
15428
15429
15430
15431
15432
15433
15434
15435
15436
15437
15438
15439
15440
15441
15484
15485
15486
15487
15488
15489
15490
15491
15492
15493
15494
15495
15496
15497
15498
15499
15500
15501
15502
15503
15504
15505
15506
15507
15508
15509
15510
15511
15512
15513
15514
15515
15516
15517
15518
15519
15520
15521
15522
15523
15524
15525
15526
15527
15528
15529
15530
15531
15532
15533
15596
15597
15598
15599
15600
15601
15602
15603
15613
15614
15615
15616
15617
15618
15619
15620
15635
15636
15637
15638
15639
15640
15641
15642
15661
15662
15663
15664
15665
15666
15667
15668
15669
15670
15671
15672
15673
15674
15675
15676
15677
15678
15679
15680
15681
15682
15683
15690
15691
15692
15693
15694
15695
15696
15697
15698
15699
15700
15701
15711
15726
15745
15764
15765
15766
15767
15768
15769
15770
15771
15772
15773
15774
15805
15806
15807
15808
15809
15810
15811
15812
15813
15814
15815
15816
15817
15818
15819
15820
15821
15822
15823
15824
15825
15826
15827
15828
15829
15830
15831
15832
15833
15834
15835
15836
15837
15838
15839
15840
15841
15842
15843
15850
15867
15868
15869
15870
15871
15872
15873
15874
15875
15876
15877
15878
15879
15880
15881
15882
15883
15884
15885
15886
15887
15888
15889
15913
15914
15915
15916
15925
15928
15929
15961
15962
15963
15964
15965
15966
15967
15968
15969
15970
15971
15972
15973
15974
15975
15976
15977
15978
16004
16005
16006
16007
16008
16009
16010
16011
16012
16013
16014
16015
16016
16017
16018
16019
16035
16036
16037
16038
16039
16040
16066
16067
16068
16069
16070
16071
16072
16073
16074
16075
16076
16077
16078
16079
16080
16081
16082
16083
16084
16085
16086
16087
16088
16089
16090
16091
16092
16093
16094
16095
16096
16097
16098
16099
16100
16101
16102
16103
16104
16105
16106
16107
16108
16109
16110
16111
16112
16113
16129
16130
16131
16132
16133
16188
16189
16190
16191
16192
16200
16211
16212
16213
16214
16215
16216
16217
16218
16234
16235
16236
16237
16238
16243
16285
16286
16287
16288
16289
16290
16291
16292
16293
16294
16295
16296
16307
16308
16309
16314
16315
16316
16317
16318
16319
16320
16321
16322
16323
16324
16325
16326
16327
16328
16352
16409
16410
16411
16412
16413
16414
16415
16416
16417
16418
16419
16420
16421
16422
16423
16424
16425
16426
16427
16428
16429
16430
16431
16432
16433
16434
16435
16436
16437
16438
16439
16440
16469
16470
16485
16486
16487
16488
16489
16490
16491
16492
16493
16494
16495
16496
16497
16498
16499
16500
16533
16534
16535
16536
16537
16538
16539
16540
16541
16542
16543
16544
16545
16574
16625
16626
16627
16628
16629
16630
16631
16632
16633
16634
16635
16636
16637
16638
16639
16640
16641
16642
16643
16644
16645
16646
16647
16648
16649
16650
16651
16652
16653
16654
16655
16656
16657
16676
16694
16695
16696
16697
16698
16699
16700
16701
16702
16703
16704
16705
16706
16707
16708
16709
16710
16711
16712
16713
16728
16729
16730
16731
16732
16733
16734
16735
16736
16737
16738
16739
16740
16741
16742
16743
16744
16745
16782
16783
16784
16785
16786
16787
16788
16789
16790
16791
16803
16804
16805
16806
16807
16808
16809
16810
16811
16812
16813
16814
16815
16816
16817
16818
16819
16820
16821
16822
16823
16824
16825
16826
16876
16877
16878
16879
16880
16881
16882
16883
16884
16885
16886
16887
16888
16889
16890
16891
16892
16893
16894
16895
16896
16897
16898
16901
16945
16946
16947
16948
16949
16950
16951
16952
16953
16954
16955
16956
16957
16958
16959
16960
16961
16962
16963
16964
16965
16966
16967
16968
16969
16970
16973
16993
16994
16995
16996
16997
16998
16999
17000
17001
17002
17003
17004
17057
17058
17059
17060
17061
17062
17063
17064
17096
17097
17146
17147
17148
17149
17150
17151
17152
17153
17154
17155
17156
17157
17158
17159
17160
17212
17213
17214
17215
17216
17217
17290
17291
17292
17293
17294
17295
17326
17327
17328
17329
17358
17359
17366
17367
17514
17515
17516
17517
17518
17519
17520
17521
17522
17523
17524
17525
17526
17527
17528
17529
17581
17582
17583
17584
17585
17586
17587
17588
17589
17590
17591
17592
17593
17594
17595
17596
17597
17598
17599
17600
17601
17602
17603
17604
17622
17713
17714
17715
17716
17717
17718
17719
17720
17721
17722
17723
17724
17725
17726
17727
17728
17729
17730
17731
17732
17733
17734
17782
17783
17784
17785
17786
17787
17788
17789
17790
17791
17792
17824
17825
17874
17902
17903
17904
17905
17906
17907
17908
17909
17910
17911
17912
18061
18062
18063
18064
18065
18066
18067
18068
18069
18070
18071
18072
18073
18074
18075
18099
18100
18101
18102
18103
18104
18105
18106
18107
18108
18109
18170
18171
18172
18173
18174
18175
18176
18194
18195
18207
18208
18209
18303
18304
18305
18306
18307
18308
18342
18343
18344
18345
18346
18419
18510
18511
18512
18513
18514
18515
18516
18517
18518
18519
18578
18579
18580
18581
18582
18583
18584
18585
18687
18688
18689
18690
18691
18692
18713
18714
18777
18778
18851
18852
18853
18854
18855
18856
18857
18870
18871
18899
18900
18901
18902
18903
18904
18905
18906
18907
18908
18936
18959
18960
18961
18962
18963
18988
19045
19046
19047
19048
19049
19050
19051
19052
19053
19054
19085
19086
19087
19147
19148
19149
19150
19151
19152
19153
19154
19155
19210
19214
19227
19228
19229
19230
19231
19232
19233
19234
19235
19244
19245
19250
19251
19299
19300
19301
19302
19303
19304
19305
19306
19376
19430
19431
19432
19433
19434
19435
19436
19437
19438
19439
19440
19441
19442
19443
19444
19445
19446
19447
19448
19449
19450
19451
19497
19506
19507
19508
19509
19510
19511
19547
19548
19549
19550
19574
19575
19649
19650
19659
19660
19661
19662
19663
19702
19703
19704
19734
19735
19736
19737
19738
19760
19761
19762
19763
19764
19765
19766
19775
19776
19777
19778
19813
19814
19885
19886
19887
19921
20027
20028
20029
20030
20031
20032
20033
20034
20035
20036
20037
20038
20039
20040
20041
20042
20043
20044
20045
20046
20047
20048
20049
20121
20122
20123
20124
20125
20126
20127
20128
20129
20130
20171
20172
20173
20174
20175
20176
20177
20178
20200
20201
20202
20203
20302
20379
20380
20381
20382
20383
20384
20385
20386
20387
20388
20389
20390
20391
20392
20393
20394
20395
20396
20397
20398
20399
20400
20401
20402
20403
20404
20405
20420
20421
20516
20517
20518
20519
20520
20521
20522
20523
20524
20587
20588
20589
20590
20591
20592
20593
20594
20595
20596
20597
20610
20611
20612
20613
20614
20615
20647
20648
20649
20650
20668
20720
20721
20722
20723
20724
20725
20726
20727
20728
20729
20730
20731
20732
20878
20879
20880
20881
20882
20883
20931
20957
20958
20959
20960
20961
20962
20998
20999
21000
21029
21030
21031
21032
21033
21034
21035
21036
21037
21046
21060
21061
21062
21063
21064
21120
21121
21122
21123
21124
21146
21170
21171
21172
21173
21174
21175
21176
21181
21182
21197
21198
21199
21200
21201
21202
21203
21204
21209
21210
21262
21263
21264
21265
21303
21304
21305
21306
21307
21308
21309
21310
21311
21312
21313
21314
21315
21316
21317
21318
21319
21320
21368
21369
21370
21371
21372
21373
21374
21375
21376
21377
21378
21379
21519
21520
21521
21522
21523
21524
21525
21526
21527
21528
21551
21552
21553
21554
21555
21556
21557
21558
21559
21560
21561
21562
21563
21564
21581
21582
21583
21584
21585
21586
21587
21640
21711
21712
21713
21714
21720
21732
21733
21734
21735
21736
21755
21779
21780
21781
21782
21783
21784
21785
21786
21810
21811
21812
21813
21814
21815
21830
21831
21851
21854
21907
21908
21909
21910
21911
21912
21913
21914
21915
21916
21917
21918
21919
21920
21921
21922
21923
21924
21925
21926
21927
21928
21929
21930
21956
21989
21990
21991
21992
21993
21994
22012
22013
22055
22056
22058
22169
22170
22171
22172
22173
22174
22175
22176
22177
22353
22354
22406
22407
22408
22409
22410
22411
22412
22413
22414
22415
22416
22417
22418
22419
22420
22421
22422
22423
22424
22425
22426
22427
22428
22429
22430
22431
22432
22433
22434
22484
22485
22486
22487
22488
22489
22490
22491
22492
22493
22546
22547
22548
22549
22594
22595
22596
22597
22598
22599
22600
22601
22602
22603
22604
22605
22606
22710
22711
22712
22713
22714
22715
22716
22717
22718
22719
22720
22721
22722
22723
22724
22725
22726
22727
22728
22729
22730
22731
22732
22733
22734
22735
22736
22737
22738
22739
22740
22741
22799
22800
22801
22819
22820
22821
22828
22859
22860
22861
22862
22863
22864
22865
22866
22867
22868
22869
22870
22871
22879
22880
22885
22886
22887
22888
22889
22890
22891
22892
22906
22907
22908
22909
22910
22911
22912
22913
22914
22915
22916
22917
22918
22919
22920
22921
22922
22923
22948
22949
22950
22951
22952
22953
22954
22955
22956
22957
22958
22959
22960
22961
22962
22963
22964
22965
22966
22967
22968
22969
22970
22971
22972
22973
22974
22975
22976
22977
22978
22979
22980
22981
22982
22986
22987
23011
23012
23013
23014
23015
23016
23038
23039
23042
23071
23072
23073
23074
23075
23076
23077
23078
23079
23121
23127
23128
23129
23130
23131
23132
23133
23134
23135
23143
23145
23146
23147
23172
23173
23174
23175
23176
23177
23178
23179
23180
23181
23182
23183
23184
23185
23186
23187
23188
23189
23190
23191
23192
23193
23194
23195
23196
23197
23198
23199
23212
23213
23214
23215
23216
23217
23218
23219
23243
23320
23321
23357
23358
23359
23360
23361
23362
23363
23364
23365
23366
23367
23368
23369
23370
23371
23372
23373
23374
23375
23376
23377
23378
23379
23380
23381
23382
23437
23438
23439
23440
23441
23442
23443
23444
23445
23446
23447
23454
23455
23456
23457
23458
23459
23468
23469
23472
23493
23494
23495
23496
23497
23498
23499
23500
23501
23502
23503
23504
23505
23506
23507
23508
23509
23522
23523
23524
23533
23534
23539
23549
23554
23555
23556
23589
23590
23591
23592
23593
23594
23595
23596
23597
23598
23599
23600
23601
23602
23639
23640
23641
23642
23643
23644
23645
23646
23647
23648
23649
23650
23671
23672
23673
23674
23675
23676
23677
23678
23679
23698
23719
23720
23721
23722
23723
23724
23725
23726
23747
23748
23749
23750
23751
23783
23784
23785
23786
23787
23788
23789
23790
23791
23792
23793
23794
23795
23796
23797
23798
23799
23800
23801
23802
23803
23804
23805
23806
23807
23893
23912
23913
23914
23915
23916
23917
23918
23919
23922
23927
23945
23946
23947
23948
23949
23950
23951
23952
23953
23954
23955
23956
23957
23958
23959
23960
23961
23962
23963
23964
23965
23966
23967
23968
23969
23970
23971
23972
23973
23974
23975
23976
23977
23978
23979
23980
23981
23982
23983
23984
23985
23986
23987
23988
23989
23990
24023
24024
24025
24026
24027
24038
24039
24041
24042
24043
24044
24045
24055
24056
24058
24059
24082
24083
24084
24085
24086
24087
24088
24089
24090
24091
24092
24093
24094
24095
24096
24114
24115
24116
24117
24118
24119
24120
24121
24122
24123
24124
24125
24126
24163
24164
24165
24166
24167
24168
24169
24170
24171
24172
24173
24174
24175
24176
24177
24178
24179
24180
24181
24182
24183
24184
24185
24196
24197
24208
24209
24210
24211
24212
24213
24214
24215
24216
24217
24218
24219
24242
24243
24244
24245
24246
24247
24248
24249
24250
24273
24274
24275
24276
24277
24278
24279
24280
24281
24282
24283
24284
24285
24286
24287
24288
24289
24290
24291
24292
24293
24294
24295
24296
24297
24298
24299
24300
24301
24302
24325
24326
24327
24328
24329
24330
24331
24332
24333
24334
24335
24336
24337
24338
24339
24340
24341
24342
24343
24344
24345
24346
24347
24348
24349
24350
24351
24352
24353
24354
24355
24356
24357
24383
24384
24385
24386
24387
24388
24389
24390
24450
24451
24452
24453
24454
24455
24456
24457
24458
24459
24460
24461
24462
24487
24488
24489
24490
24495
24496
24523
24524
24525
24526
24527
24528
24529
24530
24531
24532
24533
24534
24535
24536
24537
24538
24539
24540
24572
24573
24574
24575
24583
24605
24606
24607
24608
24609
24610
24611
24612
24613
24614
24615
24616
24632
24633
24634
24635
24636
24637
24649
24652
24653
24658
24659
24660
24661
24662
24723
24724
24725
24726
24727
24728
24729
24730
24731
24732
24733
24734
24735
24736
24737
24738
24739
24740
24741
24742
24743
24744
24745
24746
24747
24748
24753
24754
24755
24776
24777
24778
24779
24780
24820
24822
24831
24849
24859
24928
24929
24930
24931
24932
24933
24934
24935
24936
24937
24938
24939
24940
24941
24981
24982
24983
24996
24997
24998
24999
25020
25021
25022
25031
25032
25033
25034
25035
25036
25037
25038
25039
25040
25041
25042
25043
25044
25045
25046
25047
25048
25049
25051
25101
25102
25103
25104
25105
25106
25122
25141
25142
25143
25144
25145
25146
25147
25148
25149
25150
25151
25152
25153
25154
25155
25156
25157
25158
25159
25160
25161
25162
25163
25164
25165
25166
25167
25168
25169
25170
25171
25209
25210
25227
25228
25229
25230
25231
25232
25233
25234
25235
25236
25237
25238
25239
25240
25241
25242
25243
25244
25313
25314
25315
25316
25317
25318
25319
25320
25332
25333
25334
25335
25336
25337
25338
25339
25340
25341
25342
25376
25377
25378
25379
25380
25381
25382
25383
25384
25385
25386
25387
25388
25389
25390
25391
25392
25424
25447
25448
25449
25450
25451
25452
25461
25462
25463
25464
25465
25466
25467
25468
25496
25497
25498
25499
25500
25501
25502
25503
25504
25505
25527
25528
25529
25530
25531
25532
25533
25534
25535
25536
25537
25538
25539
25540
25541
25542
25543
25544
25545
25546
25547
25548
25549
25550
25551
25569
25570
25571
25572
25573
25574
25575
25576
25610
25611
25612
25641
25642
25643
25644
25645
25646
25647
25648
25661
25662
25673
25674
25675
25676
25677
25678
25679
25680
25681
25682
25683
25684
25685
25686
25687
25688
25689
25691
25730
25731
25732
25733
25734
25735
25736
25737
25738
25739
25740
25741
25742
25743
25744
25745
25746
25784
25785
25786
25787
25788
25789
25790
25791
25792
25793
25794
25795
25796
25814
25815
25816
25817
25852
25853
25854
25855
25856
25857
25858
25859
25860
25861
25862
25863
25864
25865
25866
25867
25868
25869
25870
25871
25872
25873
25874
25875
25876
25877
25878
25879
25880
25881
25882
25883
25906
25907
25913
25914
25915
25948
25949
25950
25951
25952
25988
25989
25990
25991
26012
26013
26014
26015
26016
26017
26018
26019
26020
26021
26022
26023
26024
26025
26026
26027
26028
26029
26030
26031
26032
26074
26100
26101
26102
26103
26104
26105
26128
26129
26130
26131
26132
26133
26134
26135
26136
26137
26138
26139
26140
26141
26148
26149
26189
26190
26191
26192
26193
26194
26195
26213
26214
26215
26223
26224
26225
26243
26244
26245
26246
26247
26248
26249
26250
26251
26252
26265
26266
26267
26268
26269
26270
26271
26272
26273
26274
26275
26282
26337
26338
26339
26340
26341
26342
26343
26344
26345
26346
26347
26348
26349
26350
26351
26352
26353
26354
26355
26356
26357
26358
26359
26360
26361
26362
26363
26364
26365
26366
26367
26391
26392
26393
26394
26395
26396
26397
26398
26399
26400
26401
26402
26403
26404
26405
26430
26431
26432
26433
26434
26435
26436
26437
26438
26439
26440
26441
26451
26478
26479
26480
26498
26499
26500
26501
26502
26503
26504
26505
26506
26507
26508
26509
26510
26532
26533
26534
26535
26536
26537
26564
26581
26582
26596
26602
26656
26657
26658
26716
26717
26718
26719
26720
26745
26746
26762
26791
26792
26793
26817
26818
