8
10
13
16
17
19
20
21
22
26
27
29
30
31
39
46
51
53
54
55
59
60
62
64
67
68
71
79
80
83
84
86
87
91
93
94
99
102
106
107
113
115
120
121
122
127
131
137
143
151
156
162
168
173
179
181
187
189
192
193
194
197
199
202
204
211
214
218
222
226
235
244
249
255
260
264
278
280
284
290
298
308
309
328
335
343
353
354
355
370
372
375
376
378
379
381
382
384
385
386
388
389
391
393
394
396
398
406
411
418
424
430
433
439
441
442
445
447
450
454
457
459
461
465
469
473
480
484
488
492
500
501
502
509
512
513
514
523
524
532
533
534
546
547
548
557
558
566
567
573
578
582
588
592
597
600
603
604
608
614
621
627
629
631
635
640
642
645
648
653
657
661
664
675
679
684
694
696
700
704
706
708
710
711
713
714
715
719
720
721
722
725
726
728
730
733
735
736
739
744
748
751
755
756
759
761
765
768
788
789
798
799
800
810
815
816
817
828
829
835
836
837
846
847
853
856
857
858
861
863
866
868
871
875
878
880
882
885
893
894
900
904
913
914
919
924
929
935
938
941
947
952
953
955
962
963
967
968
972
976
979
981
991
994
997
1000
1003
1007
1011
1014
1016
1020
1023
1025
1029
1033
1036
1047
1048
1051
1054
1055
1058
1060
1063
1067
1072
1074
1084
1085
1096
1110
1121
1133
1134
1143
1152
1158
1162
1171
1174
1178
1180
1181
1182
1188
1189
1191
1192
1193
1196
1200
1201
1202
1205
1208
1209
1211
1213
1214
1215
1218
1219
1220
1225
1226
1229
1233
1234
1237
1240
1241
1244
1245
1247
1248
1250
1251
1254
1257
1258
1259
1262
1263
1264
1265
1267
1272
1275
1276
1277
1280
1282
1283
1288
1294
1296
1300
1302
1305
1306
1308
1309
1312
1313
1315
1317
1322
1326
1330
1334
1338
1339
1342
1345
1346
1349
1351
1354
1357
1361
1365
1370
1373
1377
1378
1383
1388
1396
1403
1413
1422
1426
1428
1433
1441
1443
1445
1449
1450
1456
1464
1467
1470
1477
1484
1489
1498
1502
1510
1514
1520
1522
1526
1530
1534
1538
1543
1545
1546
1549
1551
1554
1566
1567
1568
1574
1576
1577
1578
1585
1589
1590
1591
1600
1603
1604
1609
1610
1611
1617
1624
1625
1632
1639
1644
1648
1652
1659
1663
1671
1677
1681
1690
1697
1700
1712
1720
1723
1746
1753
1769
1771
1778
1782
1789
1791
1793
1797
1806
1811
1814
1818
1822
1824
1826
1827
1828
1832
1835
1836
1842
1854
1864
1872
1880
1883
1889
1892
1895
1898
1905
1910
1915
1919
1922
1924
1927
1933
1938
1939
1945
1950
1955
1956
1960
1965
1971
1973
1975
1986
1987
1990
1993
1994
1995
2003
2004
2009
2010
2015
2016
2017
2028
2029
2034
2036
2037
2043
2044
2051
2055
2058
2062
2067
2073
2076
2082
2085
2091
2092
2100
2103
2107
2112
2137
2141
2148
2170
2174
2176
2195
2196
2198
2200
2201
2202
2203
2206
2212
2215
2216
2220
2221
2223
2224
2229
2235
2238
2243
2250
2256
2261
2266
2268
2270
2271
2272
2274
2276
2277
2280
2283
2285
2286
2287
2291
2294
2296
2299
2302
2303
2305
2308
2317
2319
2322
2323
2326
2328
2332
2335
2339
2343
2349
2355
2366
2372
2384
2391
2398
2403
2404
2406
2410
2413
2415
2420
2424
2426
2428
2429
2432
2435
2438
2442
2448
2451
2452
2455
2458
2460
2463
2468
2469
2472
2475
2480
2484
2488
2495
2499
2504
2511
2513
2514
2516
2517
2518
2521
2523
2524
2534
2547
2555
2561
2562
2563
2567
2569
2570
2572
2575
2576
2577
2584
2597
2601
2605
2610
2617
2620
2624
2629
2635
2641
2643
2646
2647
2653
2656
2660
2667
2678
2683
2684
2688
2691
2693
2694
2699
2705
2706
2711
2718
2719
2725
2735
2736
2740
2744
2745
2751
2754
2758
2763
2767
2771
2776
2778
2782
2788
2798
2804
2806
2810
2814
2816
2821
2829
2833
2837
2839
2843
2846
2849
2852
2856
2859
2862
2866
2873
2878
2882
2895
2900
2902
2903
2904
2908
2909
2915
2919
2923
2924
2928
2930
2935
2941
2945
2946
2956
2962
2967
2972
2976
2980
2990
2993
2996
2997
2999
3000
3004
3010
3015
3019
3022
3026
3033
3036
3040
3042
3046
3053
3065
3066
3068
3069
3074
3078
3084
3088
3089
3092
3093
3094
3101
3103
3104
3108
3109
3113
3114
3117
3118
3119
3123
3124
3129
3132
3134
3135
3136
3139
3140
3141
3142
3146
3148
3149
3152
3153
3154
3157
3159
3161
3162
3164
3173
3176
3177
3180
3182
3184
3187
3188
3190
3191
3192
3194
3195
3197
3199
3204
3208
3209
3218
3221
3227
3231
3233
3236
3242
3244
3250
3256
3262
3265
3267
3271
3275
3283
3288
3297
3304
3309
3311
3315
3320
3325
3326
3330
3335
3340
3341
3346
3349
3353
3356
3357
3363
3365
3366
3369
3371
3375
3381
3383
3384
3386
3387
3390
3392
3396
3399
3403
3407
3411
3414
3429
3433
3437
3441
3446
3452
3456
3464
3465
3467
3472
3473
3478
3483
3500
3512
3519
3520
3521
3535
3543
3548
3558
3562
3566
3574
3580
3584
3588
3606
3611
3617
3622
3628
3634
3637
3640
3642
3643
3644
3645
3648
3649
3651
3652
3655
3660
3662
3663
3664
3667
3669
3670
3671
3673
3674
3675
3677
3678
3680
3681
3685
3686
3690
3692
3693
3696
3697
3700
3701
3702
3705
3706
3709
3713
3715
3716
3718
3719
3722
3725
3726
3728
3730
3731
3733
3736
3737
3738
3739
3741
3742
3744
3745
3749
3750
3753
3754
3755
3758
3759
3761
3762
3763
3765
3766
3768
3770
3771
3774
3775
3777
3778
3779
3781
3782
3784
3787
3788
3791
3792
3793
3794
3797
3799
3800
3804
3805
3806
3807
3808
3810
3811
3812
3813
3815
3816
3817
3910
3919
3973
3974
3981
3982
3986
3991
3994
3995
3998
4002
4003
4006
4013
4016
4018
4020
4023
4027
4028
4030
4032
4037
4040
4041
4042
4044
4048
4050
4054
4055
4056
4057
4071
4072
4076
4082
4083
4087
4090
4092
4096
4103
4104
4113
4114
4120
4123
4124
4125
4126
4127
4130
4134
4135
4143
4144
4147
4152
4153
4156
4157
4160
4165
4166
4170
4176
4177
4179
4181
4184
4189
4190
4194
4197
4198
4202
4203
4204
4206
4208
4210
4216
4217
4221
4226
4227
4230
4231
4235
4236
4240
4242
4244
4245
4251
4266
4267
4268
4271
4272
4275
4276
4277
4279
4282
4283
4284
4286
4289
4291
4292
4294
4298
4299
4305
4313
4314
4315
4317
4322
4324
4331
4333
4337
4343
4344
4348
4349
4351
4354
4358
4359
4362
4366
4367
4372
4373
4377
4378
4380
4383
4386
4393
4394
4398
4405
4409
4418
4420
4421
4426
4429
4430
4433
4434
4438
4439
4443
4448
4449
4453
4454
4458
4459
4462
4466
4467
4468
4469
4472
4474
4475
4479
4480
4482
4485
4486
4487
4490
4493
4496
4509
4513
4517
4520
4521
4525
4528
4534
4535
4537
4539
4540
4541
4542
4544
4546
4547
4551
4554
4555
4556
4560
4561
4563
4564
4565
4566
4567
4568
4570
4572
4573
4574
4576
4577
4580
4581
4582
4583
4584
4589
4590
4592
4593
4595
4597
4598
4600
4603
4609
4614
4620
4625
4629
4631
4632
4639
4644
4648
4653
4659
4660
4661
4662
4668
4672
4677
4678
4680
4684
4685
4688
4689
4693
4696
4701
4708
4709
4712
4715
4718
4721
4722
4725
4729
4734
4736
4738
4739
4742
4745
4746
4747
4750
4751
4753
4758
4760
4766
4769
4774
4775
4782
4785
4788
4791
4793
4795
4796
4797
4801
4803
4804
4806
4807
4808
4814
4815
4818
4819
4822
4823
4827
4828
4832
4836
4839
4840
4843
4847
4848
4854
4855
4856
4860
4861
4868
4869
4873
4890
4891
4893
4894
4897
4903
4904
4909
4910
4911
4914
4922
4923
4931
4932
4938
4941
4945
4946
4951
4952
4953
4958
4961
4962
4966
4967
4972
4973
4980
4982
4987
4988
4991
4993
4995
4997
5002
5003
5011
5012
5015
5019
5020
5022
5027
5033
5036
5038
5039
5042
5048
5049
5052
5053
5060
5061
5063
5064
5069
5070
5072
5073
5076
5077
5079
5080
5081
5082
5086
5090
5092
5095
5096
5097
5100
5101
5106
5107
5113
5115
5122
5125
5127
5129
5130
5135
5137
5138
5142
5143
5145
5146
5147
5148
5153
5155
5159
5161
5163
5164
5167
5169
5171
5175
5178
5182
5183
5186
5187
5189
5193
5197
5201
5204
5209
5215
5216
5221
5224
5230
5231
5235
5236
5245
5246
5250
5251
5253
5254
5256
5261
5262
5269
5271
5272
5288
5292
5293
5298
5300
5301
5306
5307
5308
5318
5319
5321
5325
5326
5328
5329
5334
5338
5341
5342
5343
5352
5353
5354
5357
5358
5362
5363
5364
5368
5369
5370
5371
5372
5373
5376
5379
5380
5381
5382
5385
5390
5398
5402
5403
5410
5411
5416
5418
5419
5421
5427
5436
5438
5442
5443
5445
5449
5457
5459
5463
5464
5467
5470
5473
5475
5479
5483
5486
5487
5490
5491
5496
5497
5499
5500
5504
5507
5509
5510
5513
5515
5516
5517
5521
5522
5525
5526
5530
5533
5536
5537
5542
5543
5547
5554
5555
5556
5564
5568
5569
5574
5577
5582
5587
5588
5594
5598
5604
5610
5615
5617
5619
5620
5623
5630
5638
5639
5642
5643
5645
5651
5654
5655
5656
5657
5661
5662
5664
5665
5667
5668
5670
5675
5677
5682
5686
5694
5697
5700
5705
5712
5713
5716
5720
5721
5724
5730
5731
5735
5740
5741
5744
5747
5751
5756
5761
5763
5767
5768
5774
5775
5779
5783
5784
5785
5788
5790
5794
5798
5802
5803
5806
5808
5809
5811
5814
5820
5822
5828
5829
5834
5839
5840
5846
5849
5852
5853
5860
5861
5863
5864
5868
5869
5874
5875
5880
5885
5886
5889
5893
5896
5897
5900
5904
5905
5906
5911
5912
5916
5917
5918
5922
5923
5929
5934
5935
5939
5940
5950
5951
5956
5957
5961
5962
5965
5966
5967
5981
5982
5984
5985
5989
5990
5991
5996
5997
6000
6001
6004
6006
6008
6012
6013
6018
6022
6024
6025
6028
6029
6033
6035
6036
6040
6043
6047
6048
6051
6054
6056
6058
6063
6064
6068
6073
6075
6077
6078
6083
6084
6088
6090
6093
6094
6100
6101
6108
6113
6117
6118
6124
6125
6132
6133
6138
6142
6143
6150
6151
6154
6157
6164
6165
6171
6172
6173
6174
6177
6178
6180
6183
6184
6185
6188
6191
6192
6198
6201
6202
6205
6208
6209
6214
6215
6218
6219
6223
6226
6227
6230
6231
6235
6236
6239
6243
6244
6248
6249
6253
6254
6255
6262
6263
6271
6272
6274
6281
6282
6285
6287
6298
6306
6307
6312
6316
6318
6321
6325
6327
6329
6333
6338
6342
6347
6352
6353
6354
6355
6360
6361
6362
6363
6364
6368
6369
6370
6373
6374
6384
6389
6394
6396
6399
6403
6408
6409
6412
6413
6419
6425
6426
6432
6436
6438
6443
6444
6451
6455
6461
6462
6465
6467
6470
6471
6478
6479
6483
6485
6489
6490
6491
6495
6496
6499
6500
6502
6505
6507
6508
6511
6513
6517
6520
6521
6524
6525
6526
6529
6530
6536
6539
6541
6542
6543
6550
6552
6560
6570
6573
6574
6578
6579
6584
6585
6588
6590
6591
6593
6596
6597
6598
6599
6600
6602
6604
6608
6610
6616
6623
6624
6628
6629
6630
6631
6632
6636
6637
6641
6648
6651
6652
6659
6660
6663
6669
6673
6674
6681
6682
6687
6690
6695
6697
6703
6704
6708
6711
6715
6718
6722
6725
6727
6728
6732
6733
6734
6735
6737
6738
6739
6742
6744
6745
6747
6750
6752
6755
6756
6757
6758
6759
6760
6761
6765
6769
6771
6774
6776
6778
6779
6783
6786
6789
6790
6793
6794
6799
6801
6807
6808
6812
6813
6819
6820
6823
6824
6828
6829
6832
6833
6837
6838
6843
6845
6848
6849
6852
6854
6855
6857
6863
6864
6868
6869
6874
6875
6878
6879
6885
6886
6889
6890
6898
6899
6903
6904
6911
6913
6915
6916
6918
6919
6920
6921
6924
6925
6926
6930
6933
6936
6939
6940
6948
6952
6953
6959
6965
6966
6972
6980
6981
6983
6989
6990
7001
7008
7009
7011
7017
7019
7021
7022
7030
7033
7037
7039
7040
7043
7047
7049
7051
7053
7055
7058
7059
7064
7065
7066
7067
7070
7071
7072
7076
7077
7078
7079
7083
7087
7092
7093
7094
7095
7096
7097
7098
7100
7101
7102
7105
7108
7109
7110
7113
7114
7118
7121
7122
7124
7125
7126
7130
7131
7134
7135
7139
7140
7141
7149
7153
7155
7159
7160
7161
7162
7165
7168
7173
7174
7175
7177
7181
7182
7184
7185
7188
7191
7192
7194
7202
7204
7206
7207
7212
7213
7217
7220
7222
7223
7227
7228
7229
7232
7237
7238
7243
7248
7249
7252
7255
7256
7261
7262
7267
7268
7270
7271
7272
7274
7275
7276
7277
7278
7281
7283
7284
7288
7289
7290
7291
7292
7295
7298
7301
7302
7306
7308
7310
7314
7316
7319
7326
7331
7339
7343
7349
7353
7356
7361
7362
7364
7366
7368
7375
7378
7379
7381
7383
7385
7386
7388
7390
7394
7395
7400
7403
7405
7406
7409
7413
7415
7416
7421
7425
7429
7430
7432
7433
7438
7440
7441
7445
7447
7448
7449
7460
7461
7462
7471
7472
7473
7477
7478
7481
7482
7483
7490
7492
7493
7499
7500
7501
7506
7507
7508
7509
7514
7516
7517
7520
7521
7524
7525
7526
7535
7536
7537
7545
7546
7550
7551
7552
7556
7557
7559
7560
7561
7565
7566
7567
7573
7578
7579
7582
7584
7585
7586
7591
7594
7595
7597
7601
7602
7603
7610
7615
7616
7617
7621
7622
7623
7630
7632
7635
7642
7645
7646
7647
7650
7654
7655
7656
7662
7663
7666
7667
7668
7672
7675
7676
7677
7679
7682
7683
7686
7689
7690
7691
7694
7700
7706
7707
7708
7713
7714
7718
7719
7720
7723
7724
7727
7728
7729
7731
7735
7736
7737
7739
7743
7744
7745
7749
7750
7753
7754
7755
7758
7761
7762
7763
7771
7772
7773
7775
7776
7778
7781
7784
7788
7790
7791
7792
7793
7795
7797
7799
7801
7802
7804
7806
7808
7810
7811
7819
7825
7829
7839
7844
7852
7854
7856
7859
7861
7862
7863
7865
7868
7871
7873
7876
7880
7884
7887
7889
7894
7896
7901
7909
7915
7921
7926
7953
7957
7962
7964
7972
7980
7986
7990
8001
8009
8014
8018
8034
8061
8062
8064
8068
8069
8070
8081
8086
8096
8097
8098
8110
8111
8112
8122
8130
8136
8139
8145
8153
8154
8155
8165
8174
8175
8176
8189
8193
8201
8205
8213
8214
8215
8225
8226
8227
8237
8241
8245
8258
8262
8265
8266
8276
8281
8284
8288
8301
8306
8309
8312
8320
8322
8324
8335
8336
8341
8342
8348
8349
8352
8357
8359
8360
8366
8369
8399
8402
8403
8405
8408
8409
8410
8411
8415
8416
8418
8425
8430
8442
8454
8457
8460
8471
8472
8473
8483
8492
8495
8500
8506
8508
8512
8516
8518
8521
8522
8524
8527
8528
8531
8534
8535
8547
8552
8554
8562
8566
8569
8571
8574
8575
8576
8577
8579
8580
8581
8583
8584
8587
8588
8589
8591
8596
8603
8610
8617
8618
8624
8627
8629
8631
8632
8633
8636
8637
8639
8641
8642
8645
8659
8668
8670
8672
8673
8679
8681
8685
8690
8696
8698
8699
8712
8737
8740
8743
8747
8748
8749
8751
8753
8754
8761
8764
8765
8773
8776
8778
8780
8782
8786
8792
8794
8798
8802
8803
8808
8810
8811
8813
8814
8816
8819
8823
8828
8833
8843
8846
8854
8856
8863
8868
8872
8876
8903
8906
8909
8915
8920
8922
8924
8927
8928
8929
8930
8932
8935
8939
8940
8942
8943
8945
8955
8959
8968
8971
8974
8981
8984
8988
8991
8994
8996
8999
9004
9006
9008
9012
9013
9029
9032
9047
9058
9059
9068
9077
9083
9087
9088
9089
9106
9108
9113
9118
9119
9120
9132
9133
9142
9150
9151
9152
9169
9170
9171
9183
9184
9187
9188
9189
9203
9204
9209
9224
9225
9226
9235
9236
9237
9249
9253
9261
9262
9263
9270
9283
9285
9288
9289
9290
9303
9310
9317
9318
9319
9329
9330
9337
9346
9347
9351
9353
9359
9360
9361
9370
9376
9379
9380
9381
9390
9395
9402
9404
9406
9407
9409
9410
9411
9423
9424
9425
9434
9436
9440
9445
9446
9447
9457
9459
9464
9468
9474
9476
9478
9481
9484
9489
9495
9501
9508
9510
9513
9515
9520
9523
9529
9533
9536
9537
9541
9544
9546
9547
9551
9552
9556
9559
9560
9565
9571
9576
9581
9585
9595
9604
9612
9615
9619
9620
9626
9629
9634
9640
9645
9646
9648
9651
9652
9658
9660
9663
9664
9670
9671
9691
9696
9697
9701
9706
9714
9717
9721
9727
9733
9736
9737
9740
9742
9750
9758
9766
9768
9769
9774
9779
9791
9795
9796
9800
9805
9814
9822
9828
9831
9835
9840
9843
9849
9863
9870
9882
9890
9897
9904
9911
9914
9922
9927
9929
9934
9936
9943
9953
9982
9986
9990
9993
9998
9999
10009
10013
10016
10017
10019
10022
10025
10028
10039
10051
10057
10060
10063
10067
10071
10078
10079
10084
10085
10090
10093
10098
10099
10106
10107
10111
10112
10122
10128
10136
10143
10147
10148
10156
10160
10164
10171
10175
10181
10186
10192
10197
10204
10210
10214
10217
10225
10228
10234
10239
10246
10255
10268
10269
10282
10287
10291
10293
10297
10298
10299
10308
10309
10313
10314
10315
10320
10321
10325
10326
10331
10334
10337
10340
10344
10351
10363
10364
10365
10375
10377
10378
10389
10390
10391
10402
10403
10404
10413
10414
10415
10422
10423
10424
10432
10433
10436
10437
10446
10449
10450
10451
10457
10463
10465
10469
10470
10473
10481
10482
10484
10487
10499
10500
10501
10507
10519
10522
10536
10550
10551
10554
10557
10559
10560
10561
10565
10571
10572
10576
10577
10580
10581
10582
10585
10590
10594
10599
10600
10603
10604
10605
10608
10609
10611
10612
10613
10626
10629
10648
10650
10655
10660
10664
10672
10680
10682
10684
10690
10693
10698
10705
10711
10721
10727
10729
10734
10737
10742
10748
10751
10755
10767
10778
10786
10789
10790
10792
10795
10800
10808
10809
10817
10825
10828
10834
10839
10846
10850
10855
10859
10863
10864
10868
10873
10934
10939
10942
10945
10951
10952
10969
10970
10971
10972
10990
10991
10993
10995
10997
11010
11012
11018
11026
11028
11032
11036
11041
11047
11050
11055
11065
11069
11074
11088
11089
11095
11096
11104
11108
11112
11115
11120
11123
11127
11128
11129
11132
11133
11134
11135
11136
11137
11138
11141
11142
11143
11144
11147
11148
11149
11153
11154
11155
11158
11173
11174
11175
11176
11177
11180
11183
11185
11192
11196
11200
11207
11213
11216
11221
11231
11234
11235
11236
11237
11238
11239
11240
11242
11243
11244
11246
11247
11248
11250
11251
11253
11254
11257
11260
11261
11262
11264
11266
11267
11269
11270
11272
11273
11278
11281
11288
11289
11302
11309
11312
11318
11321
11325
11326
11329
11331
11333
11340
11344
11347
11348
11353
11354
11355
11367
11368
11373
11376
11386
11387
11391
11392
11397
11398
11404
11408
11410
11411
11413
11418
11422
11428
11431
11435
11437
11447
11454
11456
11457
11459
11460
11462
11463
11465
11471
11474
11479
11485
11490
11500
11504
11508
11509
11510
11511
11513
11514
11515
11519
11521
11525
11532
11537
11542
11545
11550
11555
11566
11573
11583
11588
11590
11596
11598
11599
11600
11602
11604
11607
11610
11653
11656
11665
11678
11684
11689
11691
11695
11701
11706
11716
11720
11726
11730
11734
11741
11746
11751
11755
11758
11766
11774
11775
11780
11785
11786
11794
11796
11800
11805
11809
11810
11815
11816
11817
11823
11825
11827
11829
11836
11839
11846
11847
11848
11860
11865
11869
11875
11880
11885
11903
11912
11915
11917
11921
11924
11927
11929
11931
11936
11943
11944
11945
11953
11961
11962
11968
11980
11982
11983
11988
11989
11990
11998
12000
12006
12007
12012
12015
12021
12027
12028
12029
12036
12037
12054
12058
12065
12070
12071
12073
12075
12078
12079
12080
12090
12091
12098
12099
12100
12109
12110
12111
12117
12118
12119
12127
12128
12135
12136
12137
12144
12145
12148
12153
12157
12163
12169
12173
12176
12179
12182
12190
12195
12202
12203
12206
12208
12209
12212
12213
12215
12217
12220
12221
12223
12224
12225
12228
12229
12233
12234
12235
12238
12242
12246
12248
12251
12252
12254
12257
12260
12263
12264
12267
12269
12270
12272
12274
12275
12277
12278
12280
12281
12283
12286
12287
12290
12292
12293
12297
12298
12299
12300
12302
12304
12307
12308
12310
12312
12313
12315
12318
12319
12323
12324
12326
12328
12329
12332
12334
12335
12337
12338
12340
12341
12346
12348
12351
12355
12356
12357
12359
12361
12363
12364
12366
12369
12370
12371
12372
12375
12376
12378
12387
12388
12397
12450
12471
12489
12490
12496
12499
12500
12503
12505
12506
12510
12514
12517
12518
12522
12523
12534
12535
12539
12542
12547
12551
12552
12555
12557
12559
12566
12567
12570
12572
12573
12575
12576
12580
12581
12585
12586
12590
12593
12594
12597
12599
12602
12603
12607
12612
12617
12624
12625
12627
12631
12632
12637
12639
12645
12649
12650
12656
12662
12663
12664
12669
12670
12672
12674
12677
12678
12680
12683
12684
12685
12689
12690
12692
12693
12695
12701
12702
12703
12706
12712
12714
12717
12726
12727
12728
12734
12735
12738
12739
12744
12746
12749
12753
12755
12759
12761
12763
12766
12768
12769
12775
12777
12782
12784
12791
12797
12802
12807
12814
12817
12820
12821
12822
12823
12827
12828
12829
12831
12832
12833
12835
12836
12837
12840
12841
12842
12845
12850
12853
12856
12858
12860
12861
12863
12864
12869
12872
12873
12875
12879
12880
12881
12886
12887
12889
12890
12891
12892
12893
12899
12900
12905
12906
12910
12914
12917
12919
12924
12925
12930
12934
12936
12938
12941
12944
12945
12949
12951
12953
12955
12959
12960
12963
12964
12968
12969
12970
12971
12974
12979
12980
12981
12982
12986
12992
12993
12997
12999
13003
13004
13010
13011
13014
13018
13019
13022
13023
13027
13028
13031
13035
13038
13039
13040
13044
13045
13051
13052
13053
13063
13068
13069
13072
13075
13076
13079
13080
13081
13090
13092
13096
13099
13100
13104
13105
13109
13113
13116
13117
13121
13122
13125
13129
13133
13138
13140
13144
13145
13147
13148
13152
13153
13154
13159
13160
13161
13166
13167
13168
13169
13174
13179
13180
13182
13185
13186
13187
13191
13194
13195
13199
13200
13204
13207
13208
13212
13216
13219
13221
13222
13227
13232
13235
13237
13238
13243
13246
13249
13257
13258
13265
13266
13269
13270
13273
13275
13276
13280
13285
13288
13293
13294
13297
13298
13299
13303
13308
13311
13315
13316
13323
13326
13327
13330
13333
13335
13338
13342
13344
13345
13347
13350
13351
13352
13356
13357
13358
13359
13360
13362
13363
13365
13366
13367
13371
13372
13373
13374
13376
13377
13380
13381
13383
13384
13386
13389
13392
13394
13399
13400
13401
13402
13405
13408
13413
13415
13418
13419
13420
13424
13425
13427
13428
13429
13432
13433
13437
13439
13440
13441
13448
13456
13457
13459
13460
13464
13465
13466
13467
13474
13475
13478
13479
13483
13484
13487
13498
13508
13509
13510
13513
13514
13521
13522
13524
13525
13531
13532
13533
13534
13538
13541
13547
13548
13555
13556
13560
13561
13566
13571
13577
13578
13581
13582
13588
13589
13593
13596
13598
13601
13605
13606
13610
13611
13612
13624
13625
13627
13630
13631
13633
13635
13638
13641
13642
13650
13651
13653
13654
13660
13661
13662
13665
13670
13671
13676
13680
13681
13682
13684
13686
13689
13699
13705
13706
13707
13708
13709
13719
13721
13722
13723
13730
13731
13734
13739
13742
13748
13751
13752
13754
13757
13763
13764
13771
13772
13779
13783
13784
13787
13789
13790
13793
13795
13797
13799
13800
13802
13806
13809
13815
13816
13822
13825
13826
13832
13836
13839
13845
13850
13851
13857
13858
13864
13869
13875
13876
13881
13886
13888
13891
13893
13895
13897
13899
13901
13906
13908
13916
13919
13924
13929
13932
13937
13941
13946
13949
13953
13961
13969
13970
13973
13974
13976
13981
13982
13985
13989
13990
13992
13994
14005
14008
14010
14011
14013
14017
14023
14028
14030
14033
14034
14038
14039
14041
14048
14052
14054
14057
14058
14060
14063
14069
14074
14076
14079
14080
14082
14087
14089
14092
14095
14106
14108
14114
14116
14119
14120
14124
14125
14128
14129
14133
14136
14137
14141
14144
14146
14147
14148
14150
14152
14153
14157
14158
14164
14167
14168
14173
14174
14179
14182
14184
14187
14190
14193
14194
14199
14203
14204
14212
14215
14219
14222
14223
14226
14227
14233
14240
14241
14245
14246
14250
14251
14253
14255
14258
14261
14262
14267
14268
14273
14274
14275
14282
14283
14289
14290
14297
14298
14304
14305
14307
14308
14312
14316
14318
14321
14323
14327
14331
14339
14340
14345
14346
14354
14356
14360
14361
14362
14364
14366
14367
14370
14373
14374
14376
14380
14381
14386
14390
14392
14393
14394
14398
14401
14403
14405
14406
14409
14411
14413
14414
14417
14419
14421
14422
14426
14429
14430
14433
14436
14438
14440
14441
14443
14445
14447
14448
14449
14453
14456
14458
14459
14460
14463
14465
14467
14471
14473
14475
14479
14482
14493
14495
14500
14502
14503
14506
14508
14511
14513
14514
14517
14520
14524
14525
14527
14529
14534
14535
14539
14542
14546
14549
14554
14555
14559
14564
14565
14568
14574
14575
14578
14580
14590
14592
14594
14598
14604
14606
14608
14609
14610
14613
14617
14618
14621
14625
14627
14631
14632
14634
14635
14641
14644
14646
14648
14649
14650
14652
14653
14654
14658
14662
14663
14664
14665
14666
14670
14671
14672
14673
14677
14678
14680
14684
14686
14687
14691
14696
14697
14698
14700
14701
14704
14706
14707
14708
14711
14713
14714
14717
14718
14719
14720
14722
14723
14726
14733
14736
14740
14744
14745
14748
14749
14750
14751
14753
14756
14757
14763
14766
14771
14776
14780
14783
14784
14789
14792
14793
14799
14800
14803
14807
14809
14810
14811
14813
14814
14815
14818
14822
14823
14824
14826
14827
14828
14829
14830
14831
14834
14835
14838
14839
14842
14843
14844
14848
14849
14852
14854
14857
14859
14862
14863
14868
14871
14872
14874
14883
14886
14891
14894
14904
14910
14914
14915
14917
14918
14922
14923
14926
14927
14929
14932
14933
14937
14938
14941
14942
14952
14953
14954
14958
14959
14964
14969
14970
14971
14978
14979
14984
14986
14993
14994
15003
15004
15008
15009
15011
15016
15018
15020
15026
15027
15033
15038
15041
15042
15045
15051
15052
15056
15057
15062
15063
15064
15067
15069
15071
15073
15074
15078
15083
15085
15086
15090
15091
15096
15097
15099
15106
15107
15115
15117
15118
15121
15126
15127
15130
15131
15135
15136
15138
15140
15141
15142
15145
15147
15148
15152
15153
15154
15158
15159
15161
15162
15163
15164
15168
15170
15172
15176
15177
15182
15186
15188
15189
15195
15196
15202
15203
15205
15209
15213
15217
15218
15224
15231
15233
15243
15247
15249
15257
15258
15259
15265
15267
15269
15270
15271
15273
15275
15276
15277
15280
15281
15285
15288
15289
15293
15297
15299
15300
15303
15307
15310
15313
15319
15320
15322
15323
15324
15329
15330
15333
15334
15338
15339
15340
15344
15345
15349
15353
15356
15359
15360
15365
15367
15368
15372
15377
15378
15383
15387
15389
15390
15398
15399
15405
15407
15408
15409
15410
15411
15414
15415
15417
15418
15420
15421
15428
15429
15430
15432
15433
15434
15437
15438
15441
15443
15446
15447
15451
15456
15458
15461
15464
15465
15470
15474
15475
15484
15485
15487
15488
15491
15492
15494
15496
15499
15500
15505
15506
15509
15512
15513
15520
15521
15525
15528
15529
15533
15535
15538
15539
15543
15547
15548
15554
15555
15559
15560
15561
15562
15563
15568
15569
15570
15574
15575
15576
15580
15581
15582
15584
15585
15589
15590
15591
15599
15607
15608
15609
15612
15615
15618
15619
15623
15624
15627
15630
15631
15634
15639
15640
15648
15649
15652
15653
15654
15656
15658
15659
15664
15665
15668
15672
15673
15679
15680
15683
15684
15685
15687
15688
15690
15691
15695
15696
15697
15701
15702
15703
15704
15709
15711
15712
15716
15717
15720
15727
15728
15734
15745
15750
15751
15752
15753
15756
15757
15762
15764
15765
15767
15773
15774
15775
15780
15781
15782
15784
15791
15792
15794
15798
15799
15802
15803
15809
15810
15814
15818
15819
15826
15827
15830
15835
15836
15838
15839
15842
15843
15847
15849
15854
15862
15865
15866
15869
15870
15875
15876
15878
15883
15884
15889
15892
15893
15896
15901
15902
15904
15915
15919
15920
15922
15925
15929
15930
15931
15932
15934
15937
15942
15943
15949
15950
15958
15962
15963
15967
15971
15973
15974
15979
15982
15985
15986
15987
15991
15993
15994
15996
16001
16003
16004
16005
16006
16010
16012
16013
16014
16017
16019
16020
16021
16023
16025
16026
16028
16032
16033
16035
16041
16045
16048
16049
16053
16054
16059
16060
16063
16065
16070
16071
16079
16080
16085
16089
16090
16097
16098
16100
16102
16109
16110
16112
16113
16116
16119
16120
16122
16124
16125
16126
16129
16136
16140
16145
16147
16152
16155
16161
16166
16169
16174
16175
16178
16184
16186
16187
16188
16194
16197
16200
16203
16204
16206
16209
16211
16215
16219
16220
16225
16226
16232
16233
16237
16243
16245
16246
16248
16249
16252
16254
16255
16256
16259
16263
16266
16267
16269
16273
16274
16279
16280
16284
16286
16287
16291
16292
16297
16300
16305
16311
16313
16314
16317
16318
16321
16322
16325
16326
16329
16334
16335
16338
16342
16348
16349
16355
16356
16361
16362
16363
16366
16369
16370
16373
16375
16376
16378
16379
16383
16386
16388
16389
16391
16392
16393
16398
16399
16400
16404
16405
16406
16409
16413
16414
16419
16420
16421
16423
16425
16426
16429
16430
16431
16434
16436
16437
16441
16445
16446
16447
16453
16455
16456
16459
16463
16467
16474
16475
16478
16479
16483
16487
16488
16495
16499
16502
16503
16510
16511
16512
16515
16516
16518
16519
16520
16521
16522
16526
16527
16530
16534
16535
16537
16542
16543
16547
16551
16552
16553
16555
16558
16559
16562
16563
16567
16568
16571
16572
16575
16576
16581
16582
16585
16586
16587
16589
16590
16594
16595
16601
16607
16610
16612
16613
16618
16620
16621
16624
16627
16630
16631
16634
16636
16637
16638
16642
16648
16649
16654
16655
16660
16662
16663
16665
16666
16667
16671
16672
16673
16675
16677
16678
16681
16682
16683
16685
16688
16691
16693
16700
16701
16704
16705
16707
16712
16716
16717
16721
16723
16724
16727
16730
16731
16736
16741
16742
16747
16748
16749
16755
16756
16759
16760
16764
16765
16767
16769
16770
16773
16774
16778
16779
16783
16785
16786
16790
16792
16794
16796
16797
16799
16801
16805
16806
16811
16812
16813
16815
16820
16821
16826
16829
16832
16834
16837
16838
16842
16843
16847
16848
16854
16859
16860
16869
16872
16873
16877
16882
16890
16894
16901
16904
16905
16911
16916
16920
16921
16927
16933
16938
16941
16944
16946
16952
16960
16965
16973
16974
16975
16977
16978
16980
16983
16984
16985
16988
16991
16993
16996
16998
17002
17005
17006
17008
17010
17011
17013
17015
17016
17017
17029
17030
17036
17037
17042
17043
17048
17049
17057
17058
17059
17066
17067
17068
17079
17080
17081
17085
17088
17091
17096
17097
17098
17099
17102
17106
17107
17108
17119
17124
17125
17126
17134
17136
17137
17138
17147
17148
17149
17156
17157
17161
17162
17168
17169
17170
17180
17181
17182
17190
17191
17192
17193
17199
17200
17204
17205
17206
17207
17212
17213
17217
17218
17219
17220
17221
17227
17228
17235
17239
17242
17243
17244
17247
17250
17253
17254
17255
17263
17264
17266
17267
17269
17272
17273
17274
17278
17281
17282
17283
17285
17287
17289
17292
17293
17294
17297
17298
17299
17302
17305
17306
17307
17311
17314
17317
17318
17319
17320
17323
17324
17325
17328
17329
17332
17337
17339
17342
17343
17344
17347
17351
17352
17353
17356
17357
17359
17361
17362
17364
17365
17366
17367
17384
17385
17403
17414
17416
17418
17419
17420
17422
17423
17425
17427
17428
17433
17434
17437
17438
17442
17444
17445
17449
17450
17451
17455
17456
17460
17461
17463
17464
17469
17470
17473
17474
17478
17480
17482
17483
17487
17490
17491
17494
17496
17498
17501
17505
17507
17509
17512
17515
17517
17519
17521
17523
17525
17531
17533
17536
17537
17538
17539
17542
17545
17549
17550
17555
17556
17557
17558
17562
17563
17566
17567
17569
17573
17576
17580
17582
17585
17586
17590
17592
17593
17595
17598
17600
17604
17605
17609
17613
17614
17616
17619
17622
17625
17639
17643
17644
17649
17652
17656
17657
17663
17669
17670
17674
17679
17680
17681
17686
17689
17690
17694
17697
17700
17701
17704
17708
17710
17715
17716
17720
17725
17726
17730
17733
17734
17737
17738
17739
17741
17744
17750
17764
17773
17778
17783
17794
17802
17808
17812
17813
17817
17828
17832
17848
17853
17866
17872
17879
17882
17888
17891
17894
17897
17900
17903
17906
17909
17910
17914
17916
17919
17931
17932
17939
17945
17946
17955
17963
17967
17971
17977
17982
17987
17988
17992
17998
18000
18005
18009
18013
18018
18019
18021
18026
18027
18029
18032
18036
18039
18040
18044
18045
18048
18051
18052
18053
18057
18060
18063
18064
18068
18071
18074
18077
18086
18087
18092
18099
18111
18122
18130
18140
18150
18161
18171
18179
18186
18197
18198
18200
18202
18205
18207
18208
18212
18215
18217
18228
18230
18235
18251
18267
18284
18297
18306
18316
18324
18325
18330
18335
18341
18352
18354
18357
18358
18360
18363
18366
18369
18373
18376
18380
18385
18389
18393
18397
18400
18404
18405
18407
18408
18412
18417
18420
18425
18431
18433
18434
18435
18438
18441
18445
18448
18454
18458
18461
18464
18468
18471
18474
18479
18484
18488
18492
18496
18498
18500
18505
18509
18510
18513
18514
18519
18522
18523
18524
18550
18553
18567
18569
18579
18587
18597
18609
18619
18628
18629
18630
18635
18637
18641
18645
18650
18656
18659
18660
18663
18664
18665
18666
18667
18668
18669
18672
18673
18674
18678
18681
18683
18684
18685
18686
18688
18689
18690
18693
18694
18695
18700
18703
18705
18706
18707
18710
18712
18725
18726
18739
18740
18741
18750
18755
18756
18770
18771
18777
18784
18785
18796
18804
18807
18808
18810
18812
18815
18819
18820
18822
18825
18826
18827
18829
18831
18833
18836
18839
18843
18845
18847
18850
18852
18855
18859
18860
18864
18869
18871
18873
18877
18881
18883
18885
18893
18900
18910
18920
18930
18941
18942
18944
18956
18957
18959
18961
18963
18968
18978
18980
18982
18985
18988
18989
18995
19015
19033
19035
19038
19039
19042
19043
19046
19048
19051
19052
19056
19058
19060
19075
19083
19085
19089
19093
19095
19096
19098
19105
19106
19108
19111
19115
19118
19121
19128
19132
19135
19136
19137
19140
19142
19151
19152
19157
19159
19168
19173
19179
19186
19190
19198
19201
19205
19214
19217
19219
19223
19225
19228
19230
19233
19234
19237
19239
19242
19243
19245
19248
19249
19254
19256
19258
19260
19263
19266
19268
19270
19271
19274
19277
19278
19280
19282
19285
19287
19289
19293
19294
19296
19298
19300
19302
19307
19308
19311
19313
19315
19319
19328
19340
19355
19365
19372
19376
19378
19382
19384
19387
19390
19393
19395
19398
19400
19401
19405
19406
19409
19410
19411
19414
19416
19418
19421
19424
19433
19435
19436
19441
19443
19445
19448
19452
19453
19455
19460
19463
19468
19476
19480
19487
19500
19503
19504
19505
19507
19510
19512
19514
19520
19529
19536
19544
19546
19547
19548
19550
19551
19556
19560
19562
19566
19568
19569
19574
19576
19579
19580
19581
19582
19585
19587
19590
19594
19595
19596
19598
19600
19601
19604
19605
19609
19610
19612
19614
19615
19619
19620
19623
19624
19627
19631
19634
19637
19638
19641
19645
19649
19650
19651
19652
19653
19654
19655
19656
19658
19660
19661
19662
19666
19667
19668
19672
19686
19706
19717
19719
19722
19725
19728
19729
19730
19735
19738
19740
19744
19746
19747
19751
19752
19756
19761
19762
19766
19770
19774
19777
19779
19783
19787
19789
19792
19794
19796
19797
19798
19801
19803
19806
19810
19813
19815
19817
19821
19824
19829
19833
19835
19838
19841
19847
19850
19853
19857
19861
19865
19869
19873
19876
19877
19881
19884
19886
19890
19893
19898
19900
19902
19907
19908
19911
19913
19915
19923
19927
19929
19932
19934
19940
19941
19944
19945
19949
19954
19955
19959
19960
19963
19964
19969
19975
19976
19979
19983
19986
19993
19994
19999
20002
20006
20007
20011
20016
20020
20021
20024
20026
20029
20030
20033
20039
20040
20046
20052
20053
20058
20065
20066
20078
20082
20083
20084
20085
20086
20087
20088
20090
20093
20094
20100
20101
20102
20110
20111
20116
20117
20118
20120
20121
20125
20126
20130
20132
20134
20135
20141
20152
20164
20172
20180
20200
20204
20213
20221
20231
20232
20238
20245
20246
20253
20263
20264
20270
20277
20282
20288
20289
20295
20300
20302
20309
20310
20315
20318
20321
20322
20326
20332
20333
20337
20342
20343
20347
20350
20353
20354
20360
20366
20370
20376
20377
20381
20382
20388
20393
20394
20399
20408
20409
20412
20415
20416
20417
20421
20422
20425
20428
20430
20436
20440
20451
20458
20462
20470
20477
20486
20500
20514
20515
20517
20527
20531
20540
20548
20556
20568
20571
20573
20575
20576
20579
20580
20582
20584
20588
20591
20594
20596
20599
20602
20604
20606
20607
20611
20613
20617
20621
20625
20629
20634
20637
20641
20643
20645
20646
20648
20649
20664
20668
20669
20670
20674
20681
20682
20683
20685
20687
20688
20689
20695
20696
20697
20705
20706
20709
20714
20719
20722
20723
20724
20729
20734
20739
20741
20745
20748
20749
20753
20754
20758
20760
20761
20763
20764
20766
20767
20772
20774
20776
20777
20781
20783
20784
20787
20788
20790
20792
20795
20796
20802
20804
20805
20809
20810
20811
20814
20817
20821
20822
20825
20833
20834
20841
20842
20850
20851
20854
20868
20869
20876
20880
20882
20889
20890
20892
20900
20901
20909
20933
20934
20935
20938
20940
20944
20948
20949
20952
20959
20960
20965
20967
20971
20972
20976
20981
20985
20988
20990
20992
20997
21000
21001
21006
21010
21011
21018
21019
21024
21028
21029
21033
21038
21042
21043
21053
21060
21066
21093
21095
21103
21105
21106
21108
21110
21113
21115
21117
21121
21125
21127
21130
21141
21148
21151
21153
21162
21165
21178
21181
21183
21185
21186
21190
21191
21195
21196
21198
21199
21203
21204
21205
21207
21209
21210
21211
21214
21220
21223
21225
21228
21233
21235
21237
21241
21243
21247
21252
21254
21255
21258
21259
21263
21264
21266
21267
21268
21270
21273
21278
21281
21285
21286
21287
21288
21291
21293
21297
21298
21302
21303
21305
21309
21314
21316
21320
21323
21328
21329
21330
21333
21339
21351
21363
21369
21380
21382
21390
21392
21403
21409
21418
21426
21441
21448
21460
21466
21488
21496
21497
21498
21504
21505
21506
21513
21514
21521
21522
21523
21531
21533
21535
21537
21540
21541
21542
21545
21546
21549
21552
21553
21554
21557
21559
21562
21566
21568
21571
21572
21573
21576
21581
21584
21586
21587
21590
21591
21596
21597
21599
21600
21603
21607
21608
21610
21611
21615
21619
21620
21623
21626
21627
21631
21634
21637
21639
21640
21654
21664
21670
21673
21674
21678
21685
21688
21689
21692
21694
21698
21702
21703
21705
21707
21708
21710
21713
21719
21721
21722
21723
21724
21727
21731
21733
21736
21737
21739
21744
21745
21747
21751
21754
21756
21757
21759
21760
21762
21763
21764
21765
21767
21769
21771
21772
21774
21775
21780
21783
21784
21785
21787
21788
21789
21799
21802
21811
21817
21823
21828
21836
21841
21844
21848
21858
21859
21863
21870
21873
21874
21879
21884
21887
21890
21891
21894
21895
21899
21904
21906
21909
21910
21914
21920
21921
21926
21933
21936
21949
21956
21958
21963
21966
21973
21981
21985
21993
22000
22009
22010
22013
22014
22015
22020
22022
22025
22026
22028
22032
22037
22040
22042
22051
22052
22054
22056
22058
22059
22060
22062
22064
22065
22067
22069
22070
22071
22073
22074
22076
22078
22079
22082
22083
22084
22087
22088
22090
22092
22093
22095
22096
22098
22099
22102
22103
22105
22106
22109
22110
22111
22113
22114
22117
22118
22119
22122
22123
22125
22126
22128
22129
22133
22137
22142
22146
22149
22152
22155
22156
22158
22163
22164
22167
22168
22169
22174
22177
22178
22186
22187
22188
22190
22192
22195
22197
22198
22199
22200
22201
22203
22204
22206
22207
22208
22210
22211
22212
22213
22216
22228
22234
22242
22251
22258
22262
22273
22283
22292
22300
22320
22328
22337
22347
22353
22363
22370
22375
22379
22387
22392
22396
22399
22400
22402
22403
22405
22408
22411
22414
22415
22423
22425
22428
22429
22430
22431
22432
22433
22437
22441
22444
22446
22447
22448
22449
22457
22460
22464
22465
22471
22478
22482
22485
22486
22488
22492
22497
22498
22506
22514
22519
22522
22524
22528
22532
22534
22536
22539
22542
22546
22552
22554
22556
22557
22560
22583
22595
22608
22620
22626
22627
22639
22640
22647
22656
22657
22665
22669
22675
22679
22681
22682
22687
22696
22697
22708
22711
22714
22719
22726
22733
22735
22737
22738
22739
22740
22748
22753
22754
22756
22759
22762
22771
22788
22789
22792
22794
22795
22796
22797
22800
22801
22803
22805
22807
22808
22809
22810
22811
22813
22814
22815
22816
22817
22819
22820
22822
22823
22824
22826
22828
22831
22839
22848
22861
22882
22884
22887
22893
22902
22905
22906
22915
22924
22943
22946
22947
22950
22951
22955
22958
22959
22962
22966
22967
22971
22972
22975
22979
22980
22982
22984
22986
22989
22991
22995
22996
22999
23001
23003
23006
23009
23011
23013
23015
23018
23020
23024
23027
23031
23040
23043
23044
23046
23049
23050
23051
23052
23055
23056
23057
23058
23060
23062
23063
23065
23071
23073
23075
23078
23079
23083
23087
23089
23096
23098
23100
23105
23110
23116
23118
23122
23125
23129
23133
23138
23143
23169
23171
23174
23176
23180
23184
23188
23192
23195
23198
23199
23200
23204
23206
23209
23211
23215
23218
23228
23230
23232
23235
23238
23241
23244
23245
23247
23248
23252
23255
23259
23264
23267
23270
23274
23278
23283
23284
23290
23295
23296
23302
23309
23313
23316
23317
23318
23320
23323
23331
23335
23336
23344
23345
23349
23354
23356
23357
23367
23372
23375
23386
23388
23401
23407
23410
23419
23426
23438
23449
23458
23468
23477
23479
23483
23489
23490
23497
23498
23506
23507
23516
23527
23530
23534
23542
23551
23553
23554
23555
23558
23562
23565
23567
23575
23582
23586
23591
23595
23597
23600
23604
23609
23612
23617
23619
23621
23627
23631
23634
23637
23640
23645
23652
23655
23658
23659
23661
23664
23667
23672
23675
23677
23681
23683
23688
23691
23694
23695
23696
23697
23699
23701
23704
23706
23708
23710
23713
23717
23720
23721
23724
23730
23734
23737
23742
23746
23748
23749
23753
23757
23762
23765
23768
23769
23773
23774
23777
23778
23782
23784
23790
23793
23798
23799
23800
23803
23805
23808
23812
23814
23815
23816
23817
23819
23824
23831
23835
23839
23844
23851
23852
23857
23860
23865
23870
23873
23878
23879
23886
23891
23901
23910
23914
23923
23924
23926
23927
23929
23933
23934
23942
23944
23947
23948
23954
23958
23959
23962
23966
23969
23970
23975
23979
23983
23985
23988
23992
23994
23996
23999
24001
24003
24006
24008
24010
24012
24014
24016
24019
24021
24024
24026
24029
24030
24032
24034
24045
24047
24051
24055
24057
24062
24065
24073
24077
24080
24083
24085
24087
24088
24089
24092
24094
24096
24097
24099
24100
24105
24107
24109
24111
24114
24119
24124
24126
24127
24128
24132
24133
24136
24138
24142
24144
24146
24152
24155
24157
24159
24163
24172
24181
24187
24190
24200
24201
24213
24225
24227
24228
24229
24238
24246
24257
24258
24261
24266
24269
24270
24271
24274
24277
24283
24286
24288
24291
24292
24293
24294
24297
24299
24304
24307
24308
24310
24311
24313
24316
24318
24322
24327
24330
24336
24337
24340
24343
24345
24348
24351
24354
24356
24357
24359
24363
24367
24371
24375
24384
24391
24394
24395
24398
24403
24406
24413
24419
24424
24428
24429
24433
24434
24437
24442
24450
24454
24460
24465
24469
24476
24478
24482
24483
24486
24489
24491
24492
24498
24512
24513
24518
24520
24521
24524
24528
24529
24536
24538
24539
24543
24545
24547
24549
24550
24552
24554
24557
24559
24562
24564
24568
24570
24573
24577
24580
24581
24582
24584
24587
24591
24593
24597
24598
24602
24603
24604
24606
24607
24612
24614
24615
24617
24619
24620
24621
24622
24623
24629
24633
24636
24639
24641
24642
24645
24651
24657
24659
24661
24665
24666
24668
24672
24679
24684
24685
24690
24700
24701
24708
24713
24714
24719
24726
24727
24732
24742
24747
24750
24754
24755
24757
24759
24760
24764
24765
24769
24770
24772
24774
24777
24778
24780
24781
24784
24785
24789
24790
24791
24794
24795
24798
24799
24800
24802
24805
24808
24810
24812
24825
24829
24831
24833
24834
24838
24840
24841
24842
24844
24845
24847
24848
24849
24850
24852
24854
24855
24858
24861
24865
24871
24874
24875
24881
24886
24899
24906
24912
24917
24918
24921
24925
24927
24934
24938
24944
24947
24950
24952
24955
24958
24960
24962
24964
24965
24967
24968
24973
24974
24977
24982
24985
24988
24990
24992
24993
24995
24997
24998
25003
25007
25012
25013
25016
25017
25021
25022
25025
25027
25028
25029
25032
25036
25039
25040
25042
25045
25054
25055
25058
25063
25066
25069
25071
25073
25075
25076
25080
25084
25089
25093
25094
25096
25099
25100
25102
25104
25108
25110
25113
25114
25119
25121
25122
25127
25133
25136
25141
25146
25147
25157
25162
25163
25168
25175
25179
25186
25193
25198
25204
25205
25206
25207
25208
25209
25211
25212
25214
25220
25227
25236
25245
25252
25254
25257
25266
25271
25279
25284
25287
25290
25292
25295
25298
25302
25308
25314
25326
25330
25334
25335
25340
25345
25346
25349
25355
25359
25360
25361
25363
25367
25368
25374
25375
25376
25387
25390
25391
25396
25397
25400
25401
25402
25407
25408
25417
25425
25430
25431
25432
25434
25436
25438
25442
25446
25447
25452
25457
25459
25462
25466
25470
25472
25474
25488
25498
25506
25511
25516
25517
25520
25523
25527
25531
25548
25552
25554
25556
25559
25560
25563
25565
25567
25571
25574
25579
25580
25583
25585
25588
25592
25593
25594
25596
25598
25601
25606
25608
25610
25612
25613
25615
25620
25628
25630
25632
25642
25649
25651
25652
25659
25667
25670
25671
25674
25677
25678
25682
25683
25686
25687
25689
25690
25694
25695
25697
25699
25703
25706
25710
25711
25712
25714
25717
25719
25722
25726
25732
25736
25737
25738
25740
25748
25750
25752
25753
25756
25757
25759
25761
25763
25765
25768
25771
25775
25778
25781
25785
25788
25791
25794
25798
25800
25802
25803
25804
25805
25806
25807
25809
25811
25812
25813
25814
25815
25817
25820
25824
25829
25835
25836
25837
25843
25848
25850
25852
25854
25857
25863
25864
25869
25873
25876
25878
25880
25885
25886
25891
25893
25907
25913
25917
25928
25934
25943
25947
25949
25950
25953
25957
25960
25964
25965
25976
25977
25978
25981
25982
25984
25985
25986
25989
25990
25991
26000
26001
26008
26009
26010
26011
26012
26024
26033
26045
26046
26061
26064
26065
26069
26072
26076
26078
26081
26085
26086
26089
26090
26093
26100
26102
26103
26104
26105
26107
26118
26125
26129
26140
26141
26142
26143
26144
26148
26150
26156
26157
26160
26172
26177
26185
26194
26200
26210
26214
26216
26217
26219
26221
26224
26225
26226
26227
26231
26232
26235
26236
26240
26245
26246
26250
26254
26257
26259
26285
26286
26292
26298
26304
26307
26313
26317
26318
26323
26328
26332
26338
26339
26340
26347
26355
26358
26362
26367
26373
26381
26385
26388
26390
26394
26401
26405
26407
26414
26419
26421
26423
26428
26429
26431
26434
26436
26440
26443
26446
26447
26448
26450
26452
26453
26454
26455
26456
26457
26458
26460
26463
26464
26466
26468
26470
26471
26473
26474
26475
26478
26479
26481
26482
26484
26485
26488
26491
26492
26495
26497
26500
26501
26507
26513
26517
26520
26523
26525
26526
26528
26529
26530
26535
26536
26537
26538
26539
26542
26543
26544
26546
26547
26548
26551
26552
26554
26555
26557
26558
26561
26562
26564
26565
26566
26567
26570
26571
26573
26575
26576
26578
26579
26580
26581
26582
26583
26584
26586
26587
26588
26589
26590
26592
26593
26594
26595
26596
26597
26599
26602
26609
26617
26628
26637
26646
26663
26678
26687
26700
26710
26726
26731
26753
26763
26770
26779
26792
