0
4
5
6
11
13
14
15
19
22
23
24
29
31
37
38
39
40
41
42
43
48
51
52
54
55
56
57
63
64
65
72
73
78
79
80
81
82
92
93
94
95
96
97
101
105
106
107
108
111
114
118
122
123
125
126
127
128
135
136
137
138
139
140
148
150
151
152
153
154
155
156
157
158
159
166
167
168
169
170
176
177
178
179
186
187
193
196
197
201
202
208
209
217
218
219
220
224
225
226
227
231
233
242
243
244
245
246
252
253
254
258
259
260
261
262
266
271
272
273
280
283
284
285
286
289
290
291
292
293
298
299
300
302
304
305
307
308
309
310
311
313
314
318
319
321
323
324
328
329
332
333
334
338
339
343
344
345
346
355
356
357
362
363
366
367
368
369
371
372
373
378
379
380
386
387
391
392
398
399
405
406
407
411
412
416
417
418
419
424
425
426
432
433
434
435
439
441
444
446
450
451
457
458
459
460
461
462
469
470
477
480
481
488
489
499
500
501
502
503
504
509
511
512
513
514
515
516
517
522
523
524
525
526
527
531
532
533
534
535
536
537
538
539
545
546
547
548
549
550
554
556
557
558
559
560
561
565
566
567
568
569
575
577
578
580
581
582
583
584
585
590
591
592
593
594
599
600
601
603
605
606
607
608
609
610
611
619
620
621
622
623
624
629
630
631
632
633
639
640
645
648
649
653
657
661
662
670
674
675
676
677
683
684
685
689
691
692
702
705
707
708
709
719
720
726
727
730
732
733
739
744
746
747
748
749
755
756
757
761
765
766
771
772
774
775
776
778
779
781
782
783
785
786
787
788
789
790
791
797
798
799
800
801
802
803
804
805
809
810
811
813
814
815
816
817
818
819
820
821
822
827
828
829
830
834
835
836
837
838
839
845
846
847
848
851
855
862
863
868
869
871
874
875
878
882
885
891
892
897
899
900
901
914
915
916
922
926
936
941
944
945
947
950
955
957
963
966
967
972
973
979
984
985
991
994
996
997
1003
1007
1008
1016
1017
1020
1023
1029
1030
1036
1037
1041
1047
1048
1049
1054
1055
1058
1062
1063
1067
1068
1069
1071
1074
1075
1080
1081
1082
1085
1087
1089
1090
1091
1094
1095
1096
1097
1098
1099
1107
1108
1109
1110
1111
1112
1113
1120
1121
1122
1123
1131
1132
1133
1134
1135
1136
1137
1142
1143
1144
1145
1151
1152
1153
1157
1158
1161
1162
1163
1168
1179
1187
1199
1207
1214
1215
1216
1217
1226
1227
1228
1236
1237
1238
1239
1249
1254
1255
1256
1262
1263
1264
1265
1266
1269
1272
1273
1275
1280
1281
1288
1289
1290
1294
1295
1296
1297
1298
1302
1303
1304
1308
1309
1311
1315
1316
1317
1320
1322
1323
1324
1330
1331
1332
1333
1337
1338
1339
1340
1342
1343
1344
1349
1350
1357
1358
1359
1360
1365
1366
1367
1368
1373
1374
1375
1377
1378
1379
1380
1381
1387
1388
1389
1390
1391
1396
1397
1398
1403
1404
1405
1409
1410
1412
1416
1420
1423
1424
1425
1427
1428
1429
1432
1436
1437
1438
1444
1446
1447
1448
1452
1453
1454
1456
1457
1458
1459
1462
1463
1469
1471
1473
1474
1483
1486
1496
1499
1507
1508
1512
1514
1515
1516
1520
1522
1526
1527
1530
1531
1534
1538
1539
1542
1543
1549
1550
1559
1564
1565
1566
1567
1568
1569
1570
1571
1574
1575
1576
1577
1578
1579
1580
1584
1585
1587
1588
1589
1590
1591
1592
1593
1594
1595
1596
1603
1604
1608
1609
1610
1611
1612
1613
1618
1619
1622
1623
1624
1625
1626
1627
1628
1629
1636
1637
1638
1639
1640
1641
1649
1650
1653
1654
1655
1656
1661
1662
1663
1664
1665
1666
1667
1668
1675
1676
1677
1678
1684
1688
1689
1692
1694
1695
1696
1700
1701
1702
1703
1706
1707
1709
1711
1712
1714
1715
1717
1718
1725
1726
1734
1735
1736
1739
1741
1742
1743
1749
1753
1754
1756
1757
1760
1762
1763
1769
1774
1776
1777
1778
1779
1785
1786
1787
1791
1793
1794
1798
1803
1810
1811
1812
1814
1815
1822
1826
1827
1830
1832
1833
1836
1839
1841
1842
1843
1844
1845
1846
1853
1854
1855
1856
1863
1864
1865
1866
1871
1872
1873
1874
1880
1882
1883
1884
1888
1889
1890
1897
1898
1899
1903
1909
1910
1911
1914
1915
1916
1917
1922
1927
1930
1938
1946
1947
1948
1949
1959
1960
1963
1964
1965
1966
1967
1968
1973
1974
1977
1982
1983
1985
1991
1992
1993
1994
1995
1996
1997
1998
2002
2003
2004
2008
2009
2010
2011
2012
2014
2015
2016
2017
2018
2019
2020
2021
2027
2028
2029
2030
2031
2034
2035
2036
2037
2038
2039
2041
2042
2043
2044
2045
2046
2050
2051
2055
2056
2061
2062
2066
2067
2068
2072
2075
2077
2079
2080
2081
2082
2085
2086
2087
2088
2089
2090
2095
2096
2098
2099
2103
2104
2106
2107
2108
2111
2112
2113
2114
2115
2121
2122
2123
2127
2128
2132
2133
2134
2137
2138
2139
2140
2147
2148
2149
2150
2155
2156
2158
2159
2161
2162
2167
2169
2170
2174
2176
2179
2180
2182
2183
2186
2188
2189
2193
2195
2196
2197
2201
2205
2206
2209
2210
2213
2214
2215
2220
2221
2222
2226
2227
2228
2229
2230
2231
2232
2237
2238
2239
2240
2246
2247
2248
2249
2250
2251
2255
2256
2257
2263
2266
2268
2269
2273
2274
2275
2279
2280
2282
2283
2289
2290
2291
2294
2299
2300
2301
2309
2311
2312
2313
2318
2320
2321
2323
2326
2328
2329
2335
2336
2345
2346
2352
2361
2364
2369
2376
2381
2388
2394
2397
2398
2399
2400
2404
2405
2409
2414
2415
2416
2417
2418
2426
2427
2434
2435
2436
2437
2438
2439
2441
2442
2443
2448
2449
2450
2458
2461
2462
2463
2464
2465
2473
2474
2475
2476
2477
2482
2483
2484
2485
2486
2487
2488
2489
2490
2491
2492
2497
2498
2499
2500
2501
2508
2516
2518
2519
2520
2523
2524
2525
2526
2530
2531
2534
2535
2536
2537
2538
2545
2546
2549
2550
2551
2555
2556
2557
2559
2560
2561
2562
2563
2567
2568
2569
2570
2572
2574
2575
2576
2577
2578
2579
2580
2584
2589
2592
2599
2600
2601
2602
2608
2609
2610
2611
2612
2613
2614
2622
2623
2624
2625
2626
2633
2634
2639
2640
2641
2644
2645
2646
2647
2648
2649
2650
2658
2659
2660
2661
2662
2663
2664
2671
2672
2673
2674
2675
2682
2683
2684
2685
2686
2692
2693
2694
2695
2696
2704
2705
2706
2707
2708
2717
2718
2719
2720
2721
2722
2731
2734
2735
2736
2737
2738
2744
2745
2746
2747
2752
2753
2761
2767
2768
2776
2777
2778
2779
2784
2785
2793
2794
2795
2801
2807
2815
2816
2817
2818
2821
2822
2826
2827
2830
2831
2833
2834
2839
2843
2849
2850
2855
2856
2865
2869
2871
2872
2873
2874
2875
2877
2881
2882
2883
2886
2888
2890
2891
2897
2898
2899
2902
2907
2915
2918
2919
2920
2923
2924
2925
2928
2930
2934
2935
2936
2940
2941
2942
2944
2945
2946
2948
2949
2950
2954
2956
2957
2961
2962
2963
2964
2971
2972
2973
2974
2979
2980
2981
2987
2988
2993
2994
2997
2998
3001
3002
3003
3004
3005
3006
3007
3013
3014
3015
3016
3021
3022
3024
3025
3026
3027
3028
3029
3030
3035
3036
3037
3042
3046
3053
3054
3061
3062
3063
3065
3066
3067
3068
3069
3070
3073
3074
3077
3078
3079
3080
3083
3084
3085
3088
3089
3090
3091
3098
3101
3102
3111
3113
3114
3115
3116
3123
3128
3131
3132
3133
3145
3148
3149
3150
3151
3157
3158
3160
3164
3165
3166
3171
3173
3174
3175
3184
3185
3186
3190
3192
3193
3198
3199
3200
3201
3204
3205
3206
3213
3214
3215
3225
3226
3227
3228
3234
3235
3240
3243
3244
3245
3253
3254
3255
3256
3257
3258
3259
3264
3265
3266
3269
3270
3271
3272
3273
3280
3281
3288
3290
3293
3297
3298
3304
3306
3307
3313
3314
3315
3316
3317
3326
3327
3328
3333
3337
3362
3366
3367
3371
3372
3378
3383
3384
3385
3391
3392
3393
3399
3400
3403
3404
3411
3412
3417
3418
3420
3421
3423
3424
3426
3427
3428
3432
3436
3437
3438
3441
3442
3443
3445
3446
3447
3448
3451
3452
3453
3456
3458
3462
3463
3465
3467
3472
3473
3474
3475
3478
3479
3483
3489
3490
3491
3495
3499
3500
3501
3505
3506
3509
3510
3513
3516
3517
3518
3519
3520
3521
3522
3523
3524
3525
3534
3535
3536
3537
3538
3542
3543
3544
3547
3548
3549
3550
3551
3555
3562
3563
3570
3571
3579
3580
3581
3589
3593
3596
3600
3604
3609
3613
3614
3620
3625
3631
3639
3642
3649
3650
3654
3657
3658
3660
3661
3670
3673
3677
3680
3681
3682
3683
3684
3689
3690
3691
3697
3698
3699
3701
3702
3703
3704
3709
3710
3712
3713
3714
3719
3720
3722
3723
3724
3728
3729
3735
3736
3740
3744
3745
3746
3747
3754
3755
3756
3757
3761
3767
3770
3773
3774
3775
3776
3779
3780
3784
3785
3786
3790
3793
3796
3797
3798
3809
3810
3813
3814
3818
3820
3821
3822
3825
3826
3827
3832
3833
3837
3838
3842
3844
3845
3846
3848
3851
3852
3853
3854
3856
3857
3858
3859
3863
3864
3868
3869
3872
3873
3875
3876
3878
3879
3880
3881
3886
3887
3890
3891
3893
3894
3898
3899
3900
3902
3903
3904
3906
3907
3908
3912
3913
3914
3917
3918
3921
3923
3926
3928
3931
3932
3934
3935
3938
3939
3942
3946
3947
3948
3952
3955
3956
3958
3959
3960
3962
3963
3965
3966
3968
3969
3971
3976
3977
3978
3985
3986
3987
3988
3996
3997
3998
3999
4005
4006
4007
4008
4009
4018
4021
4022
4023
4024
4032
4033
4034
4042
4044
4045
4050
4051
4057
4058
4059
4060
4062
4063
4065
4066
4067
4068
4069
4077
4078
4079
4080
4081
4089
4091
4093
4094
4095
4099
4100
4101
4108
4109
4110
4111
4112
4120
4121
4122
4126
4127
4128
4129
4132
4133
4135
4136
4137
4138
4139
4140
4141
4146
4147
4148
4149
4150
4154
4155
4158
4159
4160
4161
4162
4172
4173
4174
4178
4182
4183
4184
4185
4186
4193
4194
4195
4205
4207
4208
4209
4215
4216
4217
4218
4219
4225
4226
4229
4230
4231
4232
4233
4241
4242
4243
4255
4257
4260
4268
4274
4283
4286
4287
4288
4290
4291
4293
4295
4296
4302
4303
4304
4308
4311
4312
4313
4319
4320
4321
4325
4326
4331
4332
4334
4337
4339
4340
4341
4345
4346
4350
4352
4353
4354
4355
4356
4363
4364
4368
4369
4370
4375
4379
4380
4381
4382
4383
4384
4385
4390
4392
4393
4394
4395
4396
4397
4403
4404
4405
4406
4407
4414
4416
4417
4419
4425
4426
4427
4434
4435
4436
4442
4443
4444
4445
4446
4453
4454
4455
4456
4464
4468
4469
4470
4472
4473
4474
4475
4476
4479
4480
4481
4486
4487
4488
4492
4493
4494
4506
4507
4508
4511
4512
4516
4519
4523
4524
4528
4529
4534
4537
4539
4541
4542
4543
4544
4551
4554
4556
4557
4560
4561
4562
4563
4564
4566
4567
4570
4572
4573
4576
4580
4581
4582
4583
4584
4585
4586
4587
4592
4593
4594
4595
4597
4598
4599
4600
4601
4607
4608
4609
4610
4611
4619
4620
4621
4622
4623
4630
4631
4632
4633
4634
4635
4636
4647
4648
4649
4650
4651
4658
4659
4660
4667
4668
4669
4670
4676
4677
4678
4679
4683
4684
4685
4686
4692
4693
4694
4701
4702
4707
4708
4709
4710
4711
4714
4721
4722
4723
4729
4730
4731
4737
4738
4739
4740
4747
4748
4750
4751
4756
4759
4760
4762
4764
4766
4767
4772
4774
4775
4776
4777
4782
4783
4788
4789
4797
4798
4799
4801
4802
4808
4809
4810
4814
4815
4816
4817
4821
4822
4823
4824
4825
4833
4836
4837
4843
4844
4845
4854
4855
4856
4857
4858
4873
4874
4890
4891
4893
4894
4895
4897
4899
4918
4922
4923
4924
4931
4932
4933
4936
4937
4940
4941
4942
4945
4946
4947
4948
4949
4953
4958
4959
4961
4962
4963
4964
4966
4967
4968
4969
4970
4973
4974
4975
4982
4983
4984
4989
4990
4994
4998
4999
5000
5006
5007
5008
5009
5010
5014
5017
5018
5022
5023
5024
5025
5026
5031
5032
5035
5037
5038
5039
5040
5041
5047
5048
5049
5050
5060
5061
5062
5068
5069
5070
5071
5077
5078
5080
5081
5082
5083
5085
5086
5087
5089
5091
5095
5096
5097
5098
5100
5102
5103
5104
5105
5109
5110
5111
5112
5116
5119
5120
5121
5124
5127
5129
5130
5131
5132
5133
5137
5138
5139
5140
5143
5144
5146
5147
5148
5149
5150
5152
5153
5155
5156
5157
5161
5163
5164
5165
5169
5172
5174
5176
5177
5180
5181
5184
5185
5188
5189
5190
5191
5199
5200
5201
5202
5208
5209
5210
5211
5212
5221
5225
5226
5227
5228
5229
5238
5241
5242
5243
5244
5248
5249
5252
5257
5258
5259
5267
5268
5269
5270
5274
5277
5278
5285
5287
5290
5292
5293
5294
5298
5299
5300
5301
5302
5306
5307
5308
5311
5312
5314
5315
5316
5323
5324
5328
5329
5330
5333
5337
5340
5341
5342
5343
5344
5349
5358
5359
5373
5383
5387
5388
5389
5392
5394
5395
5396
5405
5406
5407
5408
5413
5414
5415
5418
5419
5420
5423
5424
5425
5426
5432
5433
5435
5441
5442
5443
5444
5448
5449
5450
5451
5456
5457
5464
5465
5466
5469
5472
5474
5477
5478
5485
5486
5487
5488
5489
5498
5499
5500
5501
5502
5507
5508
5514
5515
5516
5521
5522
5523
5531
5532
5533
5534
5541
5542
5543
5544
5545
5555
5561
5564
5565
5569
5570
5571
5576
5577
5578
5581
5582
5583
5584
5590
5591
5605
5606
5607
5612
5619
5635
5653
5656
5657
5658
5659
5660
5662
5663
5665
5666
5667
5668
5669
5670
5671
5676
5679
5683
5684
5685
5691
5696
5697
5698
5699
5704
5707
5708
5710
5711
5712
5713
5714
5721
5722
5724
5725
5730
5731
5732
5733
5740
5741
5742
5747
5750
5751
5752
5753
5754
5765
5767
5768
5769
5770
5771
5772
5785
5786
5790
5791
5793
5794
5795
5799
5801
5802
5803
5804
5805
5808
5809
5811
5812
5818
5822
5823
5826
5828
5832
5833
5834
5835
5836
5837
5847
5848
5849
5850
5856
5857
5858
5865
5866
5867
5868
5869
5870
5871
5882
5883
5888
5890
5891
5892
5893
5894
5901
5902
5907
5916
5917
5918
5922
5923
5924
5929
5939
5940
5941
5966
5967
5968
5969
5970
5976
5977
5978
5980
5981
5982
5983
5991
5994
5995
5996
5997
5998
6004
6005
6008
6009
6010
6011
6012
6013
6014
6015
6016
6022
6023
6024
6025
6026
6027
6034
6039
6042
6043
6044
6045
6046
6052
6057
6061
6062
6063
6064
6065
6066
6067
6073
6074
6076
6077
6078
6079
6080
6081
6088
6091
6092
6093
6094
6095
6096
6097
6106
6107
6111
6112
6113
6114
6115
6120
6121
6122
6129
6130
6134
6136
6137
6138
6139
6140
6145
6146
6147
6148
6155
6159
6160
6161
6162
6167
6168
6173
6178
6180
6183
6184
6185
6186
6192
6193
6194
6197
6198
6199
6208
6209
6210
6211
6212
6219
6220
6223
6224
6225
6231
6232
6233
6240
6243
6244
6245
6246
6253
6254
6256
6259
6260
6261
6266
6267
6268
6269
6275
6276
6277
6278
6279
6288
6289
6290
6291
6297
6300
6301
6302
6303
6304
6305
6310
6313
6314
6319
6321
6322
6323
6327
6329
6330
6331
6337
6340
6341
6345
6346
6348
6351
6352
6353
6354
6355
6356
6357
6358
6363
6364
6365
6366
6367
6369
6370
6371
6372
6373
6374
6375
6376
6379
6380
6387
6388
6389
6390
6391
6396
6397
6402
6403
6404
6405
6418
6419
6420
6421
6422
6430
6431
6433
6437
6438
6439
6440
6447
6448
6458
6464
6474
6475
6479
6480
6481
6485
6486
6489
6490
6491
6492
6493
6495
6496
6497
6498
6499
6500
6501
6550
6551
6552
6553
6557
6560
6561
6562
6568
6570
6573
6576
6583
6588
6589
6593
6594
6598
6601
6605
6607
6609
6611
6612
6613
6614
6615
6620
6621
6623
6624
6625
6626
6627
6629
6631
6632
6633
6634
6635
6636
6637
6638
6647
6648
6649
6650
6657
6658
6659
6660
6661
6668
6669
6670
6671
6680
6681
6686
6687
6688
6689
6694
6695
6702
6704
6705
6710
6711
6712
6713
6718
6719
6721
6722
6723
6728
6729
6730
6731
6733
6736
6740
6749
6750
6751
6753
6754
6757
6758
6760
6761
6762
6763
6764
6767
6768
6771
6772
6773
6774
6775
6776
6777
6783
6788
6789
6790
6791
6798
6799
6800
6806
6807
6808
6809
6810
6818
6819
6820
6821
6831
6832
6833
6834
6835
6843
6845
6846
6853
6854
6855
6856
6862
6863
6864
6865
6866
6873
6874
6875
6876
6877
6884
6885
6886
6887
6897
6898
6899
6900
6901
6910
6911
6912
6915
6916
6921
6976
6977
6978
6979
6985
6986
6987
6988
7000
7003
7004
7005
7006
7015
7016
7020
7023
7028
7032
7033
7034
7040
7045
7047
7048
7050
7054
7057
7058
7059
7060
7061
7062
7066
7067
7068
7069
7071
7072
7073
7074
7078
7079
7080
7081
7082
7085
7090
7091
7095
7096
7097
7098
7101
7102
7103
7105
7106
7108
7109
7110
7113
7114
7115
7118
7119
7122
7123
7124
7125
7126
7127
7130
7131
7134
7135
7136
7139
7140
7141
7142
7143
7144
7165
7167
7168
7169
7173
7174
7175
7176
7181
7182
7183
7188
7189
7195
7196
7197
7198
7199
7201
7204
7205
7207
7209
7210
7216
7217
7218
7224
7225
7230
7231
7232
7233
7234
7235
7244
7245
7246
7250
7251
7252
7253
7257
7258
7259
7263
7264
7267
7268
7269
7272
7273
7274
7275
7277
7278
7279
7280
7283
7284
7285
7286
7287
7289
7290
7292
7293
7294
7295
7296
7297
7298
7299
7300
7307
7308
7315
7316
7317
7318
7325
7326
7327
7328
7338
7342
7346
7348
7352
7353
7354
7362
7363
7366
7367
7368
7370
7373
7374
7378
7379
7380
7381
7382
7387
7388
7389
7393
7394
7395
7396
7398
7399
7402
7403
7411
7412
7415
7416
7417
7418
7419
7425
7426
7428
7429
7430
7431
7433
7434
7435
7436
7441
7442
7443
7445
7446
7447
7448
7449
7450
7451
7452
7453
7460
7461
7462
7463
7464
7465
7466
7471
7472
7473
7474
7477
7478
7481
7482
7483
7484
7490
7492
7493
7494
7497
7498
7499
7500
7501
7502
7506
7507
7508
7509
7510
7514
7516
7517
7520
7521
7524
7525
7526
7527
7528
7529
7530
7534
7535
7536
7537
7538
7539
7545
7546
7547
7548
7550
7551
7552
7553
7556
7557
7558
7559
7560
7561
7562
7563
7565
7566
7567
7568
7569
7573
7574
7576
7580
7581
7582
7583
7585
7586
7587
7591
7594
7595
7597
7598
7599
7600
7601
7602
7603
7604
7605
7606
7610
7611
7615
7616
7617
7618
7621
7622
7623
7624
7625
7630
7632
7633
7635
7636
7637
7642
7651
7672
7686
7700
7701
7702
7703
7730
7731
7732
7739
7740
7750
7758
7768
7794
7795
7796
7797
7799
7800
7806
7808
7809
7810
7814
7816
7817
7822
7827
7832
7833
7836
7840
7841
7842
7844
7845
7852
7853
7857
7859
7860
7865
7866
7871
7877
7880
7881
7887
7888
7893
7896
7897
7898
7905
7906
7911
7912
7918
7923
7928
7929
7932
7933
7935
7936
7938
7939
7942
7943
7945
7950
7951
7953
7956
7957
7958
7962
7969
7970
7972
7977
7985
7986
7987
7997
7998
8005
8006
8014
8015
8022
8023
8027
8028
8031
8032
8038
8039
8041
8042
8045
8046
8047
8049
8050
8051
8054
8055
8056
8059
8062
8065
8067
8068
8069
8070
8071
8072
8073
8079
8081
8082
8083
8086
8087
8088
8089
8095
8096
8097
8098
8099
8100
8101
8102
8109
8110
8111
8112
8113
8114
8115
8122
8123
8124
8129
8130
8131
8136
8137
8139
8140
8141
8142
8143
8152
8153
8154
8155
8156
8157
8158
8163
8168
8169
8174
8175
8176
8177
8178
8179
8180
8189
8190
8197
8198
8201
8202
8203
8210
8211
8212
8213
8214
8215
8216
8217
8218
8219
8224
8225
8226
8227
8228
8229
8230
8231
8237
8238
8245
8246
8247
8248
8255
8264
8265
8266
8267
8268
8269
8270
8271
8276
8277
8278
8284
8285
8291
8292
8301
8302
8303
8304
8306
8307
8315
8324
8330
8364
8367
8370
8375
8378
8382
8383
8385
8386
8387
8388
8390
8391
8393
8394
8396
8397
8399
8400
8405
8407
8414
8416
8417
8421
8422
8424
8425
8430
8432
8435
8436
8440
8441
8447
8451
8454
8457
8459
8460
8461
8462
8463
8468
8469
8470
8471
8472
8473
8474
8475
8476
8483
8492
8493
8494
8495
8496
8497
8502
8503
8504
8507
8510
8511
8512
8513
8518
8519
8520
8524
8525
8526
8532
8533
8541
8545
8546
8547
8548
8549
8560
8561
8563
8564
8565
8566
8567
8571
8574
8575
8579
8582
8589
8590
8592
8601
8602
8603
8604
8605
8606
8607
8612
8613
8614
8615
8616
8621
8622
8630
8636
8640
8646
8650
8651
8654
8656
8658
8659
8660
8663
8668
8670
8672
8673
8674
8679
8680
8683
8684
8685
8686
8690
8691
8696
8697
8704
8705
8706
8710
8711
8715
8718
8722
8723
8726
8727
8729
8732
8734
8736
8737
8738
8742
8743
8747
8751
8752
8754
8755
8761
8762
8763
8764
8766
8770
8771
8772
8773
8775
8778
8782
8785
8786
8787
8791
8792
8798
8799
8802
8803
8806
8815
8846
8847
8851
8852
8853
8855
8856
8857
8860
8861
8862
8863
8864
8865
8870
8871
8873
8874
8878
8880
8881
8882
8887
8888
8889
8894
8895
8896
8897
8900
8901
8902
8903
8904
8906
8907
8908
8909
8911
8914
8915
8916
8921
8922
8923
8926
8930
8931
8934
8935
8936
8937
8938
8942
8943
8944
8947
8950
8951
8952
8954
8955
8956
8959
8965
8972
8977
8978
8983
8988
8989
8994
8995
8996
8997
9002
9003
9004
9005
9008
9009
9011
9012
9013
9014
9015
9018
9021
9023
9024
9025
9029
9030
9031
9037
9038
9042
9043
9047
9048
9049
9057
9060
9064
9065
9066
9068
9069
9070
9073
9074
9077
9078
9079
9080
9084
9086
9087
9088
9089
9090
9091
9092
9093
9098
9099
9101
9102
9103
9106
9107
9108
9109
9110
9111
9117
9118
9119
9120
9121
9122
9123
9124
9131
9132
9133
9134
9135
9142
9143
9144
9149
9150
9151
9152
9153
9154
9155
9160
9161
9162
9168
9169
9170
9171
9172
9173
9180
9181
9182
9186
9187
9188
9189
9190
9191
9192
9197
9198
9202
9203
9204
9205
9206
9207
9214
9218
9219
9223
9224
9225
9226
9227
9228
9229
9230
9234
9235
9236
9237
9238
9239
9240
9241
9249
9250
9251
9252
9260
9261
9262
9263
9264
9265
9266
9270
9271
9272
9277
9278
9281
9286
9287
9288
9289
9290
9291
9292
9293
9294
9295
9303
9304
9305
9306
9309
9310
9311
9312
9313
9316
9317
9318
9319
9320
9321
9322
9328
9329
9330
9331
9332
9333
9340
9341
9344
9345
9346
9347
9348
9350
9352
9353
9354
9355
9358
9359
9360
9361
9362
9363
9364
9365
9370
9371
9372
9376
9377
9378
9379
9380
9381
9382
9383
9387
9389
9390
9391
9392
9393
9403
9405
9408
9409
9410
9411
9412
9413
9414
9421
9422
9423
9424
9425
9426
9427
9428
9436
9437
9438
9439
9444
9445
9446
9447
9448
9452
9453
9456
9459
9461
9462
9464
9468
9473
9474
9478
9481
9482
9489
9490
9495
9496
9501
9502
9506
9507
9508
9517
9518
9519
9520
9521
9529
9532
9533
9536
9538
9539
9540
9541
9542
9544
9569
9573
9578
9584
9587
9588
9595
9604
9605
9612
9615
9616
9617
9626
9627
9633
9634
9635
9640
9641
9642
9643
9644
9649
9650
9657
9661
9662
9666
9669
9672
9673
9674
9678
9679
9680
9683
9685
9687
9688
9689
9690
9694
9695
9698
9699
9700
9702
9706
9707
9709
9710
9714
9715
9716
9720
9721
9723
9725
9727
9728
9729
9730
9733
9734
9736
9737
9738
9740
9742
9743
9744
9746
9748
9750
9751
9754
9755
9757
9758
9759
9762
9764
9768
9769
9770
9771
9772
9773
9774
9775
9776
9777
9778
9779
9780
9785
9786
9787
9788
9796
9797
9798
9800
9804
9805
9806
9807
9813
9814
9815
9816
9822
9827
9828
9829
9834
9835
9839
9842
9843
9846
9848
9849
9850
9858
9860
9862
9863
9864
9865
9868
9869
9870
9871
9872
9873
9877
9878
9879
9887
9894
9895
9901
9906
9907
9908
9914
9915
9919
9920
9922
9923
9924
9926
9927
9929
9930
9931
9934
9935
9936
9937
9938
9942
9943
9944
9948
9949
9950
9951
9955
9956
9959
9960
9963
9964
9965
9968
9969
9972
9973
9976
9978
9981
9982
9984
9985
9986
9987
9993
9997
9998
9999
10000
10001
10004
10007
10008
10009
10010
10016
10019
10020
10024
10025
10026
10037
10042
10043
10044
10051
10057
10060
10061
10067
10068
10071
10072
10077
10090
10097
10112
10113
10117
10118
10120
10121
10122
10125
10126
10127
10128
10129
10130
10134
10136
10139
10140
10143
10144
10146
10147
10148
10149
10154
10156
10159
10160
10161
10162
10166
10168
10169
10170
10171
10172
10173
10177
10178
10179
10180
10181
10182
10183
10189
10195
10196
10197
10198
10199
10200
10201
10208
10209
10210
10211
10212
10217
10218
10225
10226
10233
10234
10235
10239
10240
10245
10246
10247
10255
10256
10260
10262
10266
10269
10270
10271
10275
10279
10280
10285
10293
10294
10295
10296
10297
10298
10299
10300
10301
10302
10307
10308
10309
10312
10313
10314
10315
10316
10317
10320
10321
10322
10324
10325
10326
10327
10331
10332
10333
10334
10335
10337
10338
10340
10341
10343
10344
10345
10346
10347
10350
10351
10352
10353
10362
10363
10364
10365
10366
10367
10368
10369
10376
10377
10378
10379
10380
10381
10388
10389
10390
10391
10392
10393
10394
10395
10401
10402
10403
10404
10405
10406
10407
10412
10413
10414
10415
10416
10417
10418
10421
10422
10423
10424
10425
10426
10427
10435
10436
10437
10438
10439
10442
10448
10449
10450
10451
10452
10453
10457
10458
10460
10465
10466
10469
10470
10478
10479
10487
10488
10490
10494
10495
10499
10500
10501
10502
10503
10504
10505
10512
10513
10514
10522
10523
10524
10525
10530
10531
10533
10534
10535
10536
10537
10538
10540
10541
10545
10547
10557
10558
10564
10566
10567
10568
10570
10573
10574
10576
10577
10578
10579
10585
10586
10587
10588
10592
10593
10597
10598
10599
10600
10601
10602
10608
10609
10610
10618
10619
10623
10624
10629
10630
10631
10632
10633
10638
10639
10643
10644
10648
10652
10653
10654
10655
10656
10657
10663
10664
10665
10666
10670
10671
10672
10673
10674
10675
10679
10683
10684
10685
10686
10687
10692
10693
10694
10695
10697
10698
10699
10700
10704
10705
10706
10709
10710
10711
10712
10713
10719
10720
10721
10722
10723
10724
10731
10735
10736
10737
10738
10739
10746
10747
10748
10749
10750
10753
10754
10755
10756
10757
10758
10765
10766
10767
10768
10769
10770
10776
10778
10786
10787
10789
10790
10795
10796
10809
10810
10817
10818
10830
10831
10839
10845
10846
10847
10854
10855
10856
10865
10870
10878
10879
10880
10884
10885
10888
10889
10890
10894
10895
10896
10898
10899
10903
10904
10907
10909
10910
10911
10916
10917
10920
10922
10925
10926
10931
10933
10934
10936
10939
10942
10944
10945
10946
10947
10950
10951
10952
10953
10954
10966
10970
10971
10972
10973
10974
10978
10979
10980
10984
10986
10988
10991
10993
10994
10996
10999
11004
11006
11007
11010
11018
11020
11021
11022
11023
11027
11028
11029
11030
11034
11035
11036
11037
11038
11043
11045
11046
11047
11048
11052
11054
11055
11057
11061
11062
11064
11065
11066
11069
11070
11072
11074
11075
11076
11077
11080
11084
11086
11087
11088
11089
11090
11093
11094
11095
11096
11097
11098
11102
11103
11104
11106
11108
11111
11114
11117
11125
11131
11136
11141
11148
11149
11150
11151
11152
11158
11159
11160
11161
11163
11164
11165
11166
11167
11170
11171
11172
11173
11179
11183
11184
11187
11188
11189
11196
11197
11205
11210
11216
11217
11218
11233
11234
11235
11241
11247
11251
11252
11257
11258
11259
11264
11265
11269
11270
11271
11293
11301
11302
11303
11308
11309
11311
11312
11313
11314
11318
11319
11326
11329
11335
11336
11337
11339
11340
11341
11343
11344
11345
11346
11347
11348
11349
11350
11353
11354
11355
11356
11357
11360
11361
11362
11363
11367
11368
11369
11370
11376
11380
11382
11385
11386
11387
11388
11390
11391
11392
11393
11394
11397
11401
11403
11404
11405
11410
11411
11412
11413
11414
11415
11425
11431
11435
11436
11437
11438
11439
11445
11446
11447
11448
11449
11454
11455
11460
11461
11465
11467
11471
11472
11478
11479
11480
11484
11485
11486
11487
11489
11490
11491
11492
11498
11499
11500
11501
11508
11510
11513
11515
11516
11521
11522
11530
11531
11532
11533
11534
11542
11543
11548
11553
11554
11555
11556
11557
11558
11564
11565
11566
11567
11568
11569
11588
11589
11590
11596
11597
11599
11600
11601
11604
11605
11610
11611
11615
11616
11619
11620
11621
11624
11625
11626
11630
11631
11634
11635
11638
11639
11641
11643
11644
11647
11648
11649
11650
11655
11656
11657
11658
11664
11665
11666
11667
11672
11673
11677
11678
11679
11680
11681
11688
11689
11690
11694
11695
11696
11697
11700
11701
11702
11703
11705
11706
11707
11708
11709
11714
11715
11716
11717
11724
11725
11726
11727
11732
11733
11734
11735
11736
11737
11738
11749
11750
11751
11752
11753
11757
11758
11759
11760
11764
11765
11766
11767
11772
11773
11781
11782
11784
11785
11786
11787
11788
11791
11792
11796
11800
11801
11804
11805
11806
11808
11809
11810
11811
11814
11815
11816
11817
11818
11819
11823
11824
11825
11827
11829
11831
11834
11835
11836
11837
11840
11841
11844
11845
11846
11847
11848
11849
11850
11851
11852
11853
11856
11858
11859
11860
11861
11862
11868
11869
11870
11873
11874
11875
11876
11879
11880
11881
11884
11885
11888
11890
11912
11913
11917
11920
11921
11922
11927
11934
11936
11937
11938
11941
11942
11943
11944
11945
11946
11947
11948
11949
11953
11955
11957
11958
11961
11962
11963
11964
11967
11968
11969
11970
11973
11974
11975
11979
11980
11981
11982
11983
11984
11987
11988
11989
11990
11991
11992
11993
11994
11998
12006
12007
12008
12012
12013
12014
12015
12016
12017
12020
12021
12022
12025
12027
12028
12029
12030
12031
12035
12036
12037
12038
12039
12040
12042
12043
12044
12046
12048
12051
12052
12056
12060
12063
12064
12068
12069
12070
12071
12073
12074
12075
12077
12078
12079
12080
12081
12082
12083
12084
12089
12090
12091
12092
12093
12097
12098
12099
12100
12101
12102
12103
12108
12109
12110
12111
12112
12116
12117
12118
12119
12120
12121
12126
12127
12128
12129
12134
12135
12136
12137
12138
12139
12144
12146
12154
12160
12167
12174
12178
12180
12186
12187
12193
12198
12199
12200
12215
12216
12222
12229
12230
12231
12232
12239
12244
12245
12246
12248
12249
12250
12254
12255
12256
12260
12261
12262
12267
12268
12272
12273
12277
12278
12279
12285
12289
12290
12295
12297
12299
12303
12304
12305
12306
12310
12311
12317
12318
12319
12320
12321
12326
12327
12332
12333
12337
12338
12339
12344
12350
12351
12352
12353
12361
12362
12366
12367
12368
12374
12379
12380
12381
12382
12383
12384
12387
12388
12389
12390
12392
12393
12394
12397
12398
12399
12400
12403
12404
12408
12409
12411
12412
12413
12418
12419
12422
12423
12426
12427
12428
12430
12433
12434
12436
12437
12439
12440
12441
12443
12444
12445
12448
12449
12452
12453
12455
12457
12460
12461
12462
12464
12465
12466
12468
12470
12473
12474
12476
12479
12481
12482
12483
12486
12489
12490
12491
12492
12493
12496
12499
12500
12503
12505
12506
12507
12510
12511
12513
12518
12519
12521
12522
12526
12527
12528
12533
12534
12543
12545
12546
12547
12551
12553
12554
12557
12560
12563
12564
12570
12571
12576
12577
12578
12580
12581
12582
12583
12591
12592
12598
12599
12600
12601
12602
12603
12604
12605
12611
12612
12613
12614
12615
12623
12624
12625
12626
12630
12631
12636
12637
12638
12644
12645
12646
12655
12674
12685
12686
12693
12701
12702
12703
12704
12705
12712
12713
12720
12721
12725
12726
12727
12732
12733
12734
12735
12736
12745
12746
12747
12748
12751
12752
12755
12756
12761
12762
12765
12766
12774
12775
12776
12781
12782
12783
12789
12796
12801
12802
12803
12804
12805
12811
12812
12817
12823
12824
12833
12847
12850
12851
12860
12861
12862
12869
12870
12875
12876
12877
12891
12892
12893
12894
12895
12896
12897
12906
12912
12913
12915
12918
12919
12920
12921
12927
12928
12931
12940
12942
12945
12946
12957
12961
12965
12966
12967
12972
12973
12974
12975
12976
12977
12984
12985
12986
12987
12988
12989
12998
12999
13000
13001
13005
13006
13007
13008
13015
13016
13020
13032
13038
13039
13059
13062
13083
13084
13086
13087
13092
13093
13094
13098
13100
13101
13102
13105
13109
13112
13119
13124
13126
13127
13129
13130
13131
13132
13135
13136
13137
13142
13144
13145
13146
13147
13148
13149
13150
13153
13154
13155
13156
13157
13160
13161
13162
13163
13164
13167
13168
13169
13170
13171
13172
13177
13178
13180
13181
13182
13183
13184
13186
13187
13188
13191
13192
13196
13212
13213
13214
13217
13218
13221
13222
13223
13224
13225
13226
13229
13231
13234
13235
13236
13237
13238
13239
13240
13243
13246
13247
13251
13252
13253
13254
13255
13269
13270
13271
13272
13276
13283
13284
13285
13286
13287
13291
13297
13298
13299
13300
13308
13309
13321
13322
13325
13326
13327
13330
13331
13335
13344
13346
13347
13348
13351
13352
13353
13354
13358
13359
13360
13361
13362
13363
13364
13366
13367
13368
13369
13373
13374
13375
13377
13378
13381
13385
13386
13389
13402
13403
13404
13405
13406
13407
13413
13418
13419
13420
13421
13423
13427
13428
13429
13430
13436
13437
13438
13440
13441
13442
13446
13447
13448
13449
13453
13455
13456
13457
13458
13464
13465
13473
13474
13475
13476
13483
13484
13485
13494
13495
13496
13500
13501
13504
13505
13506
13513
13516
13517
13518
13519
13524
13525
13526
13527
13528
13529
13544
13553
13574
13575
13579
13580
13585
13587
13591
13594
13595
13599
13600
13603
13604
13608
13610
13612
13613
13615
13621
13622
13626
13628
13633
13636
13637
13638
13639
13645
13646
13647
13648
13655
13656
13657
13658
13663
13664
13665
13666
13667
13673
13674
13677
13678
13679
13681
13685
13686
13687
13696
13702
13706
13712
13713
13716
13717
13725
13726
13729
13734
13735
13738
13741
13745
13746
13748
13749
13750
13752
13753
13754
13755
13756
13759
13761
13762
13767
13768
13770
13774
13780
13781
13782
13786
13787
13788
13794
13795
13796
13799
13800
13801
13806
13807
13808
13809
13810
13811
13812
13824
13825
13826
13827
13828
13829
13839
13841
13844
13845
13846
13847
13855
13856
13857
13858
13859
13860
13861
13872
13874
13875
13876
13877
13878
13879
13886
13890
13894
13895
13896
13900
13901
13902
13903
13905
13906
13907
13910
13911
13914
13915
13916
13917
13918
13923
13928
13930
13931
13935
13936
13937
13938
13939
13945
13946
13947
13948
13952
13953
13954
13957
13958
13959
13967
13968
13974
13975
13976
13977
13978
13984
13985
13986
13987
13991
13992
13995
13996
14000
14002
14004
14005
14008
14009
14012
14013
14014
14018
14024
14025
14026
14030
14031
14034
14036
14037
14042
14043
14047
14049
14053
14054
14062
14064
14065
14066
14067
14068
14074
14075
14078
14080
14081
14083
14086
14092
14093
14097
14098
14103
14104
14110
14111
14113
14114
14115
14118
14119
14121
14122
14123
14124
14125
14126
14135
14136
14137
14138
14139
14146
14147
14150
14151
14152
14153
14154
14155
14164
14165
14166
14167
14168
14169
14170
14171
14184
14185
14189
14190
14191
14192
14198
14199
14200
14201
14215
14219
14221
14222
14223
14224
14233
14234
14239
14242
14243
14247
14248
14254
14256
14257
14258
14259
14263
14264
14265
14305
14306
14307
14311
14315
14316
14317
14319
14320
14322
14326
14327
14328
14329
14333
14337
14338
14339
14340
14341
14342
14343
14353
14354
14355
14360
14364
14365
14366
14367
14368
14373
14374
14376
14377
14379
14380
14381
14382
14383
14384
14390
14391
14394
14395
14396
14398
14399
14400
14403
14404
14405
14406
14407
14408
14411
14412
14414
14415
14416
14419
14420
14421
14422
14423
14424
14425
14428
14429
14430
14431
14432
14435
14436
14437
14440
14441
14442
14445
14446
14448
14449
14450
14451
14452
14455
14456
14457
14459
14460
14461
14462
14465
14466
14467
14468
14469
14470
14474
14475
14476
14477
14478
14481
14490
14491
14492
14497
14498
14499
14500
14501
14504
14505
14509
14512
14519
14522
14523
14528
14529
14530
14531
14537
14538
14541
14545
14547
14550
14557
14558
14562
14563
14564
14569
14572
14573
14578
14581
14582
14586
14587
14588
14591
14592
14593
14596
14597
14600
14601
14605
14606
14607
14616
14617
14620
14622
14623
14624
14629
14630
14631
14632
14633
14643
14648
14649
14650
14651
14653
14654
14655
14656
14658
14659
14660
14664
14665
14666
14667
14668
14672
14673
14674
14675
14676
14679
14680
14681
14686
14687
14688
14689
14690
14693
14697
14698
14699
14707
14708
14709
14714
14715
14716
14718
14722
14723
14724
14725
14730
14735
14736
14737
14743
14745
14746
14747
14749
14750
14751
14752
14753
14754
14762
14763
14764
14765
14770
14771
14772
14773
14774
14779
14780
14781
14787
14788
14789
14790
14798
14799
14800
14801
14808
14809
14813
14814
14815
14816
14817
14818
14820
14821
14823
14824
14825
14830
14831
14854
14855
14859
14860
14867
14868
14870
14871
14872
14873
14882
14883
14884
14894
14895
14896
14897
14903
14904
14905
14906
14910
14911
14916
14917
14918
14919
14920
14926
14927
14928
14931
14932
14933
14934
14936
14937
14938
14939
14951
14952
14953
14954
14955
14956
14983
14985
15012
15013
15014
15015
15021
15022
15023
15024
15025
15034
15035
15036
15037
15047
15048
15050
15051
15052
15053
15054
15061
15062
15063
15067
15068
15071
15072
15073
15074
15075
15076
15082
15084
15085
15086
15087
15088
15096
15100
15103
15104
15106
15107
15108
15110
15115
15116
15124
15131
15132
15133
15140
15141
15142
15143
15146
15147
15148
15149
15150
15151
15153
15154
15155
15156
15158
15159
15160
15163
15164
15165
15166
15167
15169
15171
15174
15175
15176
15177
15178
15179
15180
15187
15188
15189
15190
15191
15192
15202
15204
15205
15206
15207
15208
15215
15216
15217
15218
15219
15220
15221
15230
15231
15238
15239
15240
15241
15246
15247
15248
15255
15256
15258
15263
15270
15271
15272
15276
15277
15278
15280
15281
15282
15283
15287
15288
15289
15290
15291
15297
15298
15299
15300
15301
15307
15308
15313
15314
15315
15318
15319
15322
15323
15324
15325
15326
15327
15332
15333
15334
15335
15336
15337
15339
15340
15341
15342
15344
15345
15346
15347
15348
15351
15352
15353
15354
15355
15358
15359
15360
15361
15362
15363
15367
15368
15369
15370
15371
15373
15374
15375
15376
15386
15389
15390
15391
15392
15393
15395
15396
15397
15402
15403
15404
15407
15408
15410
15411
15412
15416
15419
15423
15424
15425
15426
15427
15431
15435
15439
15440
15443
15444
15450
15451
15456
15457
15484
15485
15486
15492
15496
15497
15498
15500
15501
15502
15503
15534
15543
15544
15545
15551
15554
15555
15556
15565
15585
15586
15594
15595
15597
15598
15602
15605
15610
15611
15613
15614
15615
15616
15621
15626
15627
15628
15632
15633
15635
15636
15637
15643
15644
15645
15646
15657
15661
15662
15666
15670
15674
15675
15676
15677
15681
15685
15686
15687
15688
15689
15690
15691
15692
15693
15696
15697
15698
15699
15702
15703
15704
15705
15706
15707
15710
15712
15713
15721
15723
15725
15727
15728
15729
15733
15737
15742
15746
15747
15748
15753
15755
15758
15760
15761
15764
15765
15766
15768
15769
15770
15771
15776
15777
15778
15785
15786
15787
15788
15789
15790
15795
15796
15800
15801
15805
15806
15807
15812
15813
15814
15815
15816
15821
15822
15823
15824
15828
15829
15830
15831
15832
15839
15840
15844
15845
15846
15848
15849
15851
15854
15855
15863
15867
15868
15871
15872
15873
15877
15879
15880
15885
15886
15887
15890
15891
15899
15900
15906
15908
15909
15910
15913
15914
15917
15918
15923
15926
15928
15930
15933
15934
15935
15936
15941
15942
15943
15944
15945
15946
15947
15954
15955
15956
15961
15962
15963
15964
15965
15966
15972
15973
15977
15979
15980
15986
15987
15988
15989
15993
15996
15997
15998
15999
16004
16005
16006
16007
16008
16013
16014
16015
16020
16021
16022
16025
16026
16030
16032
16035
16036
16041
16043
16044
16045
16046
16050
16051
16055
16056
16057
16066
16067
16068
16073
16074
16075
16076
16077
16086
16087
16091
16092
16093
16094
16103
16104
16105
16106
16107
16114
16115
16116
16117
16121
16122
16123
16124
16125
16127
16129
16130
16131
16134
16135
16136
16137
16138
16144
16145
16146
16151
16152
16153
16157
16158
16159
16165
16166
16167
16173
16174
16175
16176
16177
16183
16184
16186
16188
16189
16194
16195
16197
16200
16204
16205
16206
16207
16211
16212
16213
16219
16220
16221
16244
16245
16246
16247
16255
16256
16257
16265
16266
16269
16270
16272
16273
16274
16275
16276
16277
16284
16285
16286
16287
16288
16289
16303
16307
16308
16310
16314
16315
16322
16323
16329
16330
16331
16332
16340
16344
16346
16347
16349
16350
16353
16354
16355
16356
16357
16358
16359
16366
16367
16368
16373
16375
16376
16377
16379
16380
16382
16383
16388
16389
16390
16392
16393
16394
16395
16396
16399
16400
16401
16402
16403
16405
16406
16409
16410
16411
16418
16423
16424
16430
16431
16432
16433
16435
16437
16438
16441
16442
16443
16453
16454
16461
16462
16467
16468
16469
16470
16511
16514
16515
16516
16517
16519
16520
16524
16526
16527
16528
16532
16533
16534
16535
16536
16542
16543
16568
16573
16574
16575
16576
16577
16578
16579
16583
16586
16587
16588
16590
16599
16600
16603
16609
16612
16613
16614
16615
16616
16620
16621
16622
16623
16625
16626
16627
16628
16629
16637
16638
16639
16640
16641
16643
16644
16645
16646
16647
16662
16663
16664
16666
16667
16668
16669
16670
16674
16675
16677
16678
16679
16680
16682
16683
16684
16686
16688
16689
16690
16692
16694
16695
16696
16697
16698
16704
16705
16706
16708
16709
16710
16711
16754
16755
16756
16757
16764
16765
16766
16769
16773
16774
16775
16776
16782
16783
16784
16792
16793
16802
16803
16807
16808
16809
16816
16817
16818
16823
16824
16827
16828
16831
16832
16833
16836
16837
16838
16840
16841
16842
16843
16844
16845
16846
16853
16854
16855
16856
16857
16867
16868
16869
16870
16871
16876
16877
16878
16879
16889
16890
16891
16892
16899
16900
16901
16902
16903
16904
16905
16906
16907
16908
16919
16920
16921
16922
16923
16924
16925
16933
16936
16937
16938
16939
16940
16945
16946
16947
16948
16949
16950
16959
16960
16961
16962
16973
16975
16978
16984
16985
16986
16990
16993
16994
16998
16999
17000
17005
17006
17007
17010
17013
17015
17016
17017
17018
17019
17020
17021
17028
17029
17030
17031
17035
17036
17037
17038
17042
17043
17044
17045
17048
17049
17050
17051
17052
17057
17058
17059
17060
17066
17067
17068
17069
17070
17071
17072
17079
17080
17081
17082
17083
17088
17089
17091
17092
17096
17097
17098
17099
17102
17103
17106
17107
17108
17109
17110
17111
17112
17117
17119
17120
17121
17123
17124
17125
17126
17127
17134
17136
17137
17138
17139
17140
17141
17142
17146
17147
17148
17149
17150
17151
17152
17156
17157
17158
17161
17162
17163
17164
17168
17169
17170
17171
17172
17173
17180
17181
17182
17183
17184
17185
17189
17190
17191
17192
17193
17194
17199
17200
17201
17204
17205
17206
17207
17208
17209
17212
17213
17217
17218
17219
17220
17221
17222
17223
17227
17228
17229
17239
17248
17249
17250
17264
17268
17269
17278
17287
17299
17314
17330
17331
17333
17334
17335
17336
17347
17348
17368
17369
17370
17371
17372
17373
17374
17377
17380
17381
17382
17388
17389
17390
17395
17400
17401
17402
17405
17406
17407
17408
17413
17414
17415
17419
17420
17421
17422
17423
17424
17426
17427
17428
17429
17430
17431
17432
17435
17436
17437
17438
17439
17440
17441
17443
17444
17445
17446
17447
17448
17450
17451
17452
17453
17454
17455
17456
17457
17458
17459
17462
17463
17464
17465
17466
17467
17468
17469
17470
17471
17472
17473
17474
17475
17476
17477
17479
17480
17481
17482
17483
17484
17485
17486
17488
17489
17490
17491
17492
17493
17495
17496
17497
17500
17501
17502
17504
17505
17506
17509
17510
17511
17516
17517
17518
17522
17523
17524
17530
17531
17532
17537
17540
17541
17542
17544
17545
17546
17547
17550
17551
17552
17553
17558
17559
17560
17564
17569
17570
17571
17575
17576
17577
17578
17581
17582
17583
17586
17587
17588
17594
17595
17596
17597
17600
17601
17602
17605
17606
17607
17610
17611
17616
17617
17619
17620
17621
17622
17623
17624
17625
17626
17628
17630
17631
17632
17633
17634
17635
17636
17638
17639
17640
17641
17642
17643
17644
17645
17646
17647
17654
17655
17656
17657
17658
17659
17660
17661
17667
17668
17669
17670
17671
17672
17677
17678
17679
17680
17683
17684
17685
17686
17687
17688
17689
17690
17691
17692
17698
17699
17700
17701
17702
17706
17707
17708
17709
17711
17713
17714
17715
17716
17717
17718
17723
17724
17725
17726
17727
17728
17734
17735
17736
17737
17738
17739
17740
17743
17744
17745
17749
17750
17753
17758
17759
17760
17763
17764
17765
17766
17772
17773
17776
17777
17778
17782
17783
17784
17785
17786
17793
17794
17795
17801
17802
17803
17807
17808
17811
17812
17813
17814
17815
17821
17824
17826
17828
17829
17830
17831
17832
17833
17834
17837
17838
17839
17843
17844
17846
17847
17848
17849
17851
17852
17853
17854
17855
17856
17860
17861
17864
17865
17866
17867
17869
17870
17872
17875
17877
17879
17880
17882
17883
17884
17887
17888
17890
17891
17892
17893
17896
17897
17898
17899
17902
17903
17904
17905
17909
17913
17914
17915
17921
17922
17926
17927
17928
17929
17936
17937
17942
17943
17948
17951
17953
17958
17959
17963
17965
17966
17967
17968
17974
17975
17976
17977
17978
17985
17986
17987
17988
17997
17998
17999
18000
18001
18007
18008
18009
18016
18017
18018
18019
18020
18024
18025
18026
18027
18030
18031
18032
18033
18034
18038
18039
18042
18043
18044
18045
18046
18050
18051
18052
18054
18055
18057
18058
18059
18060
18061
18062
18063
18064
18065
18066
18069
18070
18071
18072
18076
18077
18078
18080
18086
18087
18088
18092
18093
18094
18099
18100
18101
18102
18103
18104
18110
18111
18112
18113
18114
18115
18121
18122
18123
18124
18129
18130
18131
18132
18133
18140
18141
18142
18143
18148
18149
18151
18154
18160
18161
18162
18163
18167
18168
18170
18171
18172
18173
18178
18179
18180
18181
18185
18186
18194
18196
18197
18200
18201
18205
18206
18207
18208
18211
18212
18213
18214
18217
18218
18220
18223
18224
18225
18226
18231
18232
18233
18238
18239
18244
18245
18247
18248
18249
18253
18254
18258
18259
18263
18264
18265
18269
18270
18271
18274
18275
18276
18278
18279
18281
18282
18287
18291
18294
18299
18300
18303
18312
18315
18316
18320
18321
18325
18329
18330
18331
18338
18342
18343
18344
18345
18349
18354
18356
18358
18359
18360
18361
18363
18364
18365
18366
18367
18368
18369
18370
18372
18373
18374
18376
18378
18379
18380
18381
18382
18388
18389
18390
18391
18397
18398
18399
18400
18403
18404
18405
18406
18407
18408
18409
18410
18411
18412
18413
18416
18417
18418
18419
18420
18421
18424
18425
18426
18427
18431
18432
18433
18434
18435
18437
18438
18439
18440
18441
18442
18443
18445
18447
18448
18449
18453
18454
18455
18456
18460
18461
18464
18465
18467
18468
18470
18471
18472
18477
18478
18479
18480
18481
18482
18483
18484
18485
18487
18488
18489
18490
18492
18493
18494
18497
18499
18500
18501
18502
18503
18505
18506
18507
18510
18511
18514
18516
18517
18520
18521
18523
18525
18526
18527
18529
18530
18531
18537
18538
18542
18544
18545
18553
18554
18555
18562
18563
18569
18570
18571
18578
18579
18580
18581
18587
18588
18589
18590
18597
18598
18599
18600
18601
18607
18608
18609
18610
18611
18612
18613
18614
18619
18620
18621
18632
18633
18637
18638
18639
18646
18648
18653
18654
18658
18676
18696
18697
18700
18701
18703
18711
18712
18719
18720
18721
18722
18723
18733
18734
18735
18736
18737
18745
18746
18749
18750
18751
18752
18753
18761
18764
18765
18766
18767
18768
18777
18778
18779
18780
18781
18782
18790
18791
18792
18793
18794
18800
18801
18802
18803
18811
18812
18813
18814
18818
18819
18820
18821
18826
18827
18828
18829
18830
18835
18836
18837
18838
18844
18845
18846
18851
18852
18853
18854
18858
18859
18860
18861
18863
18864
18866
18867
18868
18869
18871
18872
18873
18876
18877
18880
18881
18883
18884
18885
18886
18892
18893
18899
18900
18901
18902
18909
18910
18911
18912
18919
18920
18921
18922
18926
18930
18931
18932
18937
18938
18939
18945
18946
18947
18949
18950
18951
18953
18954
18959
18960
18964
18965
18966
18970
18971
18972
18973
18976
18977
18978
18982
18983
18984
18985
18989
18991
18992
18993
18998
18999
19000
19004
19005
19007
19008
19009
19010
19013
19014
19017
19018
19019
19022
19023
19024
19025
19030
19031
19032
19033
19034
19039
19041
19042
19045
19046
19047
19050
19051
19055
19056
19057
19062
19064
19065
19066
19067
19068
19071
19072
19073
19078
19079
19080
19082
19083
19084
19085
19088
19089
19090
19091
19092
19093
19096
19097
19098
19099
19101
19102
19103
19104
19105
19106
19107
19109
19111
19112
19113
19116
19117
19118
19119
19121
19122
19123
19124
19126
19127
19128
19129
19132
19133
19136
19138
19139
19140
19143
19144
19145
19147
19148
19150
19152
19154
19156
19157
19158
19159
19160
19162
19163
19164
19171
19172
19173
19174
19175
19185
19186
19194
19200
19201
19202
19211
19212
19213
19215
19216
19217
19218
19219
19220
19221
19223
19224
19227
19228
19229
19232
19233
19236
19237
19238
19243
19244
19245
19246
19247
19250
19253
19254
19255
19259
19260
19261
19262
19265
19266
19267
19276
19277
19281
19282
19283
19284
19287
19288
19289
19290
19299
19300
19301
19307
19310
19311
19312
19315
19316
19317
19318
19319
19320
19321
19322
19326
19327
19328
19329
19333
19334
19335
19338
19339
19340
19341
19342
19343
19346
19347
19348
19352
19353
19354
19355
19356
19357
19360
19361
19362
19363
19364
19365
19366
19370
19371
19372
19373
19377
19378
19379
19383
19384
19385
19387
19388
19390
19391
19394
19395
19396
19398
19399
19414
19415
19416
19417
19424
19425
19426
19428
19430
19431
19440
19441
19442
19445
19446
19447
19448
19449
19450
19452
19455
19456
19458
19461
19462
19463
19464
19465
19472
19473
19479
19480
19486
19487
19488
19493
19494
19498
19499
19503
19506
19507
19508
19510
19512
19513
19517
19519
19520
19521
19523
19524
19528
19529
19530
19536
19537
19538
19542
19543
19544
19545
19546
19547
19548
19549
19551
19553
19555
19558
19559
19565
19570
19582
19583
19584
19585
19586
19587
19588
19589
19590
19591
19592
19593
19594
19595
19596
19597
19599
19600
19601
19602
19603
19604
19605
19606
19607
19608
19609
19610
19611
19613
19614
19615
19616
19617
19618
19619
19621
19622
19623
19624
19625
19626
19629
19630
19631
19633
19635
19636
19637
19638
19639
19643
19644
19645
19646
19647
19670
19671
19672
19673
19674
19675
19677
19678
19680
19681
19682
19683
19685
19686
19687
19689
19690
19691
19692
19693
19695
19696
19699
19702
19703
19705
19706
19707
19710
19711
19714
19715
19716
19718
19719
19720
19721
19722
19723
19724
19725
19726
19727
19729
19730
19731
19732
19733
19734
19735
19736
19737
19739
19740
19741
19742
19743
19744
19745
19746
19747
19748
19749
19750
19751
19752
19753
19754
19755
19757
19758
19759
19760
19761
19762
19763
19764
19765
19768
19772
19775
19782
19783
19784
19786
19787
19793
19794
19795
19798
19799
19800
19802
19803
19809
19810
19811
19813
19814
19816
19817
19818
19823
19824
19825
19826
19831
19833
19834
19835
19836
19837
19838
19843
19844
19846
19847
19852
19853
19854
19856
19857
19858
19864
19865
19866
19872
19873
19874
19875
19876
19877
19878
19879
19880
19883
19884
19885
19886
19887
19888
19890
19891
19892
19893
19895
19896
19897
19898
19899
19900
19902
19905
19906
19907
19908
19910
19911
19914
19915
19916
19920
19921
19922
19923
19925
19926
19927
19928
19929
19930
19933
19934
19935
19939
19942
19943
19944
19945
19946
19947
19952
19953
19954
19958
19959
19961
19962
19963
19964
19965
19966
19967
19972
19973
19974
19975
19976
19977
19981
19982
19983
19984
19989
19991
19992
19993
19994
19995
19996
19997
20004
20005
20006
20007
20008
20009
20013
20014
20018
20019
20020
20021
20022
20027
20028
20029
20030
20031
20037
20038
20039
20040
20041
20042
20043
20044
20050
20051
20052
20053
20054
20055
20056
20062
20075
20082
20083
20121
20122
20134
20140
20141
20142
20145
20148
20151
20152
20153
20154
20155
20162
20163
20164
20165
20166
20170
20171
20172
20173
20174
20179
20180
20181
20182
20183
20188
20191
20196
20200
20204
20205
20206
20213
20214
20215
20216
20221
20222
20225
20228
20229
20230
20231
20232
20233
20234
20235
20243
20244
20245
20246
20247
20248
20249
20261
20262
20263
20264
20265
20266
20274
20275
20276
20277
20278
20286
20287
20288
20289
20290
20291
20299
20303
20304
20305
20306
20307
20308
20309
20310
20311
20312
20313
20317
20318
20319
20320
20321
20322
20323
20324
20330
20331
20332
20333
20334
20335
20340
20341
20342
20343
20344
20345
20350
20351
20352
20353
20354
20355
20356
20357
20358
20363
20364
20365
20366
20367
20368
20374
20375
20376
20377
20379
20380
20381
20382
20383
20384
20385
20386
20391
20392
20393
20394
20395
20396
20397
20405
20406
20407
20408
20409
20410
20417
20418
20420
20421
20422
20423
20425
20426
20427
20428
20435
20437
20438
20442
20448
20449
20456
20460
20465
20466
20470
20471
20472
20477
20478
20479
20480
20486
20487
20488
20489
20494
20500
20501
20502
20503
20511
20512
20515
20517
20518
20525
20526
20530
20531
20532
20533
20534
20540
20541
20542
20543
20548
20549
20550
20556
20557
20558
20559
20560
20565
20568
20570
20571
20572
20576
20578
20579
20580
20581
20584
20585
20587
20588
20589
20590
20594
20595
20598
20599
20600
20601
20605
20606
20607
20608
20610
20611
20616
20617
20618
20624
20625
20628
20629
20630
20633
20634
20635
20637
20638
20640
20641
20642
20645
20646
20647
20648
20651
20654
20655
20659
20660
20661
20662
20665
20677
20703
20709
20710
20713
20714
20715
20719
20728
20729
20730
20733
20734
20735
20739
20740
20741
20742
20745
20746
20747
20748
20749
20750
20751
20752
20753
20754
20755
20756
20757
20759
20760
20761
20762
20765
20766
20767
20768
20769
20770
20771
20772
20773
20775
20776
20777
20778
20779
20780
20781
20782
20783
20784
20785
20786
20789
20792
20793
20794
20795
20796
20797
20798
20799
20800
20801
20802
20803
20804
20805
20806
20807
20808
20810
20811
20812
20813
20814
20815
20816
20817
20818
20819
20820
20821
20822
20823
20828
20829
20830
20831
20837
20838
20839
20845
20846
20848
20849
20850
20851
20852
20856
20857
20859
20860
20861
20863
20864
20865
20866
20872
20873
20874
20875
20876
20877
20878
20879
20880
20881
20884
20885
20886
20887
20894
20895
20896
20897
20898
20907
20908
20909
20910
20911
20912
20915
20916
20918
20919
20920
20921
20922
20923
20925
20926
20927
20930
20931
20964
20965
20966
20969
20970
20971
20972
20973
20974
20979
20983
20984
20985
20986
20987
20990
20991
20992
20993
20996
20998
21003
21004
21005
21006
21007
21008
21015
21016
21021
21022
21029
21030
21031
21038
21039
21040
21045
21049
21050
21055
21060
21061
21062
21065
21066
21067
21068
21073
21078
21079
21085
21093
21095
21096
21100
21102
21103
21104
21107
21108
21109
21113
21114
21115
21116
21119
21120
21121
21122
21125
21127
21128
21132
21133
21134
21135
21138
21139
21143
21144
21146
21148
21149
21150
21151
21158
21159
21164
21165
21167
21170
21171
21177
21178
21181
21183
21184
21185
21186
21187
21188
21189
21190
21191
21192
21193
21194
21195
21196
21197
21198
21199
21200
21201
21202
21205
21206
21207
21208
21209
21210
21211
21212
21213
21214
21215
21220
21221
21222
21223
21224
21225
21227
21228
21229
21230
21236
21237
21238
21239
21240
21241
21243
21244
21246
21247
21248
21251
21252
21253
21254
21255
21256
21257
21258
21259
21260
21261
21262
21263
21264
21265
21266
21267
21268
21269
21270
21271
21273
21274
21275
21276
21281
21282
21283
21287
21288
21289
21290
21292
21293
21294
21295
21296
21298
21299
21300
21303
21304
21305
21306
21307
21311
21312
21315
21316
21317
21318
21323
21324
21325
21330
21332
21333
21338
21339
21340
21341
21346
21349
21350
21351
21352
21353
21354
21362
21363
21364
21368
21369
21370
21371
21380
21381
21382
21383
21384
21390
21391
21392
21393
21399
21401
21402
21403
21404
21408
21409
21410
21411
21417
21418
21419
21424
21425
21426
21427
21428
21435
21436
21437
21440
21441
21443
21444
21445
21446
21447
21448
21449
21450
21452
21453
21454
21456
21457
21459
21460
21461
21464
21465
21466
21467
21469
21472
21473
21474
21478
21479
21480
21485
21493
21530
21532
21533
21534
21537
21548
21549
21550
21556
21557
21558
21561
21562
21563
21565
21566
21567
21570
21573
21574
21575
21577
21578
21580
21581
21582
21583
21585
21588
21590
21592
21593
21594
21595
21596
21597
21598
21599
21600
21601
21602
21604
21605
21606
21607
21608
21609
21611
21612
21613
21614
21615
21616
21617
21618
21619
21620
21622
21626
21627
21628
21629
21632
21633
21634
21635
21636
21640
21644
21647
21648
21649
21650
21651
21652
21657
21660
21661
21662
21666
21668
21669
21671
21672
21673
21674
21675
21676
21681
21682
21683
21684
21686
21687
21688
21689
21690
21694
21695
21696
21700
21701
21702
21703
21706
21707
21708
21711
21712
21713
21715
21716
21717
21718
21719
21720
21722
21726
21727
21728
21732
21733
21734
21738
21739
21740
21744
21746
21747
21748
21754
21755
21759
21791
21792
21793
21794
21796
21798
21799
21801
21802
21803
21810
21811
21812
21816
21817
21818
21822
21823
21824
21828
21830
21832
21834
21839
21840
21847
21849
21850
21851
21853
21854
21855
21856
21857
21858
21859
21860
21861
21868
21869
21871
21872
21873
21874
21875
21876
21877
21883
21884
21885
21889
21890
21891
21892
21893
21894
21895
21896
21897
21902
21903
21904
21905
21907
21908
21909
21910
21911
21912
21918
21919
21920
21921
21922
21923
21924
21931
21932
21933
21934
21938
21939
21940
21941
21943
21944
21945
21946
21947
21951
21952
21953
21957
21960
21961
21965
21967
21968
21974
21975
21978
21979
21980
21981
21989
22000
22007
22008
22009
22015
22017
22019
22020
22021
22022
22025
22027
22028
22029
22036
22037
22038
22041
22042
22043
22044
22049
22050
22051
22052
22053
22055
22056
22057
22058
22069
22093
22094
22109
22128
22131
22132
22133
22134
22135
22140
22141
22143
22144
22147
22148
22149
22150
22157
22158
22159
22161
22162
22163
22165
22166
22167
22169
22170
22171
22172
22173
22174
22175
22178
22179
22180
22181
22182
22183
22184
22214
22215
22216
22217
22218
22219
22223
22225
22226
22227
22228
22229
22232
22233
22234
22235
22236
22240
22241
22242
22243
22244
22248
22249
22250
22251
22252
22253
22256
22257
22258
22259
22262
22263
22264
22265
22266
22269
22270
22271
22272
22273
22274
22277
22278
22279
22280
22281
22282
22283
22284
22285
22286
22290
22291
22292
22293
22294
22295
22296
22297
22298
22299
22300
22301
22302
22306
22307
22308
22309
22312
22313
22314
22315
22316
22318
22319
22320
22321
22322
22326
22327
22328
22329
22330
22335
22336
22337
22338
22339
22345
22346
22347
22348
22349
22352
22353
22354
22355
22356
22357
22358
22360
22362
22363
22364
22365
22366
22367
22368
22369
22370
22371
22373
22374
22375
22376
22377
22378
22379
22380
22383
22400
22401
22402
22407
22408
22409
22410
22422
22423
22424
22430
22441
22442
22446
22451
22452
22453
22454
22455
22459
22460
22461
22462
22468
22469
22475
22476
22482
22483
22484
22487
22488
22489
22494
22495
22503
22504
22511
22512
22517
22518
22519
22520
22521
22524
22525
22527
22528
22529
22531
22532
22533
22537
22538
22539
22540
22541
22546
22547
22548
22550
22551
22552
22553
22556
22557
22558
22559
22560
22561
22562
22570
22576
22577
22578
22580
22581
22582
22583
22584
22585
22592
22594
22595
22596
22597
22598
22599
22605
22606
22607
22608
22609
22612
22614
22618
22619
22620
22621
22622
22623
22624
22634
22636
22637
22643
22644
22645
22649
22650
22651
22674
22675
22676
22677
22686
22687
22688
22692
22693
22694
22700
22701
22702
22705
22706
22707
22710
22711
22712
22713
22722
22723
22724
22732
22733
22734
22748
22749
22752
22755
22760
22761
22762
22763
22764
22765
22768
22769
22770
22771
22772
22773
22775
22776
22777
22778
22779
22780
22781
22783
22784
22787
22788
22789
22790
22791
22793
22794
22795
22796
22797
22798
22799
22800
22801
22802
22803
22804
22806
22807
22808
22822
22827
22828
22830
22831
22832
22838
22839
22840
22846
22847
22848
22849
22850
22851
22852
22858
22860
22861
22862
22863
22872
22873
22876
22877
22879
22880
22881
22883
22885
22890
22891
22894
22896
22897
22898
22902
22905
22906
22907
22908
22915
22916
22917
22918
22923
22924
22925
22926
22927
22934
22940
22941
22942
22943
22944
22945
22946
22948
22949
22950
22951
22952
22953
22954
22956
22957
22958
22959
22960
22964
22965
22966
22969
22970
22971
22972
22973
22978
22979
22980
22981
22983
22984
22985
22986
22988
22989
22990
22995
22996
22997
22999
23000
23001
23002
23003
23005
23006
23007
23008
23011
23012
23017
23018
23019
23023
23024
23027
23028
23030
23031
23032
23033
23036
23038
23040
23041
23044
23045
23049
23057
23058
23060
23064
23065
23066
23068
23071
23072
23074
23075
23076
23080
23081
23087
23088
23093
23094
23098
23099
23102
23103
23109
23110
23111
23113
23116
23117
23118
23119
23122
23124
23125
23127
23128
23129
23130
23131
23136
23137
23138
23139
23140
23143
23144
23145
23149
23150
23151
23154
23155
23156
23158
23159
23162
23163
23164
23165
23168
23169
23170
23172
23173
23174
23178
23179
23180
23181
23182
23186
23187
23188
23190
23191
23192
23193
23197
23198
23200
23201
23204
23207
23208
23210
23211
23214
23215
23216
23220
23221
23225
23226
23230
23232
23233
23234
23235
23237
23239
23243
23246
23247
23248
23249
23257
23258
23259
23260
23266
23267
23272
23273
23274
23281
23282
23283
23284
23285
23286
23287
23294
23295
23296
23297
23298
23308
23309
23322
23323
23327
23331
23332
23333
23334
23339
23341
23342
23349
23350
23352
23355
23357
23358
23359
23360
23366
23367
23368
23372
23373
23374
23375
23376
23383
23384
23388
23389
23390
23391
23398
23399
23404
23405
23409
23410
23411
23412
23418
23419
23422
23423
23425
23426
23427
23428
23429
23435
23436
23437
23438
23439
23440
23448
23449
23452
23453
23454
23455
23457
23461
23467
23468
23470
23473
23474
23475
23480
23481
23485
23486
23487
23493
23494
23495
23501
23502
23503
23504
23510
23511
23512
23513
23514
23518
23519
23522
23524
23525
23529
23533
23536
23546
23548
23549
23550
23551
23552
23553
23554
23555
23556
23557
23558
23559
23562
23564
23565
23566
23567
23568
23569
23574
23575
23576
23581
23582
23583
23589
23590
23591
23592
23597
23598
23603
23604
23605
23606
23609
23611
23612
23616
23617
23620
23621
23622
23626
23627
23628
23629
23633
23634
23635
23639
23640
23641
23644
23645
23646
23651
23652
23653
23658
23660
23661
23662
23664
23665
23666
23667
23668
23670
23671
23672
23675
23676
23677
23680
23681
23685
23686
23687
23689
23690
23691
23692
23693
23695
23696
23697
23699
23700
23703
23704
23707
23716
23717
23719
23720
23723
23724
23725
23728
23730
23731
23733
23734
23735
23736
23737
23738
23739
23740
23741
23742
23743
23744
23745
23746
23747
23748
23749
23750
23751
23752
23753
23754
23755
23756
23757
23758
23759
23760
23762
23763
23764
23769
23771
23772
23774
23775
23777
23778
23779
23780
23783
23784
23785
23793
23794
23795
23796
23802
23809
23810
23813
23814
23816
23818
23819
23820
23821
23829
23830
23831
23837
23838
23839
23840
23850
23851
23852
23853
23861
23862
23871
23872
23873
23874
23882
23883
23884
23889
23890
23891
23892
23895
23900
23901
23904
23905
23909
23910
23913
23914
23919
23920
23921
23922
23928
23931
23932
23933
23935
23936
23941
23942
23943
23945
23946
23947
23948
23949
23950
23951
23952
23956
23957
23958
23959
23960
23967
23968
23969
23970
23971
23972
23973
23977
23978
23979
23980
23981
23985
23986
23987
23988
23989
23991
23992
23993
23994
23995
23998
23999
24000
24006
24007
24008
24009
24013
24014
24015
24018
24019
24020
24023
24024
24025
24028
24029
24030
24031
24036
24038
24041
24046
24047
24048
24049
24050
24051
24052
24053
24054
24055
24056
24057
24061
24062
24068
24079
24080
24081
24082
24083
24084
24091
24092
24093
24097
24100
24101
24104
24106
24107
24108
24110
24111
24112
24114
24117
24119
24120
24121
24122
24125
24126
24127
24128
24129
24130
24133
24134
24135
24138
24142
24143
24144
24146
24147
24152
24154
24155
24156
24159
24160
24163
24164
24165
24170
24172
24181
24182
24186
24187
24188
24190
24193
24196
24198
24199
24204
24206
24208
24209
24210
24211
24215
24216
24217
24221
24222
24223
24229
24230
24232
24233
24234
24238
24239
24240
24241
24245
24246
24247
24248
24251
24252
24253
24254
24266
24267
24271
24273
24274
24275
24276
24285
24286
24287
24291
24297
24298
24299
24300
24311
24313
24314
24315
24316
24317
24318
24321
24322
24323
24325
24326
24327
24328
24334
24335
24336
24337
24338
24342
24343
24344
24346
24347
24348
24349
24354
24355
24356
24358
24359
24360
24366
24367
24368
24371
24372
24374
24375
24376
24383
24384
24385
24391
24393
24395
24396
24399
24400
24401
24406
24407
24408
24410
24411
24415
24416
24419
24420
24421
24422
24425
24426
24429
24430
24431
24434
24435
24438
24439
24440
24445
24446
24447
24450
24451
24452
24455
24456
24457
24458
24463
24464
24465
24466
24467
24470
24471
24472
24473
24474
24475
24476
24477
24478
24479
24480
24481
24483
24484
24485
24486
24487
24488
24489
24490
24491
24492
24493
24494
24495
24497
24498
24499
24500
24501
24502
24504
24505
24507
24508
24509
24512
24517
24523
24524
24525
24533
24541
24544
24545
24546
24550
24551
24554
24556
24557
24558
24562
24563
24564
24565
24567
24568
24569
24572
24573
24574
24576
24577
24578
24581
24582
24583
24585
24587
24593
24594
24595
24598
24599
24600
24605
24607
24608
24609
24610
24617
24618
24623
24624
24626
24627
24628
24629
24630
24631
24632
24638
24640
24642
24644
24645
24646
24649
24651
24652
24654
24656
24657
24658
24659
24660
24663
24664
24665
24666
24669
24670
24671
24672
24673
24674
24675
24682
24683
24684
24685
24686
24694
24698
24699
24700
24701
24702
24703
24704
24712
24713
24714
24715
24722
24723
24724
24725
24726
24727
24728
24740
24741
24742
24743
24749
24755
24756
24757
24758
24760
24761
24762
24763
24764
24765
24766
24767
24768
24771
24773
24774
24775
24776
24777
24778
24779
24781
24782
24783
24784
24785
24786
24787
24788
24789
24790
24791
24792
24793
24794
24795
24796
24797
24801
24802
24803
24804
24805
24806
24807
24808
24809
24810
24811
24812
24813
24815
24817
24818
24821
24822
24823
24824
24825
24826
24827
24828
24829
24832
24833
24834
24835
24836
24837
24839
24841
24842
24843
24845
24846
24848
24849
24850
24851
24852
24853
24854
24855
24856
24857
24860
24863
24868
24869
24874
24876
24879
24881
24882
24883
24884
24891
24892
24893
24896
24898
24899
24901
24902
24903
24904
24908
24909
24910
24914
24915
24916
24919
24924
24925
24928
24929
24930
24933
24934
24935
24943
24944
24945
24947
24948
24949
24954
24955
24956
24957
24960
24961
24963
24964
24968
24969
24972
24973
24974
24975
24976
24981
24982
24983
24984
24985
24986
24987
25002
25003
25004
25005
25006
25007
25008
25009
25010
25011
25012
25013
25014
25015
25016
25017
25018
25019
25020
25021
25022
25023
25024
25025
25026
25028
25029
25031
25032
25034
25035
25036
25037
25040
25041
25043
25044
25045
25047
25048
25050
25053
25054
25055
25056
25057
25062
25063
25064
25065
25068
25069
25070
25073
25074
25075
25076
25077
25079
25080
25081
25082
25083
25088
25089
25090
25092
25093
25094
25095
25099
25100
25101
25102
25103
25107
25108
25109
25114
25115
25117
25119
25123
25125
25129
25130
25131
25137
25141
25142
25143
25154
25155
25161
25163
25164
25165
25172
25173
25184
25189
25190
25191
25192
25196
25202
25213
25214
25220
25221
25222
25227
25228
25229
25230
25236
25237
25238
25245
25246
25251
25252
25256
25260
25261
25264
25268
25269
25275
25282
25287
25288
25290
25292
25293
25294
25295
25296
25298
25299
25301
25302
25303
25307
25308
25309
25313
25314
25315
25320
25323
25324
25325
25326
25327
25328
25332
25333
25334
25335
25336
25337
25338
25343
25344
25345
25346
25347
25353
25354
25364
25365
25376
25377
25379
25382
25383
25385
25387
25388
25389
25393
25394
25402
25403
25404
25405
25414
25415
25420
25421
25423
25424
25425
25426
25427
25428
25431
25434
25435
25437
25438
25439
25440
25441
25443
25444
25447
25448
25449
25450
25453
25454
25455
25456
25457
25458
25459
25461
25462
25463
25469
25470
25473
25474
25475
25476
25481
25486
25487
25488
25489
25496
25497
25498
25499
25506
25509
25510
25513
25514
25519
25524
25525
25527
25528
25529
25538
25539
25542
25545
25546
25553
25555
25557
25558
25559
25560
25561
25562
25564
25565
25569
25570
25571
25572
25573
25577
25578
25579
25580
25581
25584
25585
25586
25587
25591
25592
25594
25595
25596
25597
25600
25601
25602
25605
25606
25607
25610
25611
25613
25614
25618
25619
25620
25621
25627
25628
25630
25631
25632
25633
25638
25641
25642
25643
25644
25649
25650
25651
25652
25653
25655
25657
25658
25664
25665
25668
25671
25672
25673
25674
25675
25676
25677
25678
25679
25680
25683
25684
25685
25686
25691
25693
25694
25695
25696
25698
25699
25700
25702
25703
25705
25706
25707
25710
25712
25713
25714
25715
25718
25719
25720
25725
25726
25727
25729
25730
25731
25732
25733
25738
25739
25740
25741
25747
25748
25749
25750
25753
25754
25755
25757
25758
25759
25760
25761
25763
25764
25765
25766
25770
25771
25772
25777
25778
25779
25784
25785
25786
25790
25791
25792
25797
25798
25799
25802
25805
25817
25818
25819
25847
25848
25849
25852
25853
25854
25855
25856
25872
25873
25874
25875
25891
25892
25895
25897
25901
25903
25906
25907
25908
25909
25910
25913
25914
25916
25920
25921
25925
25926
25930
25931
25932
25940
25941
25945
25946
25948
25953
25954
25955
25960
25961
25962
25969
25970
26001
26002
26003
26009
26012
26013
26014
26015
26023
26024
26025
26026
26033
26034
26035
26036
26037
26049
26050
26051
26053
26054
26055
26057
26058
26059
26060
26061
26062
26064
26065
26066
26068
26069
26070
26071
26075
26076
26077
26081
26082
26084
26086
26087
26089
26091
26093
26094
26095
26096
26097
26098
26100
26104
26105
26106
26107
26108
26113
26114
26117
26118
26119
26124
26125
26128
26129
26130
26131
26132
26152
26153
26154
26159
26162
26163
26164
26167
26168
26169
26170
26172
26173
26174
26175
26181
26182
26183
26189
26190
26191
26192
26196
26198
26199
26201
26203
26204
26207
26209
26210
26211
26213
26214
26215
26216
26221
26223
26224
26226
26229
26230
26231
26234
26235
26236
26237
26238
26243
26244
26245
26246
26247
26248
26253
26254
26255
26260
26263
26264
26265
26266
26267
26270
26271
26272
26273
26276
26277
26278
26283
26284
26285
26286
26287
26288
26296
26297
26298
26299
26300
26301
26310
26311
26315
26316
26317
26318
26319
26320
26327
26328
26329
26337
26338
26339
26340
26341
26342
26343
26355
26356
26357
26358
26359
26367
26368
26369
26370
26377
26384
26385
26386
26391
26398
26405
26406
26407
26408
26413
26414
26415
26419
26420
26421
26422
26423
26424
26425
26429
26430
26431
26432
26435
26436
26437
26442
26443
26444
26447
26448
26451
26459
26466
26467
26478
26489
26490
26491
26492
26493
26498
26499
26500
26501
26502
26503
26504
26505
26511
26512
26513
26514
26515
26521
26522
26523
26524
26529
26531
26532
26533
26545
26589
26593
26602
26603
26604
26606
26607
26608
26609
26610
26611
26616
26617
26618
26619
26620
26621
26622
26623
26626
26627
26628
26629
26630
26631
26635
26636
26637
26638
26639
26640
26644
26645
26646
26647
26648
26649
26650
26654
26656
26657
26658
26659
26660
26662
26663
26664
26665
26666
26667
26668
26670
26671
26672
26673
26674
26676
26677
26678
26679
26680
26681
26685
26686
26687
26688
26689
26690
26698
26699
26700
26701
26702
26703
26707
26708
26709
26710
26711
26712
26716
26717
26718
26721
26724
26725
26726
26727
26728
26729
26730
26731
26732
26735
26737
26738
26742
26743
26744
26745
26747
26748
26749
26750
26751
26752
26753
26754
26755
26758
26759
26761
26762
26763
26764
26765
26766
26767
26768
26769
26770
26771
26772
26773
26774
26777
26778
26779
26780
26783
26784
26785
26786
26791
26792
26793
26794
26795
26796
26797
26798
26799
26803
26804
26805
26806
26807
26808
26809
26810
26812
26813
26814
26816
26817
26818
26819
26820
26821
26822
26823
