0
4
5
6
7
8
9
11
12
31
32
33
37
38
39
40
41
42
43
44
45
46
47
51
52
53
63
64
65
66
72
73
74
75
92
185
209
211
217
218
219
220
221
222
224
233
234
235
236
242
243
244
245
246
247
248
249
250
251
252
253
254
255
256
258
259
260
261
262
263
264
271
272
273
274
275
403
912
913
1046
1232
1419
1425
1426
1427
1428
1429
1430
1431
1436
1437
1438
1439
1440
1441
1442
1444
1445
1452
1453
1454
1455
1465
1469
1470
1471
1483
1484
1485
1520
1717
1718
1719
1720
1725
1726
1727
1730
1734
1735
1736
1737
1738
1739
1740
1741
1742
1743
1744
1745
1746
1749
1750
1947
1948
1949
1951
1963
1964
1965
1966
1967
1968
1969
1970
1971
1972
1973
1974
1975
1976
1977
1978
1983
1984
2193
2194
2205
2206
2209
2210
2211
2212
2213
2308
2311
2312
2313
2314
2315
2825
2859
2871
2872
2873
2874
2875
2876
2877
2886
3211
3212
3213
3214
3215
3216
3217
3218
3225
3226
3227
3228
3229
3230
3231
3233
3234
3235
3236
3237
3240
3241
3242
3243
3244
3245
3246
3247
3253
3254
3255
3256
3257
3258
3259
3260
3261
3262
3263
3265
3266
3267
3268
3269
3270
3271
3272
3273
3274
3275
3280
3281
3282
3283
3284
3355
4182
4390
4391
4465
4759
4988
4989
4990
4991
4992
4993
4994
4995
4996
4998
4999
5000
5001
5002
5003
5004
5005
5006
5007
5008
5009
5010
5011
5012
5013
5017
5018
5019
5020
5021
5023
5024
5025
5026
5027
5028
5029
5030
5031
5032
5033
5034
5198
5284
5285
5287
5288
5289
5290
5291
5311
5312
5313
5314
5315
5316
5317
5318
5319
5320
5321
5324
5325
5326
5327
5333
5334
5335
5336
5337
5338
5339
5372
5383
5388
5389
5390
5391
5392
5393
5394
5395
5396
5397
5398
5399
5400
5405
5406
5407
5408
5409
5410
5411
5412
5414
5415
5416
5417
5423
5424
5425
5426
5427
5428
5435
5436
5437
6073
6074
6075
6337
6338
6339
6340
6341
6342
6343
6344
6345
6346
6347
6348
6349
6512
6609
6610
6611
6612
6613
6614
6615
6616
6617
6618
6619
6620
6621
6622
6783
6784
6785
7173
7195
7196
7197
7198
7199
7200
7201
7202
7203
7490
7582
7972
8493
8494
8495
8496
8497
8498
8499
8500
8501
8504
8505
8506
8510
8511
8512
8513
8514
8515
8516
8517
8541
8545
8546
8547
8548
8549
8550
8551
8552
8553
8554
8564
8565
8566
8567
8568
8569
8570
8601
8602
8603
8604
8605
8606
8607
8608
8609
8610
8611
8621
8622
8623
8624
8625
8626
8628
8790
8837
8859
9101
9344
9856
9860
9877
9962
9981
10033
10037
10077
10078
10092
10097
10159
10160
10161
10162
10163
10164
10165
10166
10167
10169
10170
10171
10172
10173
10174
10175
10176
10177
10178
10179
10180
10181
10182
10183
10184
10185
10186
10187
10188
10189
10190
10191
10192
10193
10195
10196
10197
10198
10199
10200
10201
10202
10203
10204
10205
10206
10208
10209
10210
10211
10212
10213
10214
10215
10256
10294
10652
10653
10654
10655
10656
10657
10658
10659
10660
10661
10662
10679
10680
10681
10683
10684
10685
10686
10687
10688
10689
10690
10691
10692
10693
10694
10695
10696
10719
10720
10721
10722
10723
10724
10725
10726
10727
10728
10729
10730
10731
10732
10733
10734
10735
10736
10737
10738
10739
10740
10741
10742
10743
10744
10746
10747
10748
10749
10750
10751
10752
10922
10925
10926
10927
10928
10929
10930
10968
10969
11006
11240
11647
11648
11649
11650
11651
11652
11653
11654
11672
11673
11674
11675
11677
11678
11679
11680
11681
11682
11683
11684
11685
11686
11688
11689
11690
11714
11715
11716
11717
11718
11719
11720
11721
11722
11724
11725
11726
11727
11728
11729
11730
11731
11732
11733
11734
11735
11736
11737
11738
11739
11740
11741
11742
11743
11744
11749
11750
11751
11752
11753
11754
11755
11756
11772
11773
11791
11792
11793
11794
11795
11804
11805
11806
11807
11823
11834
11835
11836
11837
11838
11839
11840
11841
11842
11843
11858
11859
11860
11861
11862
11863
11864
11865
11866
11867
11874
11875
11876
11877
11878
11889
11978
12239
13084
13218
13219
13220
13231
13232
13233
13251
13252
13253
13254
13255
13256
13257
13258
13259
13260
13261
13262
13283
13284
13285
13286
13287
13288
13289
13290
13325
14002
14004
14881
14891
14985
14986
14987
14988
15014
15015
15016
15017
15018
15019
15020
15021
15022
15023
15024
15025
15026
15027
15028
15029
15030
15031
15032
15033
15034
15035
15036
15037
15038
15039
15040
15041
15042
15043
15044
15320
15321
15346
15347
15348
15349
15350
15354
15355
15356
15357
15373
15374
15375
15376
15377
15378
15379
15380
15381
15382
15383
15384
15395
15396
15397
15398
15399
15400
15401
15402
15403
15404
15405
15406
15423
15597
15598
15599
15600
15602
15603
15711
16418
16419
16599
16600
16601
16602
16609
16610
16611
16625
16626
16627
16628
16629
16630
16631
16632
16633
16634
16635
16636
16643
16644
16645
16646
16647
16648
16649
16650
16651
16676
16686
16687
16694
16695
16696
16697
16698
16699
16700
16701
16702
16703
16709
16710
16711
16712
16713
18777
18811
18812
18813
18814
18815
18816
18817
18818
18819
18820
18821
18822
18823
18824
18825
18826
18827
18828
18829
18830
18831
18832
18835
18836
18837
18838
18839
18840
18841
18842
18843
18844
18845
18846
18847
18848
18849
18851
18852
18853
18854
18855
18856
18857
18858
18859
18860
18861
18862
18863
18864
18865
19253
19254
19255
19256
19257
19258
19259
19260
19261
19262
19263
19264
19265
19266
19267
19268
19269
19276
19277
19278
19279
19281
19282
19283
19284
19285
19286
19289
19290
19291
19292
19299
19300
19301
19302
19303
19304
19306
19307
19308
19309
19310
19311
19312
19313
19314
19383
19384
19385
19386
19389
19394
19395
19396
19397
19414
19415
19416
19417
19418
19419
19428
19429
19440
19441
19442
19443
19444
19452
19453
19454
19920
20633
20634
20635
20636
20637
20638
20639
20640
20641
20642
20643
20644
20646
20647
20648
20649
20650
21102
21103
21104
21105
21106
21107
21108
21109
21110
21111
21112
21113
21114
21115
21116
21117
21118
21119
21120
21121
21122
21123
21124
21125
21126
21127
21128
21483
21827
21828
21829
21830
21831
21832
22170
22171
22400
22401
22407
22408
22409
22410
22411
22412
22422
22423
22424
22425
22426
22441
22442
22443
22484
22550
22634
22635
22663
22686
22687
22688
22689
22690
22691
22710
22711
22712
22713
22714
22715
22716
22732
22733
22734
22735
22736
22737
22748
22749
22750
22751
22826
22986
22987
23777
23783
23784
23785
23786
23787
23802
23803
23804
23805
23806
23813
23814
23815
23816
23912
24068
24079
24080
24081
24082
24083
24084
24085
24086
24091
24092
24093
24094
24095
24097
24100
24101
24266
24273
24274
24275
24276
24277
24278
24279
24285
24286
24287
24288
24289
24290
24311
24312
24512
24517
24523
24524
24525
24526
24533
24534
24627
24632
24633
24634
24637
25113
25372
25376
25377
25378
25387
25388
25847
25848
25849
25850
25851
25853
25854
25855
25856
25857
25858
25859
25860
25872
25873
25874
25875
25876
25877
25878
25891
25892
25893
25894
26139
