19
20
21
34
35
36
55
56
57
58
59
60
61
62
78
79
80
81
82
83
84
85
86
101
102
103
111
112
113
120
121
125
126
127
128
129
130
131
132
133
134
135
136
137
138
139
140
141
142
143
144
145
146
147
150
151
152
164
165
166
167
168
169
170
171
172
173
174
175
178
179
180
181
182
183
184
186
187
188
189
190
191
192
231
232
237
238
239
240
241
289
290
291
292
293
294
295
296
298
299
300
301
321
322
328
329
330
331
343
344
345
346
347
348
349
350
351
352
353
362
363
364
365
368
378
386
387
388
389
390
391
392
393
394
395
396
398
399
400
401
402
404
405
406
407
408
409
423
425
426
427
428
429
430
431
469
470
471
472
473
474
475
476
480
481
482
483
484
485
486
511
512
513
514
515
516
517
518
519
520
521
554
555
565
566
567
568
569
570
571
572
573
575
576
580
581
582
583
584
585
586
587
588
589
590
591
592
593
594
595
596
597
598
599
600
601
602
603
604
618
619
620
621
622
623
624
625
626
627
628
630
670
674
675
676
677
678
679
680
683
684
685
686
689
690
698
699
700
701
702
703
704
705
706
708
709
710
711
712
713
726
727
728
781
782
783
784
786
797
798
799
800
801
802
803
804
805
806
807
808
845
846
847
848
849
850
855
856
857
858
859
860
861
896
897
940
941
944
945
946
951
952
953
954
970
997
998
999
1000
1001
1002
1007
1008
1009
1010
1011
1012
1013
1014
1044
1045
1047
1048
1049
1050
1051
1052
1053
1069
1070
1078
1081
1082
1083
1084
1085
1086
1087
1091
1094
1095
1096
1097
1098
1099
1100
1101
1102
1103
1104
1105
1106
1107
1109
1110
1111
1112
1113
1114
1115
1116
1117
1118
1119
1120
1121
1122
1123
1124
1125
1126
1127
1130
1131
1132
1133
1134
1135
1136
1137
1138
1139
1140
1141
1142
1143
1144
1145
1146
1147
1148
1149
1150
1151
1152
1153
1154
1155
1156
1157
1158
1159
1160
1161
1162
1163
1164
1165
1166
1173
1174
1175
1176
1191
1195
1196
1207
1208
1209
1210
1213
1234
1235
1247
1248
1269
1270
1271
1272
1273
1274
1275
1276
1277
1278
1279
1285
1286
1294
1309
1310
1314
1317
1318
1319
1322
1323
1324
1325
1326
1327
1328
1329
1330
1331
1332
1333
1334
1335
1336
1342
1343
1344
1345
1346
1347
1348
1354
1355
1356
1357
1358
1359
1360
1361
1362
1363
1364
1377
1378
1379
1380
1381
1382
1383
1384
1385
1386
1396
1397
1398
1399
1400
1401
1402
1409
1410
1411
1412
1413
1414
1415
1416
1423
1424
1432
1433
1434
1435
1456
1457
1458
1459
1460
1466
1512
1553
1560
1563
1564
1575
1576
1577
1578
1579
1580
1581
1582
1583
1615
1616
1617
1622
1623
1624
1625
1626
1627
1628
1629
1630
1631
1632
1633
1634
1635
1637
1638
1639
1640
1641
1642
1643
1644
1645
1646
1647
1648
1650
1651
1652
1654
1655
1656
1657
1658
1659
1660
1675
1676
1677
1678
1679
1680
1681
1682
1683
1686
1687
1694
1695
1696
1697
1698
1699
1706
1707
1708
1711
1731
1732
1733
1753
1754
1755
1765
1767
1774
1775
1777
1785
1786
1787
1788
1789
1790
1793
1794
1795
1796
1797
1798
1799
1800
1801
1802
1803
1804
1805
1806
1807
1808
1809
1823
1824
1825
1830
1831
1839
1840
1841
1842
1843
1844
1845
1846
1847
1848
1849
1850
1851
1852
1853
1854
1855
1856
1857
1858
1859
1860
1861
1862
1863
1864
1865
1866
1867
1868
1869
1870
1871
1872
1873
1874
1875
1876
1877
1878
1879
1880
1938
1939
1940
1941
1946
1953
1954
1959
1961
1962
1982
1990
2002
2003
2004
2005
2006
2007
2008
2034
2035
2041
2042
2043
2044
2045
2046
2047
2048
2049
2050
2051
2052
2053
2055
2056
2057
2058
2059
2060
2066
2072
2073
2074
2077
2085
2086
2095
2096
2097
2111
2112
2113
2114
2115
2116
2117
2118
2121
2122
2123
2124
2125
2126
2137
2138
2139
2140
2141
2142
2143
2144
2145
2146
2155
2156
2157
2161
2162
2163
2164
2165
2188
2192
2200
2207
2208
2214
2215
2216
2217
2220
2221
2222
2223
2224
2225
2227
2228
2229
2230
2231
2232
2233
2234
2235
2236
2237
2238
2239
2240
2241
2242
2243
2244
2245
2248
2255
2256
2257
2258
2259
2286
2287
2288
2299
2300
2301
2302
2303
2304
2305
2307
2310
2316
2318
2319
2320
2323
2324
2325
2326
2327
2328
2345
2346
2347
2348
2349
2350
2351
2369
2370
2371
2372
2373
2374
2375
2388
2389
2390
2391
2392
2393
2395
2397
2404
2405
2406
2407
2408
2422
2423
2424
2425
2432
2433
2441
2442
2443
2444
2445
2446
2447
2455
2456
2461
2462
2463
2464
2465
2466
2467
2468
2469
2470
2471
2472
2473
2474
2475
2476
2477
2478
2479
2480
2481
2483
2484
2485
2497
2498
2499
2500
2501
2502
2503
2504
2505
2506
2507
2512
2518
2519
2520
2521
2522
2534
2535
2536
2537
2538
2539
2540
2541
2542
2543
2544
2549
2550
2553
2554
2555
2556
2557
2558
2568
2569
2570
2571
2588
2592
2593
2594
2595
2596
2597
2599
2608
2609
2610
2611
2612
2613
2614
2615
2616
2617
2618
2619
2620
2621
2622
2623
2624
2625
2626
2627
2628
2629
2630
2631
2633
2634
2635
2636
2639
2640
2641
2642
2643
2657
2658
2659
2660
2661
2662
2663
2664
2665
2666
2667
2668
2669
2670
2681
2682
2683
2684
2685
2686
2687
2688
2689
2690
2692
2693
2694
2695
2696
2697
2698
2699
2700
2701
2702
2703
2776
2777
2778
2779
2780
2781
2782
2783
2814
2815
2816
2817
2818
2819
2820
2821
2822
2823
2824
2831
2832
2833
2834
2835
2836
2837
2838
2854
2862
2863
2864
2893
2895
2896
2902
2903
2904
2905
2915
2916
2917
2918
2919
2920
2921
2922
2923
2924
2925
2926
2927
2944
2948
2949
2950
2951
2952
2953
2956
2957
2958
2959
2960
2997
2998
2999
3000
3001
3002
3003
3004
3005
3006
3007
3008
3009
3010
3011
3012
3013
3014
3015
3016
3017
3018
3019
3020
3021
3022
3023
3035
3036
3037
3038
3039
3040
3041
3042
3043
3044
3045
3046
3047
3048
3058
3059
3060
3061
3063
3073
3074
3075
3076
3087
3108
3109
3111
3112
3127
3131
3145
3146
3147
3160
3161
3162
3164
3165
3166
3167
3168
3179
3180
3181
3182
3183
3192
3193
3194
3195
3196
3204
3205
3206
3207
3208
3209
3210
3248
3249
3250
3251
3252
3289
3313
3349
3350
3351
3361
3362
3363
3378
3379
3380
3381
3382
3391
3392
3393
3394
3395
3396
3397
3398
3399
3400
3401
3402
3411
3412
3413
3414
3415
3426
3427
3428
3429
3430
3431
3432
3433
3434
3435
3441
3442
3443
3444
3445
3446
3447
3448
3449
3450
3451
3452
3453
3454
3455
3456
3457
3458
3459
3460
3461
3465
3466
3468
3469
3470
3471
3483
3484
3487
3499
3500
3501
3502
3503
3504
3505
3506
3507
3508
3509
3510
3511
3512
3513
3516
3517
3518
3519
3520
3521
3522
3523
3524
3525
3526
3527
3528
3529
3530
3531
3532
3533
3534
3535
3536
3537
3538
3539
3540
3541
3542
3543
3544
3545
3546
3547
3548
3549
3550
3551
3552
3553
3554
3570
3571
3572
3573
3574
3575
3576
3577
3578
3579
3596
3597
3598
3599
3609
3610
3611
3612
3625
3626
3627
3628
3629
3630
3639
3640
3641
3659
3669
3819
3825
3826
3827
3828
3829
3830
3852
3856
3857
3858
3859
3860
3861
3862
3893
3894
3895
3896
3912
3913
3917
3918
3919
3920
3934
3935
3936
3958
3976
3977
3978
3979
3980
3981
3982
3983
3984
3994
4005
4006
4007
4008
4009
4010
4011
4012
4013
4014
4015
4032
4033
4034
4035
4036
4037
4038
4042
4043
4050
4051
4052
4053
4054
4055
4057
4059
4060
4061
4064
4065
4066
4067
4068
4069
4070
4071
4072
4073
4074
4075
4076
4077
4078
4079
4080
4081
4082
4083
4084
4085
4086
4089
4090
4093
4094
4095
4096
4097
4108
4109
4110
4111
4112
4113
4114
4115
4116
4120
4121
4122
4123
4146
4147
4148
4149
4150
4151
4152
4153
4172
4178
4179
4193
4194
4195
4196
4197
4198
4207
4208
4209
4210
4211
4212
4213
4215
4216
4217
4218
4219
4220
4221
4222
4223
4224
4240
4253
4254
4255
4256
4278
4279
4290
4291
4292
4295
4296
4297
4298
4299
4300
4301
4302
4303
4304
4305
4306
4307
4308
4309
4310
4319
4320
4321
4322
4323
4333
4345
4346
4347
4348
4349
4375
4376
4377
4378
4416
4425
4434
4435
4436
4437
4438
4439
4440
4441
4443
4444
4445
4446
4447
4448
4449
4450
4451
4452
4472
4473
4474
4475
4476
4477
4478
4479
4480
4481
4482
4483
4484
4501
4507
4508
4509
4510
4511
4512
4513
4514
4515
4516
4517
4518
4523
4524
4525
4526
4527
4563
4564
4565
4582
4583
4584
4585
4586
4587
4588
4589
4590
4591
4592
4593
4594
4595
4596
4597
4598
4619
4620
4621
4622
4623
4624
4625
4626
4627
4628
4629
4646
4658
4659
4660
4661
4662
4663
4664
4665
4666
4683
4684
4685
4686
4687
4688
4689
4690
4691
4701
4702
4703
4714
4715
4716
4736
4747
4748
4749
4763
4781
4792
4793
4794
4795
4806
4836
4837
4838
4839
4840
4841
4842
4843
4844
4845
4846
4847
4848
4849
4850
4851
4852
4884
4890
4891
4892
4906
4907
4908
4909
4910
4911
4922
4923
4924
4925
4926
4931
4932
4933
4934
4935
4936
4937
4938
4966
4967
4968
4969
4970
4971
4972
4981
4982
4983
4984
4985
4986
5036
5037
5038
5039
5040
5041
5042
5043
5044
5045
5047
5048
5049
5050
5051
5052
5053
5054
5055
5056
5057
5077
5078
5082
5085
5089
5090
5091
5092
5093
5094
5096
5097
5098
5100
5102
5103
5104
5105
5106
5107
5108
5109
5110
5111
5112
5113
5114
5115
5116
5117
5118
5124
5125
5126
5127
5128
5129
5130
5131
5132
5133
5134
5135
5136
5137
5138
5139
5140
5141
5142
5143
5144
5145
5147
5148
5149
5150
5151
5152
5153
5155
5156
5157
5158
5159
5160
5162
5169
5170
5171
5173
5174
5184
5224
5225
5226
5227
5228
5229
5230
5231
5232
5233
5234
5235
5236
5237
5238
5241
5242
5243
5244
5245
5246
5247
5252
5253
5254
5255
5267
5268
5269
5270
5271
5272
5273
5274
5275
5276
5298
5299
5328
5329
5330
5331
5332
5340
5341
5342
5343
5344
5345
5346
5347
5348
5373
5374
5375
5376
5387
5401
5402
5403
5404
5461
5462
5463
5464
5465
5466
5467
5468
5469
5470
5471
5472
5477
5478
5479
5480
5481
5565
5566
5567
5568
5581
5582
5583
5584
5585
5586
5587
5588
5589
5599
5600
5601
5602
5606
5607
5608
5609
5610
5611
5617
5618
5619
5620
5646
5647
5649
5650
5651
5652
5655
5656
5657
5658
5659
5660
5661
5662
5663
5664
5665
5666
5667
5668
5669
5673
5674
5675
5676
5678
5679
5680
5681
5684
5687
5690
5691
5692
5693
5694
5695
5707
5708
5709
5724
5725
5726
5727
5728
5729
5750
5759
5765
5766
5782
5784
5791
5792
5794
5795
5796
5797
5801
5802
5826
5827
5847
5848
5849
5850
5851
5852
5853
5854
5855
5888
5889
5901
5902
5903
5904
5905
5906
5931
5932
5933
5934
5935
5936
5937
5938
5939
5940
5941
5942
5943
5944
5945
5946
5966
5967
5968
5969
5970
5971
5972
5973
5974
5975
5976
5977
5979
5980
5981
5982
5983
5984
5985
5986
5987
5988
5989
5991
5992
5993
5994
5995
5996
5997
5998
5999
6000
6001
6002
6003
6021
6022
6039
6040
6041
6043
6044
6045
6046
6047
6048
6049
6050
6051
6120
6121
6122
6123
6124
6125
6126
6127
6155
6156
6157
6158
6167
6168
6169
6170
6171
6172
6173
6174
6175
6176
6178
6179
6183
6223
6224
6225
6226
6227
6228
6229
6230
6231
6232
6233
6234
6235
6236
6237
6238
6239
6255
6256
6257
6258
6266
6267
6268
6269
6270
6271
6272
6273
6274
6275
6276
6277
6278
6279
6280
6281
6282
6283
6284
6285
6286
6288
6289
6290
6291
6292
6293
6294
6297
6298
6299
6310
6311
6312
6313
6314
6315
6316
6317
6318
6321
6322
6323
6324
6325
6326
6336
6351
6352
6353
6354
6355
6356
6357
6358
6359
6360
6361
6362
6363
6364
6365
6366
6367
6368
6369
6370
6371
6372
6373
6374
6375
6376
6377
6378
6379
6380
6381
6382
6383
6384
6385
6386
6396
6397
6398
6399
6400
6401
6418
6419
6420
6421
6422
6423
6424
6425
6426
6427
6428
6429
6430
6431
6432
6434
6435
6436
6447
6448
6449
6450
6451
6452
6453
6454
6455
6456
6457
6464
6474
6475
6476
6477
6478
6485
6486
6487
6488
6499
6500
6501
6502
6503
6513
6514
6526
6527
6528
6529
6530
6531
6532
6544
6548
6549
6552
6553
6554
6555
6556
6572
6583
6584
6585
6586
6587
6588
6589
6590
6591
6592
6605
6606
6623
6624
6625
6626
6627
6628
6629
6630
6631
6632
6633
6657
6658
6659
6660
6661
6662
6663
6664
6665
6666
6667
6686
6687
6688
6689
6690
6691
6692
6695
6696
6697
6698
6699
6700
6702
6704
6705
6706
6707
6708
6709
6710
6721
6734
6735
6738
6740
6741
6742
6743
6744
6745
6746
6749
6750
6751
6752
6757
6758
6767
6774
6775
6776
6777
6778
6779
6780
6781
6782
6786
6787
6788
6789
6790
6791
6792
6793
6794
6795
6796
6797
6931
6932
6933
6951
6952
6953
6954
6955
6956
6976
6977
6978
6979
6980
6981
6982
6983
6984
6986
6987
6988
6989
6990
6991
6992
6996
6997
6998
6999
7015
7016
7017
7018
7019
7020
7021
7032
7033
7034
7035
7036
7037
7038
7039
7045
7046
7055
7056
7058
7059
7060
7061
7062
7063
7064
7065
7066
7067
7068
7069
7070
7071
7072
7073
7074
7075
7076
7077
7078
7079
7080
7081
7082
7083
7084
7085
7086
7087
7088
7089
7095
7097
7098
7099
7100
7107
7108
7109
7110
7111
7112
7118
7119
7120
7121
7134
7135
7136
7137
7138
7139
7140
7141
7142
7143
7144
7145
7146
7147
7155
7156
7161
7165
7167
7168
7169
7170
7171
7172
7174
7175
7176
7177
7178
7179
7216
7217
7218
7219
7220
7221
7222
7257
7258
7259
7260
7261
7262
7264
7267
7268
7269
7270
7271
7272
7273
7274
7275
7276
7277
7278
7279
7280
7281
7282
7283
7284
7285
7286
7287
7288
7289
7290
7291
7292
7293
7294
7295
7296
7315
7316
7317
7318
7319
7320
7321
7322
7323
7324
7346
7347
7362
7363
7364
7365
7372
7379
7398
7399
7400
7401
7411
7412
7413
7414
7430
7431
7441
7442
7443
7444
7576
7577
7578
7579
7640
7651
7652
7653
7654
7655
7656
7657
7658
7659
7660
7684
7685
7700
7701
7702
7711
7712
7713
7714
7715
7739
7740
7741
7742
7743
7744
7745
7746
7747
7777
7779
7780
7781
7804
7805
7806
7807
7810
7811
7822
7823
7824
7825
7826
7848
7856
7871
7872
7873
7874
7875
7876
7884
7885
7886
7893
7894
7895
7905
7906
7907
7908
7909
7910
7938
7939
7940
7941
7948
7961
7985
7986
7987
7988
7989
7990
7991
7992
7993
7994
7995
7996
8030
8038
8039
8040
8049
8059
8060
8061
8063
8079
8086
8087
8088
8089
8090
8091
8092
8093
8094
8122
8123
8124
8125
8126
8127
8128
8139
8140
8141
8142
8143
8144
8145
8146
8147
8197
8198
8199
8200
8211
8245
8246
8247
8248
8249
8250
8251
8252
8253
8254
8276
8277
8278
8279
8280
8281
8282
8283
8312
8313
8314
8319
8367
8368
8369
8386
8387
8388
8389
8399
8400
8401
8409
8416
8417
8418
8419
8447
8448
8451
8452
8453
8457
8458
8459
8460
8461
8462
8463
8464
8465
8466
8467
8469
8470
8471
8472
8473
8474
8475
8476
8477
8478
8479
8480
8481
8483
8484
8485
8487
8492
8503
8507
8508
8509
8524
8525
8526
8527
8528
8529
8530
8531
8537
8538
8539
8540
8556
8557
8558
8559
8560
8561
8562
8563
8574
8579
8580
8581
8587
8588
8591
8612
8613
8614
8615
8620
8630
8631
8632
8633
8634
8635
8640
8641
8642
8643
8650
8657
8663
8664
8665
8666
8667
8668
8669
8673
8674
8675
8676
8696
8697
8698
8699
8700
8703
8718
8719
8720
8721
8729
8730
8731
8751
8752
8753
8763
8764
8765
8768
8775
8776
8777
8791
8792
8793
8794
8795
8796
8797
8799
8810
8813
8814
8815
8816
8823
8825
8826
8827
8828
8829
8830
8831
8838
8839
8840
8880
8881
8887
8894
8895
8906
8907
8908
8926
8927
8932
8946
8952
8962
8965
8966
8967
8968
8969
8970
8971
8983
8984
8985
8988
8989
8990
8991
8992
8993
8996
8997
8998
8999
9000
9001
9004
9005
9006
9007
9008
9012
9013
9014
9015
9016
9018
9019
9020
9022
9029
9030
9031
9032
9033
9034
9035
9036
9041
9042
9043
9044
9045
9046
9047
9048
9049
9050
9051
9052
9054
9055
9059
9060
9061
9062
9068
9069
9070
9071
9072
9074
9075
9076
9077
9078
9079
9080
9081
9082
9083
9084
9085
9108
9109
9110
9111
9112
9113
9114
9115
9116
9142
9143
9144
9145
9146
9147
9148
9161
9162
9163
9164
9165
9166
9167
9197
9198
9199
9200
9201
9218
9249
9250
9251
9252
9253
9254
9255
9256
9257
9258
9259
9277
9278
9279
9280
9281
9302
9310
9311
9312
9313
9314
9315
9340
9341
9342
9343
9353
9354
9355
9356
9357
9387
9388
9402
9405
9406
9407
9436
9437
9438
9439
9440
9441
9442
9443
9456
9457
9458
9460
9468
9489
9490
9491
9492
9493
9494
9513
9514
9515
9535
9536
9537
9538
9573
9574
9575
9576
9577
9593
9601
9626
9627
9628
9629
9630
9631
9632
9642
9643
9644
9645
9646
9647
9648
9657
9658
9659
9660
9664
9665
9670
9672
9673
9674
9675
9676
9677
9685
9686
9693
9694
9695
9696
9697
9698
9699
9706
9707
9708
9739
9741
9761
9796
9798
9799
9803
9804
9805
9806
9807
9808
9809
9810
9811
9813
9814
9815
9816
9817
9818
9819
9821
9822
9823
9824
9825
9826
9834
9835
9836
9837
9838
9839
9840
9848
9849
9850
9851
9852
9853
9854
9858
9887
9888
9889
9890
9891
9892
9893
9919
9920
9921
9929
9930
9931
9932
9963
9964
9965
9966
9967
9975
10006
10043
10044
10049
10067
10068
10069
10070
10127
10154
10155
10168
10221
10222
10245
10246
10247
10248
10249
10250
10258
10259
10275
10285
10286
10287
10288
10289
10293
10296
10297
10298
10299
10300
10301
10302
10303
10304
10305
10306
10312
10313
10314
10315
10316
10317
10318
10319
10331
10332
10336
10340
10341
10342
10343
10344
10345
10346
10347
10348
10349
10350
10351
10352
10353
10354
10355
10356
10357
10358
10359
10360
10361
10362
10363
10364
10365
10366
10367
10368
10369
10370
10371
10372
10373
10374
10375
10388
10389
10390
10391
10392
10393
10394
10395
10396
10397
10398
10412
10413
10414
10415
10416
10417
10418
10419
10420
10433
10435
10436
10437
10438
10439
10440
10441
10442
10443
10444
10448
10449
10450
10451
10452
10453
10454
10455
10456
10469
10470
10471
10472
10473
10474
10475
10478
10479
10480
10481
10482
10486
10487
10488
10489
10492
10500
10501
10502
10503
10504
10505
10506
10507
10508
10509
10510
10511
10518
10519
10520
10521
10522
10523
10524
10525
10526
10527
10528
10529
10530
10531
10532
10533
10540
10541
10542
10543
10544
10545
10546
10547
10549
10557
10558
10559
10560
10561
10562
10563
10565
10570
10573
10574
10575
10585
10588
10589
10590
10591
10592
10593
10594
10595
10596
10597
10599
10600
10601
10602
10603
10604
10605
10606
10607
10618
10619
10620
10621
10629
10630
10631
10632
10633
10634
10635
10636
10637
10642
10643
10644
10645
10646
10647
10648
10649
10670
10671
10672
10673
10674
10675
10676
10677
10678
10682
10709
10710
10711
10712
10713
10714
10715
10716
10717
10718
10776
10778
10783
10799
10800
10801
10802
10823
10824
10825
10826
10827
10854
10855
10856
10857
10858
10859
10860
10861
10862
10863
10864
10894
10895
10896
10897
10907
10908
10920
10921
10931
10933
10934
10938
10942
10943
10944
10945
10946
10947
10948
10949
10950
10951
10952
10953
10954
10955
10956
10957
10958
10959
10960
10962
10963
10964
10965
10966
10967
10977
10987
10989
10991
10992
11004
11005
11007
11061
11062
11063
11072
11073
11074
11075
11076
11077
11078
11079
11102
11103
11108
11110
11111
11113
11123
11124
11125
11126
11129
11130
11132
11140
11141
11142
11143
11144
11145
11146
11147
11161
11162
11165
11166
11167
11168
11169
11171
11179
11180
11181
11183
11184
11185
11186
11187
11196
11197
11198
11199
11200
11201
11202
11203
11204
11229
11247
11248
11249
11257
11258
11259
11260
11261
11262
11263
11269
11270
11271
11272
11273
11274
11275
11276
11297
11318
11319
11320
11321
11322
11323
11324
11325
11330
11333
11344
11345
11360
11362
11363
11364
11372
11373
11401
11402
11413
11414
11415
11416
11417
11418
11419
11420
11431
11432
11433
11435
11446
11447
11448
11449
11450
11451
11452
11460
11461
11462
11463
11464
11465
11489
11490
11491
11492
11493
11494
11495
11496
11497
11509
11513
11514
11530
11531
11532
11533
11534
11535
11536
11537
11538
11539
11540
11541
11576
11577
11580
11588
11599
11600
11601
11602
11603
11611
11612
11624
11630
11631
11632
11633
11664
11665
11666
11667
11668
11669
11670
11671
11705
11706
11707
11708
11709
11710
11711
11712
11713
11781
11784
11785
11786
11787
11788
11789
11790
11800
11801
11802
11803
11814
11815
11816
11817
11818
11819
11820
11821
11822
11829
11830
11856
11857
11894
11895
11896
11900
11927
11928
11929
11930
11931
11941
11942
11943
11944
11945
11946
11947
11948
11949
11950
11951
11952
11954
11962
11963
11964
11965
11966
11977
11987
11988
11989
11990
11991
11992
11993
11994
11995
11996
11997
11998
11999
12000
12001
12012
12013
12025
12026
12042
12043
12051
12052
12053
12054
12055
12074
12075
12077
12078
12079
12080
12081
12082
12083
12084
12085
12086
12087
12088
12097
12098
12099
12100
12101
12102
12103
12104
12105
12106
12107
12126
12127
12128
12129
12130
12131
12132
12133
12144
12146
12147
12148
12149
12150
12151
12152
12160
12161
12162
12163
12164
12165
12167
12168
12169
12170
12171
12172
12173
12174
12175
12176
12177
12184
12186
12187
12188
12189
12190
12191
12192
12193
12194
12195
12196
12197
12198
12199
12201
12208
12209
12210
12220
12221
12222
12223
12224
12225
12226
12227
12228
12240
12247
12259
12272
12273
12274
12275
12276
12277
12278
12279
12280
12281
12282
12289
12295
12298
12302
12315
12316
12332
12333
12334
12335
12336
12338
12339
12340
12341
12342
12343
12348
12349
12359
12360
12371
12372
12373
12374
12375
12376
12377
12382
12383
12384
12388
12389
12392
12393
12394
12395
12396
12402
12403
12404
12405
12406
12407
12411
12412
12413
12414
12415
12416
12417
12427
12430
12431
12432
12436
12437
12438
12443
12444
12445
12446
12447
12457
12458
12460
12461
12462
12463
12468
12469
12476
12477
12478
12479
12480
12482
12483
12484
12489
12490
12491
12492
12493
12494
12495
12499
12500
12501
12502
12503
12504
12512
12521
12522
12523
12524
12525
12526
12527
12528
12529
12530
12531
12532
12557
12560
12561
12562
12563
12564
12565
12566
12567
12568
12569
12577
12578
12579
12580
12581
12582
12583
12584
12585
12586
12587
12588
12597
12600
12630
12631
12632
12633
12634
12635
12636
12637
12638
12639
12640
12641
12642
12643
12671
12672
12673
12684
12719
12721
12722
12723
12731
12745
12746
12747
12748
12749
12750
12755
12756
12757
12758
12759
12760
12789
12790
12791
12792
12793
12794
12795
12796
12797
12798
12799
12800
12830
12831
12832
12846
12847
12848
12856
12857
12860
12861
12862
12863
12864
12865
12866
12867
12868
12914
12916
12918
12919
12920
12921
12922
12923
12924
12925
12926
12933
12934
12935
12940
12941
12965
12966
12967
12968
12971
13061
13074
13075
13076
13086
13089
13092
13093
13094
13095
13096
13097
13100
13101
13102
13103
13104
13105
13106
13107
13108
13111
13112
13113
13114
13140
13142
13143
13144
13145
13146
13147
13148
13149
13150
13151
13152
13175
13184
13185
13186
13187
13188
13189
13190
13196
13197
13198
13199
13200
13201
13202
13205
13206
13207
13208
13209
13210
13211
13217
13229
13230
13237
13238
13239
13240
13241
13242
13243
13244
13245
13246
13247
13248
13249
13250
13308
13309
13310
13311
13312
13321
13322
13323
13324
13326
13327
13328
13329
13330
13331
13332
13333
13334
13341
13359
13368
13369
13370
13371
13372
13377
13378
13379
13380
13382
13383
13384
13386
13387
13388
13395
13396
13419
13420
13421
13422
13426
13427
13439
13447
13448
13449
13450
13471
13472
13483
13484
13485
13486
13487
13488
13489
13490
13491
13493
13500
13501
13502
13503
13504
13505
13506
13507
13508
13509
13510
13511
13513
13514
13515
13516
13517
13518
13519
13520
13521
13522
13523
13525
13533
13534
13535
13536
13537
13538
13539
13540
13544
13553
13554
13555
13556
13557
13574
13575
13576
13577
13578
13580
13581
13582
13583
13612
13613
13614
13616
13618
13628
13629
13630
13631
13633
13634
13635
13683
13684
13694
13695
13698
13699
13702
13703
13704
13705
13707
13708
13709
13710
13711
13729
13730
13731
13732
13752
13753
13767
13768
13769
13786
13799
13800
13801
13802
13803
13804
13805
13855
13856
13857
13858
13859
13860
13861
13862
13863
13864
13865
13866
13867
13868
13869
13870
13871
13872
13873
13887
13905
13906
13907
13908
13909
13930
13931
13932
13933
13934
13957
13958
13959
13960
13961
13962
13963
13964
13965
13966
13974
14000
14001
14006
14007
14012
14013
14014
14015
14016
14017
14021
14024
14025
14026
14027
14028
14036
14042
14043
14044
14045
14046
14073
14074
14075
14076
14082
14086
14087
14088
14092
14093
14094
14095
14096
14097
14099
14100
14101
14102
14109
14110
14111
14112
14150
14166
14167
14168
14169
14170
14171
14172
14173
14174
14175
14176
14177
14178
14179
14180
14181
14182
14183
14184
14185
14186
14187
14188
14219
14220
14238
14285
14305
14319
14320
14321
14322
14323
14324
14325
14364
14379
14380
14381
14382
14383
14384
14385
14386
14387
14388
14389
14390
14391
14392
14393
14403
14404
14411
14412
14413
14419
14420
14428
14429
14430
14431
14432
14433
14434
14446
14447
14456
14457
14458
14465
14466
14474
14475
14476
14477
14478
14479
14480
14481
14484
14485
14488
14489
14490
14491
14492
14493
14494
14537
14538
14539
14540
14553
14554
14578
14579
14580
14584
14591
14592
14593
14594
14595
14612
14640
14641
14642
14649
14650
14651
14652
14653
14654
14655
14656
14657
14701
14702
14705
14718
14719
14727
14728
14735
14736
14737
14738
14739
14740
14741
14742
14749
14750
14751
14779
14780
14781
14782
14783
14784
14785
14786
14787
14788
14789
14790
14791
14792
14793
14794
14795
14796
14797
14813
14819
14840
14841
14842
14843
14844
14845
14902
14951
14952
14953
14954
14955
14956
14957
14958
14959
14960
14961
14962
14963
14964
15013
15045
15046
15071
15084
15085
15086
15087
15088
15089
15090
15091
15092
15093
15094
15095
15096
15097
15098
15100
15102
15104
15107
15114
15115
15116
15117
15118
15119
15120
15121
15122
15140
15141
15142
15143
15144
15145
15147
15148
15149
15150
15151
15152
15172
15173
15202
15216
15217
15218
15219
15220
15221
15222
15223
15224
15225
15226
15227
15228
15229
15258
15259
15260
15261
15262
15307
15308
15309
15310
15311
15312
15332
15339
15340
15341
15342
15343
15353
15410
15411
15412
15413
15414
15442
15461
15462
15463
15464
15465
15466
15467
15468
15469
15472
15473
15474
15475
15476
15477
15478
15479
15484
15485
15486
15487
15488
15489
15490
15491
15572
15573
15574
15575
15576
15577
15610
15611
15612
15613
15614
15615
15616
15617
15618
15619
15620
15621
15622
15623
15624
15625
15632
15633
15634
15635
15636
15637
15638
15639
15640
15641
15642
15643
15644
15645
15646
15647
15648
15649
15650
15657
15658
15660
15685
15686
15687
15688
15689
15712
15726
15733
15734
15735
15753
15757
15760
15761
15762
15763
15768
15769
15770
15771
15772
15773
15774
15775
15776
15777
15778
15779
15780
15781
15782
15783
15785
15786
15787
15800
15801
15802
15891
15892
15893
15894
15895
15923
15924
15961
15962
15963
15964
15965
15966
15967
15968
15969
15970
15971
15977
16013
16014
16015
16016
16017
16018
16019
16029
16032
16033
16034
16035
16036
16037
16038
16039
16041
16042
16055
16056
16057
16058
16059
16060
16061
16064
16065
16124
16134
16157
16158
16159
16160
16161
16162
16163
16164
16165
16166
16167
16168
16169
16170
16171
16172
16188
16189
16190
16191
16193
16197
16198
16199
16201
16204
16205
16206
16207
16208
16209
16210
16211
16212
16213
16214
16215
16216
16217
16218
16220
16221
16269
16270
16271
16285
16286
16287
16288
16289
16290
16291
16292
16293
16294
16295
16296
16297
16298
16299
16314
16315
16316
16317
16318
16319
16320
16344
16345
16348
16351
16352
16353
16354
16366
16367
16368
16369
16370
16371
16372
16379
16380
16381
16382
16383
16384
16385
16406
16407
16408
16409
16410
16411
16412
16413
16414
16415
16416
16417
16463
16464
16465
16466
16471
16472
16473
16474
16475
16476
16477
16478
16479
16480
16481
16482
16507
16508
16519
16520
16526
16527
16528
16529
16530
16531
16532
16560
16561
16562
16563
16564
16573
16590
16598
16666
16667
16668
16669
16670
16671
16673
16714
16715
16716
16717
16718
16719
16720
16722
16723
16724
16725
16726
16753
16773
16782
16783
16784
16785
16786
16787
16788
16789
16790
16791
16792
16793
16794
16796
16802
16828
16829
16830
16831
16832
16839
16865
16866
16876
16877
16878
16879
16880
16881
16882
16883
16884
16885
16886
16887
16888
16901
16945
16946
16947
16948
16949
16950
16951
16952
16953
16954
16955
16956
16957
16958
16973
16998
16999
17000
17001
17002
17003
17004
17029
17030
17031
17032
17033
17119
17120
17121
17122
17198
17232
17236
17239
17240
17241
17242
17243
17244
17245
17246
17247
17248
17249
17250
17251
17252
17253
17254
17255
17256
17257
17258
17259
17260
17261
17287
17288
17289
17298
17299
17300
17301
17302
17303
17304
17305
17306
17307
17308
17309
17310
17311
17332
17333
17334
17335
17336
17337
17338
17339
17340
17341
17342
17343
17344
17345
17360
17361
17362
17363
17364
17368
17369
17374
17375
17379
17388
17389
17390
17391
17392
17393
17395
17396
17397
17398
17419
17426
17427
17428
17429
17430
17431
17432
17433
17434
17443
17444
17445
17446
17447
17448
17449
17454
17455
17456
17457
17458
17459
17460
17461
17479
17480
17481
17482
17483
17484
17485
17486
17487
17542
17543
17545
17546
17547
17548
17549
17569
17570
17571
17572
17573
17574
17576
17577
17578
17579
17580
17586
17587
17588
17589
17590
17591
17595
17596
17597
17598
17599
17616
17617
17618
17619
17620
17621
17630
17631
17632
17753
17754
17755
17756
17757
17793
17794
17795
17796
17797
17798
17799
17800
17813
17814
17815
17816
17817
17818
17819
17820
17829
17846
17847
17848
17849
17850
17865
17877
17878
17964
17974
17975
17976
17977
17978
17979
17980
17981
17982
17983
17984
17997
17998
18085
18121
18122
18123
18124
18125
18126
18127
18128
18150
18152
18153
18159
18178
18179
18180
18181
18182
18183
18184
18191
18231
18232
18233
18234
18235
18236
18237
18253
18254
18255
18256
18257
18274
18277
18278
18279
18280
18282
18283
18284
18285
18286
18291
18292
18293
18303
18304
18305
18306
18307
18308
18312
18313
18314
18320
18321
18322
18323
18324
18338
18339
18340
18341
18342
18343
18344
18345
18346
18349
18350
18351
18352
18353
18354
18359
18360
18361
18362
18363
18364
18372
18373
18374
18375
18376
18377
18378
18379
18380
18381
18382
18383
18384
18385
18386
18387
18399
18400
18401
18402
18406
18407
18408
18409
18410
18416
18419
18420
18421
18422
18423
18432
18433
18434
18440
18441
18442
18443
18444
18447
18448
18449
18450
18451
18452
18460
18461
18462
18463
18464
18465
18466
18467
18468
18469
18482
18483
18485
18486
18488
18489
18490
18491
18500
18501
18502
18503
18504
18505
18506
18507
18508
18509
18514
18523
18524
18543
18560
18597
18598
18599
18600
18601
18602
18603
18604
18605
18606
18627
18664
18665
18686
18711
18715
18716
18717
18718
18733
18734
18735
18736
18737
18738
18739
18740
18741
18742
18743
18744
18745
18764
18765
18766
18767
18768
18769
18770
18771
18772
18773
18774
18775
18776
18778
18807
18808
18809
18810
18880
18881
18882
18909
18910
18911
18912
18913
18914
18915
18916
18917
18918
18932
18933
18934
18935
18945
18946
18947
18948
18953
18954
18955
18956
18957
18958
18977
18978
18979
18980
18981
18984
18985
18986
18998
18999
19000
19001
19002
19003
19013
19014
19015
19016
19028
19062
19066
19067
19068
19069
19071
19072
19073
19074
19075
19076
19077
19079
19080
19081
19082
19088
19089
19090
19092
19093
19094
19095
19096
19103
19104
19105
19106
19107
19108
19109
19111
19112
19113
19114
19115
19126
19127
19128
19129
19130
19133
19134
19135
19136
19137
19144
19145
19146
19152
19153
19160
19161
19171
19172
19173
19174
19175
19176
19177
19178
19179
19180
19181
19182
19183
19184
19211
19212
19243
19246
19247
19248
19274
19275
19296
19297
19298
19315
19316
19338
19339
19340
19341
19342
19343
19344
19345
19360
19361
19362
19382
19390
19391
19392
19393
19403
19404
19405
19406
19407
19408
19420
19421
19422
19423
19424
19425
19426
19427
19445
19446
19447
19458
19459
19460
19472
19473
19474
19475
19476
19477
19478
19503
19517
19586
19587
19588
19590
19591
19592
19593
19595
19596
19597
19598
19609
19610
19611
19612
19613
19614
19615
19616
19621
19622
19623
19624
19625
19626
19627
19628
19630
19631
19632
19635
19636
19637
19638
19639
19640
19641
19642
19647
19648
19681
19682
19683
19684
19691
19695
19705
19706
19707
19709
19710
19711
19712
19713
19714
19715
19716
19717
19718
19719
19720
19721
19728
19729
19730
19731
19732
19734
19735
19736
19737
19738
19740
19741
19744
19750
19751
19752
19753
19754
19755
19756
19758
19759
19760
19761
19762
19763
19764
19765
19766
19767
19771
19775
19776
19777
19778
19780
19786
19787
19788
19789
19790
19791
19792
19800
19801
19808
19809
19810
19811
19812
19813
19814
19816
19817
19818
19819
19820
19821
19822
19831
19832
19837
19838
19839
19840
19841
19842
19843
19852
19853
19854
19855
19856
19857
19858
19859
19860
19861
19862
19863
19875
19876
19877
19878
19879
19880
19881
19885
19886
19887
19890
19891
19892
19899
19900
19901
19902
19903
19904
19908
19909
19910
19911
19912
19913
19921
19922
19923
19924
19926
19927
19928
19929
19930
19931
19932
19940
19941
20070
20071
20072
20073
20074
20076
20077
20078
20079
20080
20081
20086
20087
20088
20091
20092
20093
20094
20095
20096
20097
20108
20109
20110
20111
20112
20113
20114
20115
20120
20121
20122
20131
20132
20133
20135
20136
20137
20145
20146
20147
20179
20180
20181
20182
20183
20184
20185
20186
20187
20213
20214
20215
20216
20217
20218
20219
20220
20228
20243
20244
20245
20246
20247
20248
20249
20250
20251
20252
20253
20254
20255
20256
20257
20258
20259
20260
20417
20418
20419
20422
20423
20424
20427
20428
20429
20430
20431
20432
20433
20434
20464
20477
20478
20479
20480
20481
20482
20483
20484
20485
20516
20540
20541
20542
20543
20544
20545
20546
20547
20568
20569
20616
20617
20618
20619
20620
20621
20622
20623
20628
20629
20630
20631
20632
20652
20654
20655
20656
20657
20658
20659
20660
20661
20662
20663
20664
20665
20667
20678
20686
20687
20688
20689
20690
20691
20692
20704
20705
20706
20707
20708
20713
20714
20715
20716
20717
20718
20733
20734
20735
20736
20737
20738
20741
20742
20743
20744
20745
20747
20748
20749
20750
20751
20759
20760
20761
20762
20763
20764
20775
20776
20777
20778
20779
20780
20782
20783
20784
20785
20786
20787
20788
20792
20793
20801
20803
20804
20805
20806
20807
20808
20809
20819
20820
20821
20822
20823
20824
20825
20826
20827
20837
20838
20839
20840
20841
20842
20843
20844
20848
20849
20850
20851
20852
20853
20854
20855
20863
20864
20865
20866
20867
20868
20869
20870
20871
20906
20918
20919
20920
20925
20929
20930
20931
20942
20943
20944
20945
20946
20947
20951
20952
20953
20954
20955
20956
20969
20970
20971
20972
20973
20974
20975
20976
20977
20978
20983
20984
20985
20986
20987
20988
20989
20996
20997
21004
21006
21007
21008
21009
21010
21011
21012
21013
21014
21015
21016
21017
21018
21019
21020
21028
21045
21047
21056
21073
21074
21075
21085
21086
21087
21095
21096
21097
21098
21099
21129
21130
21131
21133
21134
21135
21136
21137
21138
21139
21140
21141
21142
21144
21145
21146
21147
21149
21150
21151
21152
21153
21154
21155
21158
21164
21165
21166
21170
21171
21172
21173
21174
21175
21176
21177
21178
21179
21180
21190
21191
21192
21193
21197
21198
21199
21200
21201
21202
21203
21204
21206
21207
21208
21211
21212
21214
21215
21216
21217
21218
21219
21223
21224
21225
21226
21235
21237
21238
21243
21244
21245
21251
21257
21258
21259
21262
21263
21264
21265
21270
21271
21272
21273
21274
21275
21276
21277
21278
21279
21280
21287
21292
21293
21294
21295
21296
21297
21298
21299
21300
21301
21302
21311
21312
21313
21314
21315
21328
21346
21347
21348
21381
21382
21383
21384
21385
21386
21387
21388
21389
21390
21401
21445
21459
21460
21461
21462
21463
21471
21492
21493
21494
21495
21496
21497
21498
21499
21500
21501
21502
21511
21512
21513
21514
21515
21516
21517
21518
21529
21573
21574
21575
21576
21580
21585
21586
21590
21591
21594
21597
21598
21599
21600
21601
21602
21603
21611
21612
21613
21614
21615
21616
21617
21622
21623
21624
21625
21626
21629
21630
21631
21635
21636
21637
21638
21644
21647
21648
21649
21650
21651
21652
21653
21654
21655
21656
21660
21661
21662
21663
21664
21665
21666
21667
21671
21672
21673
21674
21675
21676
21677
21678
21679
21680
21686
21687
21688
21689
21690
21691
21692
21693
21694
21706
21707
21708
21709
21710
21717
21718
21719
21724
21726
21727
21728
21729
21730
21731
21738
21739
21740
21741
21742
21743
21746
21747
21748
21749
21750
21751
21752
21753
21754
21759
21760
21761
21764
21765
21766
21767
21768
21770
21777
21778
21791
21792
21793
21816
21817
21818
21819
21820
21821
21826
21854
21940
21941
21944
21945
21946
21947
21948
21949
21950
21951
21952
21953
21954
21955
21960
21961
21962
21963
21964
21967
21968
21969
21970
21974
21975
21976
21977
21988
21989
21990
21991
21992
21993
21994
22000
22001
22002
22003
22004
22005
22012
22013
22014
22015
22016
22022
22023
22024
22025
22032
22033
22034
22035
22036
22037
22038
22039
22040
22048
22051
22052
22053
22054
22055
22056
22057
22067
22068
22078
22079
22080
22081
22084
22085
22108
22118
22119
22120
22121
22122
22128
22129
22130
22131
22132
22133
22134
22135
22136
22137
22138
22139
22142
22147
22148
22149
22150
22151
22152
22153
22154
22155
22156
22166
22167
22168
22179
22181
22185
22192
22193
22194
22195
22196
22203
22207
22208
22209
22210
22213
22214
22215
22216
22217
22218
22219
22220
22221
22222
22226
22227
22228
22229
22230
22231
22240
22241
22242
22243
22244
22245
22246
22247
22248
22269
22277
22278
22279
22282
22283
22284
22285
22286
22287
22288
22289
22297
22298
22299
22300
22301
22302
22303
22304
22305
22314
22315
22316
22317
22326
22327
22328
22329
22330
22331
22332
22333
22334
22355
22356
22357
22366
22367
22373
22374
22375
22376
22385
22386
22387
22388
22389
22390
22391
22392
22393
22394
22395
22399
22402
22403
22404
22405
22434
22435
22444
22445
22446
22452
22483
22487
22488
22489
22490
22491
22492
22493
22518
22519
22520
22521
22522
22523
22580
22581
22594
22595
22596
22597
22598
22599
22600
22601
22602
22603
22604
22605
22606
22607
22608
22609
22610
22611
22615
22616
22617
22649
22650
22651
22652
22653
22654
22655
22656
22657
22658
22659
22660
22661
22662
22669
22670
22671
22672
22705
22706
22707
22708
22709
22742
22746
22755
22756
22757
22775
22776
22777
22809
22810
22811
22812
22815
22816
22817
22818
22822
22823
22824
22825
22859
22860
22861
22862
22863
22864
22865
22866
22867
22868
22869
22872
22873
22874
22875
22879
22880
22883
22884
22885
22886
22887
22888
22889
22893
22895
22902
22903
22905
22906
22907
22908
22909
22910
22911
22912
22913
22945
22946
22947
22988
22989
22990
22991
22992
22993
22999
23000
23044
23045
23046
23047
23098
23099
23100
23109
23121
23124
23125
23126
23128
23129
23130
23131
23132
23133
23134
23135
23137
23138
23139
23140
23141
23142
23158
23159
23160
23161
23210
23211
23214
23215
23216
23217
23218
23219
23230
23231
23232
23233
23234
23235
23236
23238
23244
23245
23272
23273
23274
23275
23276
23277
23278
23279
23280
23281
23282
23283
23284
23285
23286
23287
23288
23289
23290
23291
23292
23293
23357
23358
23359
23360
23361
23362
23363
23364
23365
23382
23408
23422
23423
23424
23437
23438
23439
23440
23441
23442
23443
23444
23445
23446
23447
23448
23449
23450
23451
23454
23455
23456
23463
23468
23469
23472
23473
23474
23475
23476
23477
23478
23479
23485
23486
23487
23488
23489
23490
23491
23492
23518
23519
23520
23521
23533
23534
23539
23548
23549
23597
23598
23599
23600
23601
23602
23644
23645
23646
23647
23648
23649
23650
23676
23677
23678
23679
23691
23692
23695
23696
23698
23699
23701
23702
23710
23711
23713
23714
23715
23716
23717
23718
23723
23724
23725
23726
23727
23729
23730
23731
23732
23733
23734
23735
23741
23746
23766
23767
23768
23770
23774
23775
23776
23809
23810
23811
23812
23850
23851
23852
23853
23854
23855
23856
23857
23858
23859
23861
23862
23863
23864
23865
23866
23867
23868
23869
23870
23893
23939
23940
23993
23994
23995
23996
23997
24007
24008
24009
24010
24011
24012
24038
24039
24040
24043
24046
24047
24048
24049
24054
24058
24063
24064
24065
24066
24067
24069
24070
24071
24072
24075
24076
24114
24115
24116
24127
24128
24129
24130
24131
24132
24133
24134
24135
24136
24137
24140
24141
24161
24162
24163
24164
24165
24166
24167
24168
24169
24181
24182
24183
24184
24185
24193
24194
24195
24196
24197
24198
24199
24200
24201
24206
24207
24240
24241
24245
24246
24247
24248
24249
24250
24251
24252
24254
24260
24261
24262
24263
24264
24265
24272
24298
24299
24300
24301
24302
24313
24321
24322
24323
24354
24371
24372
24373
24383
24384
24385
24386
24387
24388
24389
24390
24391
24392
24406
24407
24408
24409
24415
24416
24417
24418
24428
24429
24430
24431
24432
24433
24464
24465
24466
24467
24468
24469
24472
24473
24474
24475
24477
24485
24486
24504
24505
24506
24513
24514
24515
24516
24518
24519
24520
24521
24522
24543
24544
24545
24546
24547
24548
24549
24583
24584
24591
24593
24594
24595
24596
24597
24602
24603
24604
24617
24618
24619
24620
24621
24622
24626
24628
24651
24656
24657
24658
24659
24660
24661
24662
24663
24664
24665
24666
24667
24668
24669
24723
24724
24725
24726
24727
24728
24729
24730
24731
24732
24733
24734
24735
24736
24737
24738
24739
24753
24754
24776
24777
24778
24779
24780
24783
24784
24785
24786
24787
24792
24804
24805
24806
24807
24810
24820
24822
24825
24826
24829
24830
24831
24848
24849
24851
24852
24859
24874
24896
24897
24919
24920
24921
24922
24924
24925
24926
24927
24933
24934
24935
24936
24937
24938
24939
24940
24942
24943
24944
24945
24946
24947
24948
24949
24950
24951
24952
24953
24967
25001
25002
25003
25004
25005
25015
25016
25017
25018
25019
25028
25053
25054
25055
25056
25057
25058
25059
25060
25061
25079
25080
25081
25082
25083
25084
25085
25086
25087
25123
25129
25130
25131
25132
25133
25134
25135
25136
25137
25138
25139
25141
25142
25143
25144
25145
25146
25147
25148
25149
25150
25151
25152
25153
25154
25161
25162
25172
25173
25174
25175
25176
25177
25178
25179
25181
25227
25228
25229
25230
25231
25232
25233
25234
25235
25264
25265
25266
25267
25268
25269
25270
25271
25272
25273
25274
25287
25288
25289
25313
25314
25315
25316
25317
25318
25319
25320
25321
25322
25323
25332
25333
25334
25335
25336
25337
25338
25339
25340
25341
25342
25343
25344
25345
25346
25347
25348
25349
25350
25351
25363
25431
25432
25433
25437
25438
25439
25440
25441
25442
25453
25454
25455
25458
25459
25460
25461
25462
25463
25464
25465
25466
25467
25468
25469
25470
25471
25472
25486
25496
25497
25498
25499
25500
25501
25502
25503
25504
25505
25506
25507
25509
25513
25514
25515
25516
25517
25518
25519
25520
25521
25522
25523
25527
25528
25529
25530
25531
25532
25533
25534
25535
25536
25537
25542
25543
25544
25552
25554
25556
25564
25565
25566
25567
25568
25569
25570
25571
25572
25573
25574
25575
25576
25577
25578
25579
25580
25581
25582
25583
25584
25585
25586
25587
25588
25589
25590
25600
25630
25641
25642
25643
25644
25645
25646
25647
25648
25649
25651
25658
25661
25663
25671
25672
25691
25725
25726
25727
25739
25740
25741
25742
25743
25744
25745
25746
25754
25755
25756
25790
25791
25792
25793
25794
25795
25796
25803
25804
25809
25810
25812
25813
25817
25818
25819
25820
25821
25822
25823
25824
25825
25826
25827
25828
25829
25830
25831
25832
25842
25843
25844
25845
25846
25852
25884
25889
25890
25906
25907
25998
25999
26000
26009
26010
26011
26012
26013
26014
26015
26016
26017
26018
26019
26020
26021
26022
26045
26046
26047
26048
26055
26056
26057
26060
26061
26062
26063
26083
26086
26093
26094
26095
26104
26128
26129
26130
26131
26132
26133
26134
26135
26136
26137
26138
26167
26168
26187
26188
26203
26204
26205
26206
26208
26219
26220
26234
26235
26236
26237
26238
26239
26240
26241
26242
26243
26244
26245
26246
26247
26248
26249
26250
26251
26252
26253
26254
26255
26256
26257
26258
26260
26261
26262
26264
26282
26309
26337
26338
26339
26340
26341
26342
26343
26344
26345
26346
26347
26348
26349
26350
26351
26352
26353
26354
26355
26390
26391
26392
26393
26394
26395
26396
26397
26435
26436
26437
26438
26439
26440
26441
26464
26465
26497
26498
26499
26500
26501
26502
26503
26504
26505
26506
26507
26508
26509
26510
26511
26512
26513
26514
26515
26516
26517
26518
26519
26532
26533
26534
26535
26545
26546
26601
26603
26604
26605
26620
26621
26622
26623
26624
26625
26626
26627
26628
26629
26630
26631
26632
26633
26634
26654
26655
26659
26660
26661
26676
26677
26678
26679
26680
26681
26682
26683
26684
26685
26686
26687
26688
26689
26690
26691
26692
26693
26694
26729
26730
26731
26732
26733
26734
26751
26752
26753
26754
26755
26756
26757
26765
26766
26768
26769
26770
26771
26772
26773
26774
26775
26776
26797
26798
26799
26800
26801
26802
26803
26804
26813
26814
26815
