32
33
34
35
36
37
40
41
42
44
45
46
48
50
51
78
79
80
81
82
83
84
85
86
88
89
90
91
92
94
95
96
98
102
196
197
198
199
200
201
202
203
204
205
206
207
208
209
210
211
212
213
214
215
216
217
218
219
220
221
222
223
224
225
226
227
228
229
230
231
232
233
234
235
236
237
238
239
240
371
372
373
374
375
376
377
378
380
381
382
383
384
385
386
387
388
389
390
391
392
393
394
395
396
397
398
399
401
402
403
404
405
406
407
408
409
410
411
412
413
414
415
416
539
541
542
543
544
545
546
547
548
549
550
551
552
553
554
555
556
557
558
559
560
561
562
563
564
565
566
567
568
569
570
571
572
573
574
575
576
577
578
579
580
761
762
763
764
765
766
767
768
769
770
771
772
773
774
775
776
777
778
779
780
781
782
783
785
786
787
788
789
790
791
792
794
795
796
797
798
799
929
930
932
933
935
936
939
942
943
944
945
946
977
978
979
980
983
984
985
986
988
989
990
991
992
993
999
1000
1001
1002
1003
1005
1006
1007
1008
1009
1010
1011
1012
1014
1015
1016
1075
1076
1077
1078
1079
1080
1081
1082
1083
1084
1085
1086
1087
1088
1089
1090
1091
1092
1093
1094
1095
1096
1097
1098
1099
1100
1101
1102
1103
1104
1105
1106
1107
1108
1109
1110
1111
1112
1113
1114
1115
1117
1235
1236
1238
1239
1241
1242
1243
1244
1245
1246
1248
1249
1250
1251
1252
1253
1254
1255
1256
1257
1259
1260
1261
1262
1263
1264
1265
1266
1267
1268
1269
1270
1271
1272
1273
1274
1275
1277
1278
1279
1280
1281
1400
1401
1402
1403
1404
1405
1406
1407
1408
1409
1410
1411
1412
1413
1414
1415
1416
1417
1418
1419
1420
1421
1422
1423
1424
1425
1426
1427
1428
1429
1430
1431
1432
1433
1434
1435
1436
1437
1438
1439
1440
1441
1442
1621
1622
1623
1624
1625
1626
1627
1628
1629
1630
1631
1632
1633
1634
1635
1636
1637
1638
1639
1640
1641
1642
1643
1644
1645
1768
1770
1771
1773
1774
1775
1776
1778
1779
1780
1781
1783
1784
1816
1817
1818
1819
1820
1821
1822
1823
1824
1825
1826
1827
1828
1829
1830
1831
1832
1833
1834
1836
1837
1838
1839
1840
1841
1843
1844
1845
1846
1847
1848
1882
1884
1885
1886
1887
1888
1889
1890
1891
1892
1893
1894
1897
1898
1899
1900
1902
1983
1984
1985
1986
1987
1988
1989
1990
1991
1992
1993
1994
1995
1996
1997
1998
1999
2000
2001
2002
2003
2004
2005
2006
2007
2008
2009
2011
2012
2013
2014
2015
2016
2017
2018
2019
2020
2022
2023
2024
2025
2026
2027
2162
2164
2166
2167
2168
2169
2170
2171
2172
2173
2174
2175
2176
2177
2178
2179
2180
2181
2182
2184
2185
2186
2187
2188
2189
2190
2191
2192
2193
2194
2195
2196
2197
2199
2200
2201
2202
2204
2205
2206
2321
2322
2323
2324
2325
2326
2327
2328
2330
2331
2332
2334
2335
2336
2337
2338
2339
2341
2342
2343
2344
2345
2346
2347
2348
2349
2350
2351
2352
2353
2354
2355
2356
2357
2358
2359
2360
2361
2362
2363
2364
2365
2541
2542
2543
2544
2545
2546
2547
2548
2549
2550
2551
2552
2553
2554
2555
2556
2557
2558
2559
2560
2561
2562
2564
2565
2567
2568
2569
2570
2572
2573
2574
2575
2576
2577
2688
2689
2690
2691
2693
2694
2696
2698
2699
2701
2704
2707
2708
2713
2714
2719
2720
2721
2722
2723
2724
2725
2739
2740
2741
2745
2761
2762
2765
2767
2768
2769
2778
2779
2780
2781
2803
2804
2805
2806
2807
2810
2813
2818
2819
2820
2821
2848
2849
2850
2851
2852
2853
2854
2855
2856
2857
2858
2859
2860
2861
2863
2864
2865
2866
2867
2870
2872
2873
2874
2876
2877
2878
2950
2951
2952
2953
2955
2956
2957
2958
2959
2960
2961
2962
2964
2965
2966
2968
2970
2971
2972
2973
2974
2975
2977
2978
3053
3054
3055
3056
3060
3061
3062
3063
3064
3065
3066
3067
3068
3069
3070
3071
3072
3073
3074
3075
3076
3077
3078
3079
3080
3081
3082
3083
3084
3085
3174
3175
3176
3177
3178
3179
3180
3181
3182
3183
3184
3185
3186
3187
3188
3189
3190
3191
3192
3254
3257
3259
3261
3264
3276
3303
3304
3305
3308
3309
3310
3312
3313
3316
3317
3318
3319
3320
3321
3322
3323
3324
3325
3326
3327
3328
3329
3330
3358
3359
3360
3366
3446
3447
3448
3449
3450
3451
3452
3453
3454
3455
3456
3457
3458
3459
3460
3461
3463
3464
3465
3466
3467
3468
3469
3473
3474
3475
3476
3477
3478
3480
3481
3482
3484
3485
3486
3487
3617
3618
3621
3623
3624
3625
3626
3627
3629
3630
3631
3632
3633
3635
3636
3638
3639
3640
3642
3643
3644
3645
3648
3649
3650
3651
3652
3653
3654
3655
3656
3755
3758
3759
3760
3764
3765
3766
3767
3768
3770
3772
3774
3775
3776
3777
3778
3779
3780
3781
3782
3783
3784
3785
3786
3787
3788
3789
3790
3791
3792
3793
3794
3795
3950
3951
3952
3953
3954
3955
3956
3957
3958
3959
3960
3961
3962
3963
3964
3965
3966
3967
3968
3969
3971
3972
3975
3977
4078
4080
4081
4082
4083
4085
4103
4104
4114
4146
4147
4148
4149
4150
4151
4152
4153
4154
4155
4156
4157
4158
4159
4245
4247
4248
4249
4255
4258
4339
4342
4345
4346
4348
4349
4350
4352
4353
4354
4356
4357
4358
4359
4360
4361
4364
4365
4366
4456
4457
4459
4460
4462
4464
4465
4466
4470
4471
4472
4531
4533
4550
4551
4553
4554
4556
4562
4563
4564
4565
4566
4567
4571
4572
4574
4575
4609
4610
4611
4612
4613
4614
4615
4616
4618
4619
4620
4621
4622
4623
4624
4625
4626
4627
4628
4629
4630
4631
4632
4633
4634
4635
4637
4638
4639
4640
4641
4642
4644
4645
4646
4738
4739
4740
4743
4744
4745
4752
4753
4755
4756
4757
4758
4760
4761
4762
4764
4766
4767
4768
4854
4855
4857
4858
4859
4860
4861
4862
4866
4867
4868
4869
4870
4871
4872
4873
4874
4875
4876
4877
4878
4879
4880
4881
4882
4883
4884
4885
4887
4888
4889
4890
4891
4892
4893
4894
5017
5018
5019
5020
5021
5022
5023
5024
5025
5026
5027
5028
5029
5030
5031
5032
5033
5034
5035
5037
5038
5039
5119
5120
5122
5123
5124
5126
5129
5131
5154
5159
5161
5162
5163
5195
5196
5198
5199
5200
5201
5202
5203
5204
5205
5206
5207
5208
5209
5211
5212
5213
5214
5215
5216
5218
5219
5221
5222
5223
5225
5226
5228
5230
5298
5300
5301
5302
5303
5304
5305
5306
5307
5309
5314
5315
5318
5319
5320
5323
5324
5400
5401
5402
5403
5404
5405
5406
5407
5408
5410
5411
5413
5414
5415
5416
5417
5418
5419
5420
5421
5422
5423
5424
5425
5427
5428
5429
5430
5535
5536
5537
5538
5539
5540
5541
5542
5543
5544
5545
5546
5547
5548
5549
5550
5551
5553
5554
5555
5556
5631
5632
5633
5635
5638
5640
5641
5674
5675
5704
5705
5707
5708
5710
5728
5729
5766
5767
5768
5769
5770
5771
5772
5773
5774
5775
5777
5778
5779
5780
5781
5784
5785
5788
5790
5792
5794
5796
5797
5798
5878
5884
5885
5891
5893
5894
5971
5972
5975
5976
5978
5980
5981
5983
5984
5986
5987
5988
5990
5991
5992
5993
5996
5997
5999
6000
6002
6098
6100
6101
6102
6103
6104
6105
6107
6109
6110
6111
6112
6114
6115
6118
6187
6188
6191
6196
6222
6224
6225
6226
6235
6237
6240
6241
6286
6287
6288
6291
6293
6296
6297
6299
6300
6302
6303
6304
6307
6371
6372
6373
6374
6377
6381
6382
6385
6386
6388
6441
6444
6445
6446
6447
6448
6449
6450
6451
6452
6454
6455
6456
6457
6509
6511
6513
6516
6519
6521
6523
6529
6530
6570
6602
6603
6604
6605
6606
6607
6608
6610
6614
6615
6616
6618
6621
6624
6649
6650
6651
6652
6653
6654
6655
6656
6657
6658
6659
6660
6661
6662
6663
6664
6665
6666
6667
6668
6669
6670
6671
6672
6762
6763
6764
6765
6766
6767
6768
6769
6770
6771
6772
6773
6774
6775
6776
6777
6778
6779
6780
6781
6782
6783
6784
6786
6787
6788
6789
6790
6791
6792
6793
6794
6795
6797
6798
6800
6801
6802
6803
6934
6935
6937
6938
6940
6941
6942
6943
6944
6945
6946
6947
6948
6949
6950
6951
6952
6953
6955
6956
6957
6958
6959
6960
6963
6964
6965
6968
6969
6970
6971
6972
6973
6974
6975
6976
6977
6978
6979
6980
7093
7095
7096
7097
7098
7099
7101
7104
7105
7106
7107
7108
7109
7110
7111
7112
7113
7114
7115
7116
7117
7118
7119
7120
7121
7122
7123
7124
7125
7126
7127
7128
7129
7130
7131
7132
7133
7134
7278
7279
7280
7281
7282
7283
7284
7285
7287
7288
7289
7290
7291
7292
7293
7294
7295
7296
7297
7298
7299
7301
7302
7414
7415
7418
7419
7420
7425
7426
7427
7429
7454
7455
7456
7457
7458
7459
7460
7461
7467
7468
7470
7471
7472
7473
7475
7477
7478
7479
7480
7538
7539
7540
7541
7542
7543
7544
7545
7546
7547
7548
7549
7550
7551
7552
7553
7554
7555
7556
7557
7558
7559
7560
7561
7562
7563
7564
7565
7566
7567
7568
7569
7570
7571
7572
7574
7575
7576
7578
7677
7679
7680
7681
7683
7684
7685
7686
7687
7688
7689
7690
7691
7692
7693
7694
7695
7696
7697
7698
7699
7700
7701
7702
7703
7704
7705
7706
7707
7708
7709
7710
7711
7712
7714
7715
7716
7717
7718
7719
7720
7817
7818
7819
7820
7822
7823
7824
7825
7826
7828
7829
7830
7831
7832
7833
7834
7835
7836
7837
7838
7839
7840
7841
7842
7843
7844
7845
7846
7847
7848
7849
7850
7851
7852
7853
7854
7855
7856
7857
7858
7859
7944
7945
8003
8004
8005
8006
8007
8008
8009
8010
8011
8013
8014
8015
8016
8017
8018
8019
8020
8021
8022
8023
8024
8025
8026
8027
8122
8123
8124
8125
8126
8127
8129
8130
8131
8132
8164
8165
8166
8167
8168
8169
8170
8172
8173
8174
8175
8176
8177
8178
8179
8180
8182
8183
8184
8185
8186
8187
8188
8189
8191
8192
8193
8195
8197
8198
8228
8229
8230
8231
8232
8233
8235
8236
8237
8238
8239
8240
8242
8243
8244
8245
8246
8248
8251
8252
8253
8367
8368
8369
8370
8371
8372
8373
8374
8375
8376
8377
8378
8379
8380
8381
8382
8383
8385
8386
8387
8388
8389
8390
8391
8392
8393
8394
8395
8396
8397
8398
8399
8400
8401
8402
8403
8404
8405
8406
8407
8408
8409
8411
8567
8568
8570
8571
8572
8573
8574
8575
8576
8577
8578
8579
8580
8581
8582
8583
8584
8585
8586
8587
8588
8590
8591
8592
8593
8595
8596
8598
8599
8600
8601
8602
8603
8604
8605
8606
8607
8609
8610
8737
8738
8739
8740
8741
8742
8743
8744
8745
8746
8747
8748
8749
8750
8751
8752
8753
8754
8755
8756
8757
8759
8760
8761
8762
8763
8764
8765
8766
8767
8768
8769
8770
8771
8772
8773
8774
8775
8776
8778
8779
8780
8781
8782
8886
8887
8969
8970
8971
8972
8973
8974
8975
8976
8977
8978
8979
8980
8981
8982
8983
8984
8985
8986
8987
8988
8989
8990
8991
8992
8993
8995
8997
8998
8999
9001
9002
9003
9004
9005
9006
9007
9131
9132
9133
9134
9135
9136
9137
9138
9139
9142
9143
9144
9152
9153
9154
9194
9195
9196
9197
9198
9199
9200
9202
9203
9204
9205
9207
9208
9209
9210
9211
9212
9213
9214
9215
9232
9234
9235
9237
9238
9239
9240
9241
9242
9243
9244
9245
9246
9247
9248
9249
9250
9251
9252
9253
9358
9359
9360
9361
9362
9363
9364
9365
9366
9367
9368
9369
9370
9371
9372
9373
9374
9375
9376
9377
9378
9379
9380
9381
9382
9383
9384
9385
9386
9387
9388
9389
9390
9391
9392
9393
9394
9395
9396
9397
9398
9399
9400
9401
9402
9544
9546
9548
9549
9550
9551
9552
9553
9554
9555
9556
9557
9558
9560
9561
9562
9563
9564
9565
9566
9567
9568
9569
9570
9571
9572
9573
9574
9575
9576
9577
9578
9579
9580
9581
9582
9583
9584
9585
9586
9587
9588
9589
9591
9592
9723
9724
9725
9726
9727
9728
9729
9730
9731
9732
9733
9734
9735
9736
9737
9738
9739
9740
9741
9742
9743
9744
9745
9746
9747
9748
9749
9750
9751
9752
9753
9754
9755
9756
9757
9758
9759
9760
9761
9762
9763
9764
9765
9766
9767
9768
9894
9895
9986
9987
9988
9989
9990
9991
9992
9993
9994
9995
9996
9997
9998
9999
10000
10001
10002
10003
10004
10005
10006
10007
10008
10009
10010
10011
10012
10014
10015
10016
10162
10164
10165
10166
10167
10169
10170
10172
10174
10176
10177
10178
10179
10180
10182
10186
10187
10193
10197
10202
10204
10205
10232
10236
10241
10243
10245
10246
10253
10254
10256
10257
10259
10260
10262
10264
10265
10266
10267
10268
10269
10271
10348
10349
10350
10351
10352
10354
10355
10356
10357
10358
10359
10360
10361
10362
10364
10365
10366
10367
10368
10369
10370
10371
10374
10375
10377
10378
10379
10380
10382
10384
10385
10386
10387
10388
10513
10514
10515
10516
10518
10519
10521
10522
10523
10526
10528
10530
10532
10533
10534
10535
10536
10537
10538
10539
10540
10541
10542
10543
10544
10546
10548
10550
10651
10652
10653
10654
10655
10657
10658
10659
10660
10662
10663
10665
10666
10668
10669
10670
10671
10672
10673
10674
10675
10676
10677
10678
10679
10680
10681
10682
10683
10684
10685
10686
10687
10688
10689
10690
10691
10692
10693
10850
10851
10852
10853
10854
10855
10856
10857
10858
10859
10860
10861
10862
10863
10864
10865
10866
10867
10868
10869
10870
10871
10872
10873
10876
10877
10989
10990
10994
10997
10998
10999
11001
11004
11005
11007
11012
11019
11020
11021
11025
11029
11030
11035
11053
11055
11059
11062
11121
11125
11128
11130
11131
11132
11134
11136
11137
11138
11140
11143
11147
11149
11228
11231
11234
11235
11236
11237
11240
11243
11244
11309
11312
11314
11317
11318
11319
11320
11322
11323
11324
11325
11326
11330
11409
11410
11411
11412
11414
11415
11416
11417
11418
11419
11420
11421
11423
11465
11466
11480
11482
11521
11523
11524
11525
11528
11532
11534
11535
11540
11544
11628
11638
11642
11643
11645
11648
11729
11731
11736
11739
11744
11747
11749
11750
11751
11753
11755
11846
11847
11849
11850
11851
11852
11854
11856
11857
11858
11859
11860
11862
11863
11864
11865
11866
11924
11926
11927
11928
11931
11935
11937
11938
11939
11941
11942
11954
11955
11974
11975
11976
11978
11980
11981
11998
11999
12002
12003
12019
12034
12036
12043
12045
12047
12048
12049
12052
12053
12091
12092
12093
12094
12095
12096
12097
12098
12099
12100
12101
12102
12103
12104
12105
12106
12107
12108
12109
12111
12112
12113
12114
12115
12117
12118
12119
12194
12196
12197
12199
12201
12202
12203
12204
12205
12207
12208
12211
12212
12213
12214
12216
12283
12284
12285
12286
12287
12288
12289
12291
12292
12293
12295
12296
12297
12298
12299
12301
12302
12303
12304
12305
12306
12307
12308
12309
12312
12313
12314
12315
12404
12405
12406
12407
12408
12409
12410
12412
12413
12414
12415
12416
12417
12418
12419
12420
12421
12422
12423
12424
12478
12480
12481
12482
12510
12512
12514
12515
12516
12517
12518
12519
12520
12521
12522
12524
12527
12528
12529
12530
12531
12532
12534
12535
12549
12550
12551
12552
12553
12554
12555
12556
12557
12559
12560
12561
12563
12564
12565
12566
12567
12568
12569
12570
12571
12573
12660
12661
12662
12663
12664
12665
12666
12667
12668
12669
12670
12671
12672
12673
12674
12675
12676
12677
12678
12679
12681
12682
12683
12684
12685
12686
12687
12688
12689
12690
12691
12692
12693
12694
12695
12696
12697
12698
12699
12700
12701
12702
12703
12704
12856
12857
12858
12859
12860
12861
12862
12863
12865
12866
12867
12868
12869
12870
12871
12872
12873
12874
12875
12876
12877
12878
12879
12880
12881
12882
12883
12884
12885
12886
12887
12888
12889
12890
12891
12892
12893
12894
12895
12896
12897
12898
12900
12901
12902
12903
12904
13037
13038
13039
13040
13041
13042
13043
13044
13045
13046
13047
13048
13049
13050
13051
13052
13053
13054
13055
13056
13057
13058
13059
13060
13061
13062
13063
13064
13065
13066
13067
13068
13069
13070
13071
13072
13073
13074
13075
13076
13077
13078
13079
13080
13081
13082
13083
13291
13292
13293
13294
13295
13296
13297
13298
13299
13300
13301
13302
13303
13304
13305
13306
13307
13308
13309
13310
13311
13313
13314
13315
13462
13463
13464
13466
13467
13468
13469
13470
13473
13474
13475
13477
13478
13479
13480
13500
13507
13508
13509
13510
13511
13515
13538
13539
13540
13541
13542
13544
13545
13546
13547
13549
13550
13551
13553
13555
13557
13559
13560
13563
13564
13567
13568
13569
13631
13633
13634
13635
13639
13642
13643
13645
13648
13649
13711
13712
13713
13714
13715
13718
13720
13722
13723
13725
13726
13727
13728
13730
13731
13732
13733
13734
13736
13737
13738
13739
13740
13741
13809
13810
13811
13812
13813
13814
13815
13816
13818
13819
13820
13821
13822
13823
13825
13827
13883
13884
13885
13887
13890
13892
13893
13895
13899
13901
13905
13918
13920
13923
13938
13956
13957
13958
13959
13962
13976
13977
13992
13993
13997
13998
14000
14002
14029
14073
14077
14079
14080
14111
14112
14113
14114
14115
14116
14117
14118
14120
14121
14149
14153
14155
14156
14157
14167
14178
14179
14180
14190
14191
14214
14215
14225
14226
14228
14229
14230
14263
14264
14265
14269
14299
14303
14306
14307
14333
14334
14335
14351
14356
14360
14387
14388
14389
14390
14391
14392
14393
14397
14399
14400
14401
14402
14403
14404
14405
14407
14409
14431
14432
14435
14436
14438
14439
14441
14520
14521
14522
14523
14524
14525
14526
14527
14528
14529
14530
14531
14532
14533
14534
14535
14536
14537
14538
14539
14540
14541
14542
14545
14546
14547
14548
14549
14550
14552
14554
14555
14556
14557
14558
14559
14682
14685
14686
14687
14688
14689
14690
14691
14692
14693
14694
14695
14696
14697
14699
14700
14701
14702
14703
14705
14706
14708
14709
14710
14711
14713
14715
14717
14719
14720
14722
14723
14724
14817
14818
14819
14820
14822
14823
14824
14826
14827
14828
14830
14831
14832
14835
14837
14838
14839
14840
14841
14842
14843
14844
14845
14846
14847
14848
14849
14850
14851
14852
14853
14854
14855
14981
14982
14983
14984
14985
14986
14987
14988
14989
14990
14991
14992
14993
14994
14995
14996
14997
14998
14999
15000
15001
15003
15004
15006
15098
15100
15101
15103
15105
15108
15109
15117
15122
15124
15125
15126
15127
15128
15129
15130
15140
15161
15162
15164
15166
15169
15171
15204
15205
15206
15207
15208
15209
15210
15211
15214
15215
15216
15218
15219
15220
15221
15222
15223
15225
15227
15228
15233
15234
15308
15309
15310
15312
15313
15314
15316
15317
15318
15319
15321
15322
15324
15325
15326
15387
15389
15392
15394
15395
15396
15397
15398
15399
15401
15402
15404
15405
15406
15407
15408
15409
15410
15411
15412
15499
15500
15501
15502
15503
15504
15505
15506
15507
15508
15509
15511
15512
15514
15515
15516
15517
15559
15562
15563
15566
15567
15568
15569
15570
15580
15581
15583
15587
15595
15596
15633
15635
15636
15637
15638
15639
15640
15641
15642
15643
15644
15645
15646
15647
15648
15649
15650
15651
15653
15654
15656
15657
15658
15659
15660
15662
15664
15665
15666
15667
15668
15714
15715
15716
15717
15718
15721
15722
15723
15724
15725
15726
15727
15728
15729
15730
15731
15733
15734
15737
15739
15742
15743
15850
15851
15852
15853
15854
15855
15856
15857
15858
15859
15860
15861
15862
15863
15864
15865
15866
15867
15868
15869
15870
15871
15872
15873
15874
15875
15876
15877
15878
15879
15880
15882
15883
15884
15885
15887
15888
15889
15890
15891
16049
16050
16051
16052
16053
16054
16055
16056
16057
16058
16059
16060
16061
16062
16063
16064
16065
16066
16067
16068
16069
16070
16071
16073
16074
16075
16076
16078
16079
16080
16081
16082
16083
16084
16085
16086
16087
16088
16089
16090
16091
16092
16093
16094
16218
16219
16220
16221
16223
16224
16225
16226
16227
16228
16229
16230
16231
16232
16233
16234
16235
16236
16238
16239
16241
16242
16243
16244
16245
16246
16247
16248
16249
16250
16251
16252
16253
16254
16255
16256
16257
16258
16259
16260
16261
16262
16263
16264
16265
16266
16457
16458
16459
16460
16461
16462
16463
16464
16465
16466
16467
16468
16469
16470
16471
16472
16473
16474
16475
16476
16477
16478
16479
16480
16481
16482
16485
16487
16488
16489
16490
16615
16618
16619
16620
16621
16622
16624
16625
16626
16629
16630
16631
16632
16633
16634
16635
16646
16647
16648
16658
16659
16667
16671
16676
16682
16685
16686
16697
16701
16703
16707
16722
16723
16724
16732
16733
16735
16737
16738
16743
16744
16745
16746
16793
16794
16795
16796
16797
16798
16799
16801
16802
16803
16805
16806
16807
16808
16809
16810
16811
16812
16813
16814
16815
16816
16818
16819
16821
16825
16826
16827
16828
16925
16927
16928
16929
16930
16931
16932
16933
16934
16935
16936
16937
16939
16941
16942
16944
16946
16948
16949
16950
16951
16952
16953
16954
16955
16956
16957
16958
17036
17037
17039
17040
17041
17044
17045
17046
17048
17049
17050
17051
17052
17053
17054
17056
17057
17058
17059
17060
17062
17063
17064
17065
17066
17068
17069
17070
17073
17074
17201
17202
17203
17204
17205
17206
17207
17208
17209
17210
17211
17212
17214
17215
17216
17217
17219
17220
17221
17222
17223
17301
17303
17305
17314
17336
17337
17338
17339
17342
17343
17345
17347
17358
17359
17360
17361
17362
17363
17364
17365
17366
17367
17368
17369
17371
17373
17436
17437
17438
17439
17440
17441
17442
17443
17444
17445
17446
17447
17448
17449
17450
17451
17452
17453
17454
17455
17456
17457
17458
17459
17461
17462
17463
17464
17465
17466
17467
17469
17470
17471
17473
17474
17475
17477
17478
17599
17600
17601
17602
17605
17606
17609
17610
17611
17615
17616
17617
17618
17619
17620
17621
17622
17623
17624
17625
17626
17627
17628
17629
17630
17631
17633
17634
17733
17735
17736
17738
17739
17741
17743
17744
17745
17746
17748
17751
17752
17753
17754
17755
17756
17757
17758
17760
17761
17762
17763
17764
17765
17766
17767
17768
17769
17770
17771
17772
17773
17774
17868
17937
17938
17939
17940
17941
17942
17943
17944
17945
17946
17947
17948
17949
17950
17951
17952
17953
17954
17955
17956
17957
17958
17959
17961
17962
17963
18066
18069
18070
18074
18076
18081
18099
18103
18134
18135
18136
18137
18138
18139
18140
18141
18142
18143
18144
18145
18146
18147
18148
18151
18152
18153
18154
18156
18157
18158
18159
18234
18236
18238
18239
18240
18246
18248
18250
18251
18254
18313
18314
18315
18317
18318
18319
18321
18322
18323
18324
18326
18327
18328
18329
18331
18333
18334
18335
18336
18337
18338
18339
18341
18346
18425
18426
18428
18429
18430
18431
18433
18435
18437
18438
18440
18442
18443
18495
18496
18499
18524
18525
18526
18527
18528
18530
18533
18534
18538
18539
18552
18557
18560
18561
18563
18564
18637
18638
18640
18641
18643
18644
18645
18646
18647
18648
18649
18650
18652
18653
18654
18655
18656
18657
18658
18659
18660
18661
18663
18666
18667
18668
18669
18670
18672
18673
18676
18677
18779
18781
18785
18789
18793
18796
18799
18800
18801
18804
18805
18806
18807
18808
18809
18811
18812
18813
18815
18910
18911
18913
18914
18915
18922
18923
18930
18932
18933
18935
18936
18938
18939
18940
18941
18942
18943
18944
18945
19079
19080
19081
19082
19083
19084
19085
19086
19087
19088
19089
19090
19091
19092
19093
19094
19095
19096
19097
19098
19099
19100
19101
19102
19103
19198
19203
19207
19208
19210
19224
19225
19228
19229
19232
19234
19237
19241
19242
19246
19283
19285
19287
19288
19289
19290
19291
19292
19293
19294
19295
19296
19297
19298
19299
19300
19301
19302
19303
19304
19305
19310
19311
19313
19316
19320
19415
19417
19419
19424
19426
19427
19430
19434
19439
19441
19442
19443
19525
19526
19532
19533
19535
19538
19540
19541
19542
19543
19544
19547
19549
19550
19551
19552
19553
19554
19555
19556
19557
19559
19560
19561
19562
19563
19564
19565
19667
19668
19669
19670
19672
19673
19674
19675
19676
19677
19678
19679
19680
19682
19683
19684
19685
19686
19687
19688
19689
19690
19775
19778
19782
19783
19789
19790
19795
19796
19799
19800
19802
19803
19811
19830
19831
19835
19836
19837
19839
19840
19842
19843
19844
19875
19876
19877
19878
19880
19881
19882
19883
19884
19885
19887
19888
19889
19890
19891
19892
19893
19894
19895
19896
19897
19898
19899
19900
19901
19902
19903
19905
19981
19982
19983
19984
19985
19986
19988
19989
19990
19991
19992
19993
19994
19996
19997
19999
20000
20001
20002
20006
20007
20008
20084
20085
20086
20087
20088
20089
20090
20091
20092
20093
20094
20095
20096
20097
20098
20099
20100
20101
20102
20103
20104
20105
20106
20107
20108
20109
20110
20111
20112
20113
20114
20115
20116
20212
20213
20214
20215
20216
20217
20218
20221
20222
20223
20224
20225
20226
20227
20228
20229
20230
20231
20232
20292
20293
20296
20297
20298
20299
20302
20303
20328
20329
20330
20331
20332
20333
20334
20335
20336
20337
20338
20340
20341
20342
20343
20363
20366
20368
20369
20371
20372
20432
20433
20434
20435
20436
20437
20439
20440
20441
20442
20443
20444
20445
20446
20447
20448
20449
20450
20451
20452
20453
20454
20455
20456
20457
20458
20459
20460
20461
20462
20463
20464
20465
20466
20467
20468
20470
20471
20574
20575
20576
20577
20578
20579
20581
20583
20585
20587
20589
20590
20591
20592
20594
20595
20598
20599
20603
20604
20606
20607
20608
20698
20700
20701
20702
20703
20704
20705
20706
20707
20709
20712
20713
20715
20716
20718
20719
20720
20721
20722
20723
20724
20725
20726
20728
20729
20730
20731
20732
20733
20734
20735
20849
20850
20851
20852
20853
20855
20857
20858
20859
20860
20861
20862
20863
20864
20865
20866
20867
20868
20951
20953
20954
20956
20957
20958
20960
20976
20977
20978
20983
20988
20989
20992
21029
21030
21031
21032
21034
21035
21036
21037
21038
21039
21042
21043
21044
21045
21046
21047
21048
21049
21050
21054
21059
21146
21152
21153
21156
21164
21237
21238
21239
21240
21241
21243
21244
21246
21248
21249
21250
21251
21254
21255
21256
21257
21258
21259
21261
21262
21263
21264
21265
21266
21267
21354
21355
21356
21357
21358
21359
21360
21361
21362
21363
21364
21366
21367
21368
21369
21370
21371
21372
21373
21374
21376
21429
21431
21432
21433
21442
21444
21447
21449
21470
21477
21479
21487
21505
21506
21507
21527
21528
21532
21533
21534
21535
21536
21564
21565
21566
21567
21569
21571
21572
21573
21574
21575
21576
21577
21578
21579
21582
21583
21586
21587
21590
21591
21663
21675
21677
21678
21679
21681
21684
21685
21687
21688
21689
21690
21755
21756
21757
21758
21759
21760
21763
21764
21765
21766
21768
21770
21772
21773
21775
21776
21777
21779
21870
21871
21872
21873
21874
21875
21876
21877
21878
21879
21880
21881
21882
21884
21886
21887
21889
21938
21939
21942
21944
21957
21958
21971
21972
21973
21974
21975
21976
21977
21978
21979
21980
22024
22028
22029
22030
22032
22034
22035
22039
22040
22043
22097
22098
22099
22100
22101
22102
22103
22105
22106
22107
22108
22109
22110
22111
22112
22114
22116
22117
22119
22120
22121
22122
22123
22180
22181
22182
22183
22184
22185
22186
22187
22188
22189
22190
22191
22192
22193
22235
22236
22240
22261
22263
22264
22265
22266
22267
22280
22281
22293
22329
22330
22331
22332
22333
22334
22335
22336
22337
22338
22339
22340
22341
22342
22343
22344
22345
22346
22347
22348
22349
22350
22352
22353
22354
22356
22357
22358
22359
22360
22361
22362
22364
22365
22366
22469
22470
22471
22472
22473
22474
22479
22480
22482
22483
22487
22489
22491
22492
22493
22496
22497
22498
22499
22500
22503
22504
22505
22506
22507
22593
22594
22595
22596
22597
22598
22600
22601
22602
22603
22604
22608
22609
22610
22611
22612
22613
22614
22615
22616
22617
22619
22620
22621
22622
22623
22624
22625
22626
22627
22628
22630
22631
22633
22634
22755
22756
22757
22758
22759
22760
22762
22763
22764
22765
22766
22767
22768
22769
22770
22771
22772
22773
22774
22775
22776
22777
22778
22779
22873
22882
22883
22884
22885
22886
22893
22903
22929
22945
22946
22947
22948
22949
22951
22952
22957
22958
22963
23004
23008
23010
23013
23014
23056
23058
23065
23066
23070
23071
23112
23114
23115
23117
23119
23120
23121
23122
23123
23124
23125
23160
23161
23162
23170
23172
23173
23186
23229
23230
23231
23232
23234
23235
23236
23237
23238
23239
23240
23242
23243
23244
23245
23247
23251
23254
23256
23257
23258
23359
23371
23374
23377
23379
23381
23382
23383
23385
23387
23388
23390
23469
23471
23472
23473
23475
23477
23478
23480
23482
23483
23486
23487
23488
23490
23491
23492
23493
23494
23495
23498
23499
23500
23501
23598
23599
23600
23601
23602
23603
23604
23605
23606
23607
23608
23610
23611
23612
23613
23614
23615
23616
23617
23618
23619
23620
23622
23700
23701
23703
23709
23725
23764
23765
23776
23807
23808
23809
23811
23812
23815
23816
23818
23819
23820
23821
23822
23824
23825
23827
23829
23853
23854
23855
23856
23857
23858
23859
23860
23861
23862
23863
23866
23868
23869
23941
23942
23943
23944
23945
23946
23947
23948
23949
23950
23951
23952
23953
23954
23955
23956
23958
23959
23960
23961
23962
23963
23964
23966
23967
23968
23969
23970
23971
23972
23973
23974
23975
23976
23977
23978
23979
23980
23981
23982
24106
24107
24108
24109
24110
24111
24112
24113
24114
24115
24116
24117
24118
24119
24122
24124
24126
24127
24128
24129
24130
24131
24132
24133
24134
24135
24136
24138
24140
24141
24142
24251
24252
24253
24254
24255
24257
24258
24259
24260
24261
24262
24263
24264
24265
24266
24268
24269
24270
24271
24272
24273
24274
24275
24276
24277
24278
24279
24280
24281
24282
24283
24284
24285
24286
24287
24288
24289
24290
24291
24292
24439
24440
24441
24442
24443
24444
24446
24447
24448
24449
24450
24451
24452
24453
24454
24455
24456
24457
24458
24459
24460
24461
24558
24560
24561
24563
24564
24568
24570
24571
24577
24580
24581
24583
24584
24588
24591
24592
24604
24605
24607
24610
24611
24620
24629
24631
24647
24648
24654
24674
24675
24676
24677
24678
24690
24691
24693
24694
24695
24697
24698
24700
24701
24757
24758
24760
24761
24762
24763
24764
24765
24766
24767
24768
24769
24771
24772
24773
24774
24775
24776
24777
24778
24779
24780
24781
24784
24786
24787
24788
24789
24790
24791
24792
24793
24794
24795
24796
24898
24899
24902
24903
24904
24905
24907
24908
24909
24913
24915
24918
24921
24922
24923
24924
24925
24926
24927
24928
24929
24930
24931
24932
24933
24934
24935
24936
24938
25023
25025
25026
25027
25028
25030
25031
25032
25033
25035
25036
25037
25038
25040
25041
25042
25043
25045
25046
25047
25048
25049
25050
25051
25052
25053
25054
25056
25057
25058
25059
25060
25191
25192
25193
25194
25195
25196
25197
25198
25199
25200
25201
25202
25203
25204
25205
25206
25207
25208
25209
25210
25211
25301
25304
25305
25311
25313
25321
25322
25332
25343
25344
25345
25346
25347
25348
25349
25350
25351
25352
25353
25354
25355
25356
25357
25359
25360
25361
25362
25365
25423
25427
25429
25475
25477
25478
25479
25481
25483
25484
25485
25486
25487
25488
25489
25490
25491
25492
25493
25495
25538
25539
25540
25541
25542
25543
25544
25545
25546
25547
25548
25549
25551
25580
25590
25591
25592
25599
25601
25609
25616
25617
25633
25634
25636
25639
25640
25641
25642
25666
25669
25671
25672
25673
25675
25676
25677
25678
25684
25686
25689
25691
25746
25748
25749
25750
25754
25755
25756
25757
25761
25762
25763
25764
25767
25831
25833
25834
25837
25838
25839
25841
25842
25846
25849
25851
25852
25853
25854
25855
25856
25859
25861
25862
25863
25864
25942
25943
25944
25945
25946
25947
25948
25950
25951
25952
25955
25957
25958
25959
25960
25961
25962
26012
26019
26026
26027
26028
26040
26052
26053
26054
26063
26076
26077
26079
26080
26083
26125
26127
26130
26131
26132
26133
26135
26138
26139
26140
26143
26145
26147
26148
26149
26226
26231
26232
26280
26281
26282
26284
26285
26286
26287
26289
26290
26291
26294
26295
26296
26297
26368
26369
26370
26371
26372
26375
26376
26377
26378
26379
26380
26382
26384
26438
26448
26449
26450
26456
26458
26461
26462
26493
26494
26495
26496
26497
26498
26499
26501
26502
26503
26504
26508
26564
26568
26569
26572
26619
26622
26623
26628
26630
26632
26635
26636
26638
26641
26642
26708
26709
26710
26711
26712
26714
26715
26716
26717
26720
26721
26772
26776
26793
26794
26795
26796
26797
26798
26799
26801
26804
26805
26806
26808
26828
26829
26830
26831
26832
26833
26834
26835
26836
26837
26838
26839
26840
26842
26843
26844
26845
26846
26849
26851
26892
26893
26894
26895
26897
26899
26901
26903
26904
26945
26946
26947
26948
26950
26951
26952
26953
26954
26956
26958
26960
26962
26964
26965
26966
27013
27014
27015
27017
27018
27021
27022
27023
27055
27059
27063
27065
27066
27070
27076
27077
27078
27079
27080
27082
27102
27103
27104
27105
27106
27108
27109
27110
27111
27112
27113
27114
27115
27116
27117
27118
27120
27123
27125
27126
27197
27199
27202
27203
27205
27206
27207
27208
27210
27211
27213
27277
27278
27279
27280
27281
27282
27284
27285
27286
27287
27288
27289
27291
27292
27293
27294
27295
27296
27297
27298
27299
27301
27302
27303
27304
27306
27307
27387
27388
27389
27390
27391
27392
27393
27394
27395
27396
27397
27398
27399
27400
27401
27402
27403
27460
27461
27462
27464
27465
27467
27487
27488
27489
27490
27491
27492
27494
27495
27498
27505
27507
27508
27510
27511
27512
27514
27515
27517
27518
27576
27578
27579
27580
27581
27582
27583
27584
27585
27586
27587
27588
27589
27590
27591
27592
27593
27594
27595
27596
27597
27598
27599
27600
27601
27602
27603
27604
27606
27607
27610
27611
27613
27614
27717
27721
27723
27724
27725
27726
27727
27729
27730
27731
27733
27734
27735
27739
27741
27742
27744
27748
27749
27839
27840
27842
27843
27844
27845
27846
27847
27848
27849
27850
27851
27852
27853
27854
27855
27856
27857
27858
27859
27860
27861
27862
27863
27864
27865
27866
27867
27868
27869
27870
27871
27872
27873
27874
27875
27876
27877
27878
28006
28007
28008
28009
28010
28011
28012
28013
28014
28015
28016
28017
28018
28019
28020
28021
28022
28023
28024
28025
28026
28114
28116
28117
28120
28121
28125
28132
28136
28138
28148
28152
28154
28160
28162
28194
28197
28198
28199
28200
28201
28202
28203
28204
28206
28207
28208
28209
28211
28213
28218
28285
28292
28294
28297
28300
28303
28304
28305
28366
28367
28369
28370
28372
28373
28375
28376
28377
28379
28380
28382
28383
28384
28386
28387
28388
28390
28391
28392
28393
28394
28396
28473
28474
28475
28476
28477
28478
28479
28480
28481
28482
28483
28485
28537
28586
28597
28649
28650
28651
28652
28653
28654
28655
28656
28657
28658
28659
28660
28661
28662
28663
28664
28667
28669
28670
28671
28673
28674
28675
28676
28677
28678
28679
28708
28710
28711
28712
28713
28714
28715
28716
28717
28718
28719
28720
28721
28724
28725
28726
28727
28728
28732
28733
28735
28820
28821
28822
28823
28824
28825
28826
28827
28828
28829
28830
28831
28832
28833
28834
28835
28836
28837
28838
28839
28840
28841
28842
28843
28844
28846
28847
28848
28849
28850
28851
28852
28853
28854
28855
28857
28858
28859
28860
28861
28995
28996
28997
28998
28999
29000
29001
29004
29005
29007
29008
29009
29010
29011
29012
29013
29014
29015
29016
29017
29018
29019
29020
29021
29022
29023
29024
29025
29026
29027
29028
29029
29030
29031
29033
29034
29035
29036
29037
29158
29159
29160
29161
29162
29163
29164
29166
29167
29168
29169
29170
29171
29172
29173
29174
29175
29176
29177
29178
29179
29180
29181
29182
29183
29184
29185
29186
29187
29188
29189
29190
29191
29192
29193
29194
29195
29196
29197
29198
29199
29364
29365
29366
29367
29368
29369
29370
29371
29372
29373
29374
29375
29376
29377
29378
29379
29380
29381
29382
29383
29384
29385
29386
29388
29389
29390
29392
29501
29502
29503
29505
29506
29507
29509
29510
29511
29513
29514
29517
29518
29521
29529
29530
29531
29534
29535
29543
29544
29545
29546
29548
29558
29567
29577
29578
29582
29583
29584
29615
29616
29617
29618
29619
29620
29621
29623
29624
29625
29626
29628
29629
29631
29632
29633
29634
29635
29636
29637
29638
29685
29688
29690
29691
29692
29694
29695
29696
29698
29699
29700
29701
29702
29703
29745
29747
29748
29749
29750
29751
29752
29753
29754
29755
29756
29757
29759
29760
29761
29762
29763
29764
29765
29766
29767
29830
29834
29835
29836
29838
29839
29840
29842
29843
29844
29883
29885
29905
29906
29916
29917
29919
29921
29968
29969
29970
29971
29973
29974
29975
29976
29977
29978
29979
29980
29981
29982
29983
29984
29985
29986
29987
29988
29989
29993
29994
29996
29997
29998
29999
30000
30002
30003
30114
30115
30118
30119
30120
30121
30122
30123
30124
30125
30128
30131
30134
30135
30136
30137
30140
30141
30142
30143
30146
30147
30148
30149
30150
30153
30154
30155
30156
30247
30248
30249
30250
30251
30252
30253
30254
30255
30256
30257
30258
30259
30261
30262
30263
30264
30266
30267
30268
30270
30271
30272
30273
30274
30275
30276
30277
30278
30279
30280
30281
30283
30284
30285
30286
30287
30288
30433
30434
30435
30436
30437
30438
30439
30440
30441
30442
30443
30444
30445
30446
30447
30448
30449
30450
30451
30452
30453
30533
30534
30535
30536
30537
30539
30540
30545
30547
30549
30550
30556
30557
30559
30561
30575
30576
30580
30581
30582
30584
30585
30587
30590
30593
30622
30623
30624
30629
30630
30678
30680
30681
30682
30687
30734
30735
30737
30738
30739
30741
30742
30743
30746
30748
30778
30779
30781
30783
30786
30791
30792
30793
30794
30796
30810
30811
30812
30813
30814
30834
30835
30836
30837
30839
30840
30869
30870
30872
30890
30905
30913
30915
30916
30918
30951
30952
30957
30958
30959
30960
30961
30963
30964
30965
30966
30967
31033
31035
31040
31044
31046
31048
31050
31105
31106
31107
31110
31111
31112
31113
31115
31116
31117
31118
31119
31121
31124
31126
31199
31202
31203
31205
31206
31207
31208
31209
31210
31211
31212
31213
31214
31215
31264
31270
31275
31278
31280
31281
31290
31306
31307
31309
31322
31324
31325
31326
31361
31362
31363
31365
31366
31368
31369
31370
31371
31393
31397
31398
31399
31400
31402
31403
31405
31407
31408
31410
31496
31497
31498
31499
31500
31501
31502
31503
31504
31505
31506
31507
31509
31510
31511
31512
31513
31515
31517
31518
31520
31522
31523
31524
31525
31602
31603
31604
31605
31606
31669
31671
31672
31673
31674
31675
31676
31677
31678
31679
31680
31681
31682
31683
31685
31686
31687
31688
31689
31690
31691
31692
31693
31694
31695
31696
31697
31698
31700
31701
31702
31703
31704
31705
31706
31707
31708
31709
31711
31712
31713
31715
31716
31717
31718
31721
31849
31850
31851
31852
31853
31854
31855
31856
31857
31858
31860
31861
31862
31863
31864
31865
31866
31867
31868
31869
31871
31872
31874
31875
31876
31877
31878
31879
31880
31881
31882
31883
31884
31885
31886
31888
31889
31890
31891
31892
31893
31894
31895
32007
32010
32011
32012
32015
32016
32023
32029
32030
32041
32042
32043
32045
32083
32084
32085
32086
32087
32088
32089
32090
32092
32093
32094
32096
32097
32098
32153
32154
32157
32158
32159
32160
32161
32162
32164
32165
32166
32167
32168
32169
32170
32171
32172
32173
32174
32175
32176
32177
32178
32179
32180
32181
32182
32183
32283
32284
32285
32286
32287
32288
32289
32290
32291
32292
32293
32294
32295
32296
32297
32298
32299
32300
32301
32302
32303
32304
32306
32308
32311
32312
32313
32314
32315
32316
32317
32318
32319
32320
32322
32323
32324
32422
32423
32425
32426
32428
32429
32430
32431
32432
32434
32511
32512
32513
32514
32515
32516
32517
32518
32519
32520
32521
32522
32523
32524
32525
32526
32527
32528
32529
32530
32531
32532
32533
32534
32535
32536
32537
32538
32539
32540
32541
32542
32543
32544
32545
32546
32547
32548
32549
32550
32551
32552
32553
32554
32555
32556
32557
32558
32559
32560
32561
32563
32564
32565
32566
32568
32569
32748
32749
32750
32751
32752
32753
32754
32755
32756
32757
32758
32759
32760
32761
32762
32763
32764
32765
32767
32768
32770
32771
32773
32774
32775
32776
32777
32778
32783
32784
32785
32786
32787
32788
32789
32790
32791
32792
32793
32794
32795
32796
32797
32798
32799
32800
32801
32803
32804
32805
32806
32996
32997
32998
33009
33013
33014
33061
33062
33065
33066
33067
33068
33069
33070
33101
33129
33130
33131
33132
33133
33134
33135
33136
33137
33138
33139
33140
33142
33143
33144
33145
33148
33149
33150
33152
33153
33154
33156
33157
33158
33159
33160
33165
33231
33232
33233
33235
33237
33238
33240
33241
33242
33244
33245
33248
33249
33250
33251
33252
33253
33254
33255
33257
33258
33261
33319
33321
33322
33330
33331
33335
33353
33354
33355
33356
33374
33375
33376
33379
33380
33381
33382
33387
33388
33423
33424
33425
33428
33429
33430
33431
33432
33433
33435
33437
33438
33439
33472
33503
33504
33505
33506
33507
33508
33509
33511
33512
33513
33515
33516
33518
33519
33520
33521
33522
33523
33524
33525
33527
33528
33531
33532
33534
33539
33540
33626
33628
33629
33630
33631
33634
33635
33640
33642
33644
33645
33646
33647
33649
33650
33651
33654
33655
33656
33657
33658
33659
33660
33661
33662
33713
33716
33736
33737
33738
33739
33740
33741
33743
33744
33759
33776
33777
33778
33779
33781
33783
33784
33786
33787
33788
33789
33790
33791
33812
33813
33814
33816
33819
33820
33821
33853
33876
33877
33878
33879
33880
33881
33884
33909
33913
33916
33918
33919
33922
33925
33959
33960
33961
33963
33966
33974
34023
34024
34025
34026
34028
34029
34030
34031
34033
34079
34080
34081
34082
34083
34084
34085
34086
34087
34088
34089
34092
34093
34094
34095
34191
34193
34194
34195
34196
34197
34198
34199
34201
34202
34203
34204
34205
34206
34207
34208
34209
34210
34211
34212
34213
34214
34215
34217
34218
34219
34220
34221
34222
34310
34313
34314
34315
34316
34317
34318
34319
34382
34383
34384
34385
34386
34387
34388
34389
34390
34391
34392
34393
34394
34395
34396
34397
34398
34399
34401
34402
34403
34405
34406
34407
34408
34409
34410
34411
34412
34413
34414
34415
34416
34417
34418
34419
34420
34421
34422
34423
34424
34425
34426
34427
34428
34429
34430
34432
34433
34434
34608
34609
34610
34611
34612
34613
34614
34615
34616
34617
34618
34619
34621
34622
34624
34625
34626
34627
34628
34629
34630
34632
34633
34635
34636
34637
34638
34639
34640
34641
34642
34643
34644
34645
34646
34647
34648
34649
34650
34651
34652
34653
34654
34655
34809
34810
34812
34848
34849
34850
34852
34853
34854
34855
34857
34858
34859
34860
34861
34911
34912
34913
34914
34915
34916
34917
34918
34919
34920
34922
34923
34924
34925
34926
34927
34928
34929
34930
34931
34932
34933
34934
34935
35004
35006
35007
35009
35010
35012
35013
35014
35016
35018
35019
35022
35024
35025
35026
35027
35028
35029
35030
35031
35033
35034
35037
35038
35093
35095
35106
35107
35108
35130
35135
35136
35137
35142
35160
35161
35162
35163
35187
35189
35190
35239
35242
35243
35245
35246
35247
35248
35249
35251
35253
35254
35255
35257
35260
35332
35333
35334
35335
35336
35339
35340
35342
35344
35345
35346
35347
35348
35350
35351
35352
35353
35354
35356
35357
35358
35360
35363
35364
35365
35366
35367
35450
35451
35452
35453
35454
35455
35456
35457
35459
35460
35461
35462
35465
35468
35469
35471
35472
35473
35474
35475
35476
35479
35480
35481
35482
35483
35485
35566
35577
35593
35594
35608
35609
35610
35611
35612
35614
35615
35632
35634
35635
35636
35637
35638
35639
35640
35641
35642
35643
35645
35646
35647
35648
35649
35675
35678
35679
35680
35681
35683
35684
35685
35686
35687
35688
35689
35690
35691
35692
35693
35694
35695
35697
35736
35737
35738
35740
35741
35743
35744
35745
35746
35748
35789
35790
35791
35792
35794
35796
35798
35799
35801
35802
35803
35805
35806
35807
35809
35884
35885
35886
35887
35888
35889
35890
35891
35892
35893
35894
35895
35896
35897
35898
35899
35900
35901
35902
35903
35904
35905
35908
35909
35910
35911
35912
35913
35914
35915
35994
35995
35996
35997
35998
36060
36061
36062
36063
36064
36065
36066
36067
36068
36069
36070
36071
36072
36073
36074
36075
36076
36077
36078
36079
36080
36081
36082
36083
36084
36085
36086
36087
36088
36089
36090
36091
36092
36093
36094
36095
36096
36097
36098
36100
36101
36102
36103
36104
36105
36107
36108
36109
36110
36111
36112
36113
36114
36115
36116
36117
36262
36263
36264
36265
36266
36267
36268
36269
36270
36271
36272
36273
36274
36275
36276
36277
36278
36279
36280
36281
36282
36283
36284
36285
36287
36291
36292
36293
36294
36295
36296
36297
36298
36299
36300
36301
36302
36303
36304
36305
36306
36307
36308
36309
36310
36311
36312
36487
36488
36490
36494
36497
36498
36499
36542
36543
36544
36545
36546
36547
36548
36550
36551
36552
36553
36554
36555
36615
36648
36649
36653
36654
36655
36656
36657
36658
36660
36661
36662
36663
36664
36665
36666
36667
36668
36669
36670
36671
36672
36674
36675
36676
36677
36681
36773
36775
36776
36777
36778
36779
36780
36782
36786
36788
36792
36793
36794
36796
36797
36799
36802
36805
36868
36869
36870
36876
36877
36878
36879
36886
36887
36894
36896
36899
36910
36924
36925
36931
36932
36948
36951
36952
36958
36961
36990
36991
36992
36993
36994
36995
36996
36997
36998
37000
37001
37002
37051
37054
37055
37058
37059
37061
37063
37065
37066
37067
37068
37069
37070
37071
37072
37073
37074
37075
37076
37078
37079
37174
37175
37176
37177
37178
37179
37180
37181
37182
37183
37184
37185
37186
37187
37188
37189
37190
37191
37192
37193
37194
37195
37197
37201
37202
37204
37205
37206
37207
37208
37209
37210
37211
37294
37296
37297
37298
37299
37300
37301
37302
37303
37371
37372
37373
37374
37375
37376
37377
37378
37379
37381
37382
37383
37384
37385
37386
37387
37388
37389
37390
37391
37392
37393
37394
37395
37396
37397
37398
37399
37400
37401
37402
37403
37404
37405
37406
37407
37408
37409
37410
37411
37412
37413
37414
37415
37416
37417
37418
37419
37423
37424
37425
37426
37427
37428
37430
37606
37607
37608
37609
37610
37611
37612
37613
37614
37615
37616
37617
37618
37619
37620
37621
37622
37623
37625
37626
37627
37628
37630
37631
37633
37638
37641
37642
37643
37644
37645
37646
37647
37648
37649
37650
37651
37652
37653
37654
37655
37656
37657
37658
37659
37660
37661
37810
37823
37824
37826
37828
37834
37837
37838
37839
37840
37841
37842
37843
37844
37848
37862
37874
37895
37926
37929
37933
37934
37936
37939
37953
37971
37972
37973
37976
37977
37978
37979
37980
37982
37984
37985
37987
37989
37992
38031
38032
38033
38034
38035
38036
38037
38038
38040
38041
38042
38043
38047
38049
38087
38089
38090
38114
38117
38151
38154
38155
38157
38158
38164
38186
38204
38205
38206
38207
38208
38210
38211
38213
38214
38215
38216
38218
38220
38222
38223
38225
38229
38232
38233
38280
38281
38282
38283
38284
38285
38286
38287
38289
38291
38294
38295
38301
38303
38307
38308
38309
38310
38379
38380
38381
38382
38383
38384
38385
38387
38388
38425
38427
38428
38429
38430
38431
38432
38433
38434
38435
38436
38437
38438
38439
38440
38441
38442
38445
38446
38447
38448
38449
38536
38537
38538
38539
38540
38541
38542
38543
38544
38545
38546
38547
38548
38549
38550
38551
38552
38553
38554
38555
38556
38557
38558
38562
38563
38565
38567
38568
38570
38658
38659
38660
38661
38665
38740
38741
38742
38743
38744
38745
38747
38748
38749
38750
38751
38752
38753
38754
38755
38757
38758
38759
38760
38761
38762
38763
38764
38765
38766
38767
38768
38770
38771
38772
38773
38774
38775
38776
38777
38778
38779
38780
38781
38783
38784
38785
38786
38787
38788
38789
38791
38794
38954
38955
38956
38957
38958
38959
38960
38961
38962
38963
38964
38965
38966
38967
38968
38969
38970
38971
38972
38973
38974
38975
38978
38980
38981
38983
38986
38987
38988
38989
38990
38991
38993
38994
38995
38996
38997
38998
38999
39000
39001
39002
39003
39004
39005
39006
39007
39008
39163
39164
39173
39178
39221
39222
39223
39224
39226
39227
39228
39229
39232
39233
39234
39236
39237
39238
39239
39240
39304
39305
39306
39307
39308
39309
39310
39311
39312
39313
39315
39316
39319
39320
39321
39322
39323
39324
39327
39328
39329
39330
39331
39333
39334
39336
39338
39340
39421
39422
39423
39424
39425
39426
39427
39428
39429
39430
39432
39433
39434
39435
39436
39437
39438
39439
39440
39441
39442
39443
39444
39446
39447
39448
39451
39452
39453
39454
39532
39533
39534
39535
39536
39537
39538
39540
39564
39565
39566
39567
39568
39569
39570
39571
39572
39573
39574
39575
39576
39577
39578
39649
39650
39651
39652
39653
39654
39655
39656
39657
39658
39659
39660
39661
39662
39663
39664
39665
39666
39667
39668
39669
39670
39671
39672
39674
39676
39733
39734
39735
39736
39739
39798
39799
39800
39801
39802
39803
39804
39805
39808
39809
39810
39811
39812
39813
39814
39815
39816
39817
39818
39819
39820
39821
39822
39824
39825
39826
39827
39830
39831
39832
39834
39835
39837
39838
39839
39840
39841
39955
39956
39957
39958
39959
39960
39961
39962
39963
39964
39965
39966
39967
39968
39969
39970
39973
39976
39977
39978
39979
39980
39981
39982
39983
39984
39985
39986
39987
39988
39989
39990
39991
39992
39993
39995
39996
39997
40000
40001
40002
40115
40116
40127
40128
40129
40134
40135
40136
40190
40191
40192
40193
40194
40195
40196
40197
40199
40200
40201
40202
40203
40204
40205
40206
40207
40210
40211
40212
40268
40310
40311
40312
40313
40314
40315
40316
40317
40318
40319
40320
40321
40322
40323
40324
40325
40326
40327
40328
40329
40330
40331
40332
40333
40334
40335
40336
40337
40338
40339
40340
40341
40343
40344
40345
40348
40349
40350
40351
40449
40450
40451
40452
40454
40455
40456
40457
40458
40460
40461
40462
40463
40464
40465
40466
40467
40468
40469
40470
40472
40473
40474
40475
40476
40479
40480
40481
40483
40484
40485
40486
40487
40488
40489
40586
40587
40588
40589
40590
40591
40592
40593
40619
40620
40621
40622
40623
40624
40626
40631
40632
40633
40635
40637
40638
40639
40640
40641
40716
40717
40719
40720
40721
40722
40724
40725
40726
40727
40728
40729
40730
40731
40732
40733
40734
40736
40739
40740
40741
40742
40744
40814
40815
40819
40868
40869
40870
40871
40872
40873
40874
40875
40876
40877
40878
40879
40880
40881
40882
40883
40884
40886
40887
40888
40889
40891
40892
40893
40895
40896
40897
40898
40899
40900
40901
40902
40903
40904
40905
40906
40907
40908
40909
40911
40912
40913
40914
40915
40916
40918
40919
41051
41052
41053
41054
41055
41056
41057
41058
41059
41060
41061
41062
41063
41064
41065
41066
41067
41068
41069
41070
41071
41075
41076
41078
41079
41080
41081
41082
41083
41084
41085
41087
41088
41090
41091
41092
41093
41094
41096
41097
41098
41099
41205
41228
41229
41231
41232
41256
41257
41259
41261
41263
41265
41299
41300
41301
41307
41308
41309
41312
41349
41351
41352
41356
41357
41360
41362
41363
41366
41367
41368
41369
41417
41418
41441
41443
41444
41446
41450
41453
41454
41455
41456
41457
41458
41459
41461
41462
41463
41464
41465
41466
41543
41544
41545
41546
41547
41548
41549
41550
41551
41552
41553
41554
41555
41556
41557
41558
41559
41560
41561
41562
41563
41564
41565
41568
41570
41571
41572
41573
41574
41648
41650
41652
41653
41654
41656
41657
41706
41707
41708
41709
41710
41711
41712
41713
41714
41715
41716
41717
41718
41719
41720
41721
41722
41723
41724
41725
41726
41727
41728
41729
41730
41731
41732
41733
41734
41735
41736
41737
41739
41740
41741
41742
41743
41744
41745
41746
41747
41748
41749
41750
41751
41753
41755
41756
41760
41761
41914
41915
41916
41917
41918
41919
41920
41921
41922
41923
41924
41926
41927
41928
41929
41930
41931
41933
41934
41935
41936
41937
41938
41941
41942
41946
41947
41948
41949
41950
41951
41952
41954
41955
41956
41957
41960
41961
41962
41963
41964
41965
41966
41967
41968
42113
42114
42115
42116
42117
42119
42120
42161
42164
42166
42167
42168
42169
42170
42171
42172
42174
42175
42176
42259
42260
42261
42262
42263
42264
42265
42266
42267
42268
42270
42271
42272
42273
42274
42275
42277
42278
42279
42280
42282
42283
42285
42286
42287
42288
42289
42290
42291
42292
42369
42371
42372
42375
42376
42443
42445
42446
42447
42448
42449
42450
42451
42452
42453
42454
42455
42456
42457
42459
42460
42461
42462
42463
42464
42465
42466
42467
42468
42469
42470
42471
42472
42473
42474
42475
42476
42477
42479
42481
42482
42483
42484
42487
42488
42489
42491
42493
42643
42644
42645
42646
42647
42648
42649
42650
42651
42652
42653
42654
42655
42656
42657
42658
42659
42660
42662
42663
42665
42666
42667
42669
42670
42671
42672
42674
42675
42676
42677
42678
42679
42680
42681
42682
42684
42685
42686
42687
42688
42689
42690
42691
42692
42693
42694
42696
42697
42840
42842
42843
42845
42877
42878
42880
42881
42883
42885
42887
42888
42889
42891
42895
42896
42897
42898
42989
42990
42993
42994
42995
42996
42997
42998
42999
43001
43002
43003
43004
43005
43007
43008
43009
43010
43012
43014
43015
43089
43090
43091
43092
43093
43094
43095
43144
43146
43147
43148
43149
43150
43151
43152
43153
43154
43155
43156
43158
43159
43160
43162
43163
43164
43165
43166
43167
43168
43170
43171
43173
43174
43175
43176
43177
43178
43179
43181
43183
43185
43188
43191
43192
43320
43321
43322
43323
43325
43326
43327
43328
43329
43331
43332
43334
43335
43336
43337
43338
43339
43340
43341
43342
43343
43344
43347
43348
43349
43350
43352
43355
43356
43357
43358
43359
43361
43362
43364
43367
43368
43370
43371
43372
43374
43492
43493
43503
43504
43505
43506
43507
43508
43530
43531
43534
43535
43536
43537
43540
43582
43584
43585
43586
43587
43591
43593
43595
43602
43604
43649
43650
43652
43656
43660
43662
43664
43666
43668
43671
43672
43673
43674
43728
43729
43730
43731
43732
43733
43734
43735
43736
43737
43739
43786
43787
43788
43789
43790
43791
43792
43794
43795
43798
43799
43800
43801
43802
43803
43804
43805
43895
43897
43898
43899
43900
43901
43902
43903
43904
43905
43906
43907
43908
43909
43910
43911
43913
43914
43915
43916
43918
43920
43921
43922
43923
43924
43925
44010
44012
44013
44077
44078
44079
44080
44081
44082
44083
44084
44085
44086
44087
44088
44089
44090
44091
44092
44093
44094
44095
44096
44097
44098
44099
44100
44102
44103
44104
44105
44106
44107
44108
44109
44110
44111
44112
44114
44115
44116
44117
44118
44119
44120
44121
44123
44124
44128
44279
44281
44282
44283
44284
44285
44286
44287
44288
44289
44290
44291
44295
44296
44297
44298
44299
44300
44301
44308
44311
44312
44313
44314
44315
44316
44317
44318
44319
44320
44321
44322
44323
44324
44325
44326
44327
44328
44329
44330
44331
44332
44333
44475
44485
44492
44508
44509
44537
44540
44574
44576
44577
44578
44579
44580
44581
44582
44584
44585
44586
44587
44588
44590
44591
44592
44625
44626
44627
44628
44629
44630
44631
44633
44634
44636
44637
44638
44639
44640
44641
44642
44643
44644
44645
44646
44647
44648
44650
44651
44652
44653
44654
44716
44720
44722
44724
44725
44726
44727
44728
44731
44732
44734
44735
44736
44737
44738
44739
44740
44742
44773
44777
44781
44782
44783
44785
44786
44792
44793
44817
44818
44819
44820
44822
44823
44856
44858
44860
44861
44863
44871
44958
44959
44961
44962
44963
44964
44966
44967
44968
44969
44970
44971
44972
44973
44974
44975
44976
44977
45042
45043
45044
45045
45047
45093
45094
45095
45096
45097
45098
45099
45100
45101
45102
45103
45104
45105
45106
45109
45110
45111
45112
45113
45114
45115
45116
45117
45119
45120
45121
45122
45123
45124
45125
45128
45130
45131
45133
45135
45136
45138
45140
45141
45266
45269
45270
45271
45272
45274
45275
45276
45277
45278
45279
45280
45281
45282
45283
45284
45285
45286
45289
45290
45291
45293
45294
45295
45296
45297
45298
45299
45300
45302
45303
45304
45305
45306
45307
45308
45309
45311
45312
45314
45401
45408
45411
45418
45419
45424
45425
45429
45430
45431
45433
45435
45436
45437
45438
45439
45440
45441
45442
45444
45445
45446
45447
45448
45449
45450
45451
45453
45454
45455
45456
45556
45557
45558
45560
45561
45562
45563
45564
45565
45566
45567
45568
45570
45571
45572
45573
45574
45575
45576
45581
45582
45584
45587
45591
45667
45668
45669
45670
45671
45672
45673
45674
45675
45676
45677
45678
45679
45680
45681
45682
45683
45684
45685
45686
45687
45688
45689
45690
45691
45692
45694
45695
45696
45697
45699
45700
45701
45704
45706
45707
45708
45709
45710
45711
45712
45713
45715
45716
45717
45718
45719
45720
45721
45722
45723
45724
45725
45726
45727
45825
45931
45932
45933
45939
45941
45942
45981
45982
45984
45985
45986
45988
45989
45990
45992
45993
45994
45995
45996
45997
45998
45999
46000
46001
46002
46003
46004
46005
46006
46095
46096
46097
46098
46099
46100
46101
46107
46110
46115
46126
46128
46129
46132
46133
46134
46136
46137
46138
46139
46140
46141
46142
46143
46144
46145
46146
46147
46148
46149
46150
46151
46152
46153
46154
46155
46156
46157
46158
46159
46160
46161
46162
46290
46291
46292
46293
46294
46295
46296
46297
46298
46299
46300
46301
46302
46303
46304
46305
46306
46307
46308
46309
46310
46312
46313
46314
46315
46316
46317
46318
46320
46321
46322
46323
46324
46325
46326
46328
46329
46425
46426
46427
46428
46429
46430
46431
46432
46433
46434
46435
46436
46437
46438
46439
46440
46441
46442
46443
46444
46445
46446
46449
46450
46451
46452
46453
46454
46455
46456
46457
46458
46459
46460
46461
46462
46463
46465
46466
46467
46469
46470
46471
46472
46473
46475
46476
46477
46478
46479
46480
46481
46482
46484
46485
46487
46488
46619
46620
46621
46684
46766
46767
46768
46769
46770
46772
46774
46780
46781
46826
46827
46828
46829
46830
46831
46832
46833
46834
46835
46836
46837
46838
46839
46840
46842
46843
46844
46845
46846
46847
46848
46849
46851
46852
46984
46985
46986
46988
46989
46990
46991
46992
46993
46995
46996
46997
46998
46999
47059
47062
47063
47064
47074
47075
47076
47078
47106
47107
47108
47109
47110
47111
47112
47113
47114
47115
47116
47117
47118
47120
47123
47124
47126
47127
47128
47129
47130
47131
47134
47135
47137
47138
47139
47140
47141
47142
47143
47144
47146
47147
47148
47149
47240
47242
47249
47251
47253
47254
47255
47258
47259
47262
47292
47296
47305
47306
47307
47308
47310
47314
47315
47316
47317
47318
47319
47320
47321
47322
47323
47324
47325
47326
47327
47329
47396
47397
47399
47400
47404
47407
47443
47445
47446
47447
47448
47449
47450
47451
47452
47453
47454
47455
47456
47457
47458
47459
47460
47463
47464
47470
47471
47472
47474
47475
47476
47477
47478
47479
47481
47483
47585
47586
47588
47589
47590
47591
47592
47593
47594
47595
47596
47597
47598
47599
47654
47656
47657
47681
47693
47694
47695
47697
47698
47699
47701
47705
47722
47728
47748
47749
47750
47751
47772
47780
47782
47783
47841
47842
47845
47846
47847
47849
47851
47852
47854
47856
47861
47862
47863
47864
47868
47918
47920
47923
47955
47956
47957
47958
47959
47961
47963
47965
47966
47967
47968
47969
47971
47972
47973
47974
47975
47976
47977
47978
47979
47980
47981
47982
47983
48102
48103
48104
48105
48106
48107
48108
48109
48110
48111
48112
48113
48114
48115
48116
48117
48118
48119
48120
48121
48124
48127
48134
48135
48136
48202
48203
48204
48205
48206
48207
48208
48209
48210
48211
48212
48213
48214
48215
48216
48217
48218
48219
48220
48221
48222
48223
48224
48226
48230
48231
48233
48234
48235
48239
48242
48244
48245
48246
48247
48248
48249
48250
48251
48252
48253
48254
48255
48256
48257
48259
48260
48261
48262
48263
48370
48371
48372
48484
48487
48488
48489
48491
48493
48534
48535
48537
48538
48539
48540
48541
48542
48543
48544
48545
48546
48547
48548
48549
48550
48551
48552
48553
48554
48555
48556
48649
48651
48653
48654
48655
48657
48659
48660
48662
48663
48664
48665
48666
48726
48728
48730
48731
48763
48764
48765
48766
48767
48768
48769
48771
48772
48774
48776
48778
48779
48780
48781
48783
48784
48790
48791
48792
48793
48794
48795
48797
48798
48799
48800
48801
48802
48804
48805
48806
48807
48808
48895
48906
48908
48909
48911
48914
48921
48971
48975
48979
48985
48997
49008
49017
49018
49019
49020
49024
49026
49027
49029
49030
49031
49032
49033
49034
49036
49038
49040
49041
49042
49117
49118
49122
49123
49126
49127
49128
49129
49130
49136
49138
49184
49185
49186
49187
49188
49189
49190
49191
49192
49194
49195
49196
49197
49198
49200
49201
49202
49203
49206
49207
49212
49213
49217
49218
49219
49220
49225
49368
49369
49370
49372
49374
49376
49377
49379
49381
49385
49448
49464
49465
49477
49478
49479
49481
49482
49483
49484
49501
49503
49504
49507
49508
49509
49518
49519
49520
49523
49524
49525
49526
49527
49528
49529
49530
49531
49532
49535
49536
49537
49538
49540
49541
49543
49544
49585
49587
49588
49589
49591
49615
49617
49618
49619
49620
49621
49622
49623
49624
49625
49626
49627
49628
49629
49630
49631
49632
49633
49634
49635
49637
49638
49639
49640
49641
49642
49749
49750
49751
49752
49753
49754
49756
49757
49758
49759
49761
49762
49763
49764
49765
49767
49768
49773
49775
49777
49778
49780
49781
49852
49853
49854
49855
49856
49857
49858
49859
49860
49861
49862
49863
49864
49865
49866
49867
49868
49869
49870
49871
49872
49873
49874
49875
49876
49877
49878
49880
49881
49882
49883
49885
49886
49890
49893
49894
49896
49897
49898
49899
49900
49901
49902
49903
49904
49905
49906
49907
49908
49909
49910
49911
49913
49914
49915
50022
50024
50057
50134
50136
50141
50144
50145
50149
50150
50201
50202
50203
50204
50205
50206
50207
50208
50209
50210
50211
50212
50213
50214
50215
50216
50217
50218
50220
50221
50222
50223
50336
50337
50338
50339
50342
50343
50344
50345
50346
50347
50348
50349
50350
50353
50354
50356
50431
50433
50435
50436
50438
50439
50440
50441
50442
50446
50449
50450
50451
50453
50493
50494
50495
50496
50497
50498
50499
50500
50501
50502
50503
50504
50506
50507
50508
50509
50510
50513
50514
50515
50516
50519
50520
50521
50522
50523
50525
50526
50527
50528
50529
50530
50534
50535
50536
50609
50612
50632
50634
50682
50684
50685
50712
50714
50716
50719
50721
50722
50724
50725
50726
50786
50787
50798
50799
50802
50803
50804
50805
50810
50818
50819
50820
50845
50854
50856
50857
50859
50862
50870
50875
50881
50886
50887
50890
50892
50899
50900
50902
50903
50904
50905
50906
50907
50908
50909
50910
50911
50912
50913
50914
50915
50916
50917
50918
50919
50920
50921
50922
50923
50924
50925
50926
50927
50928
51057
51058
51060
51061
51062
51063
51064
51065
51066
51067
51068
51069
51070
51071
51072
51073
51074
51075
51078
51079
51080
51082
51083
51084
51085
51086
51087
51088
51090
51092
51093
51094
51181
51182
51183
51184
51185
51186
51187
51188
51189
51190
51191
51192
51193
51194
51195
51196
51197
51198
51199
51200
51201
51202
51203
51204
51205
51206
51207
51208
51209
51210
51211
51213
51214
51215
51216
51217
51218
51219
51220
51221
51222
51224
51225
51226
51227
51228
51229
51230
51232
51233
51234
51235
51236
51237
51238
51239
51240
51241
51242
51243
51244
51246
51247
51359
51360
51362
51491
51492
51493
51494
51495
51496
51497
51498
51500
51502
51503
51541
51542
51543
51544
51545
51546
51547
51548
51549
51550
51551
51552
51553
51554
51555
51556
51558
51559
51560
51561
51562
51563
51565
51566
51567
51570
51571
51700
51707
51708
51709
51717
51718
51720
51722
51723
51724
51726
51727
51740
51746
51753
51765
51776
51777
51779
51782
51783
51822
51825
51826
51849
51853
51854
51857
51864
51870
51872
51925
51931
51935
51936
51965
51973
51980
51982
51984
51987
51992
51995
52037
52042
52064
52066
52067
52069
52071
52072
52074
52075
52076
52077
52079
52083
52087
52089
52093
52118
52157
52158
52161
52162
52164
52166
52168
52208
52209
52210
52211
52212
52214
52215
52216
52217
52218
52219
52220
52221
52222
52223
52224
52225
52226
52227
52228
52229
52231
52232
52233
52234
52235
52359
52360
52361
52362
52363
52364
52365
52366
52367
52368
52369
52370
52371
52372
52373
52374
52375
52376
52377
52378
52380
52381
52382
52384
52385
52387
52389
52390
52393
52394
52395
52397
52480
52481
52482
52483
52484
52485
52486
52487
52488
52489
52490
52491
52492
52493
52494
52495
52496
52497
52498
52499
52500
52501
52502
52503
52504
52505
52506
52508
52509
52510
52511
52512
52513
52514
52516
52517
52518
52519
52520
52521
52522
52523
52524
52525
52527
52528
52529
52530
52531
52532
52533
52534
52535
52536
52537
52539
52540
52542
52543
52650
52651
52652
52769
52770
52771
52772
52776
52778
52824
52825
52826
52827
52828
52829
52830
52831
52832
52833
52834
52835
52836
52837
52838
52839
52840
52842
52843
52844
52845
52954
52955
52956
52957
52958
52959
52961
52962
52963
52964
52965
52966
52967
52968
52969
52970
52971
52972
52974
52975
52976
53044
53045
53048
53049
53050
53052
53054
53056
53060
53061
53062
53063
53065
53109
53110
53111
53112
53113
53114
53115
53116
53117
53119
53120
53121
53123
53124
53125
53126
53127
53129
53130
53131
53132
53133
53135
53140
53141
53142
53143
53144
53145
53146
53147
53148
53149
53151
53152
53153
53154
53155
53156
53157
53217
53262
53275
53277
53278
53280
53281
53283
53285
53286
53287
53288
53289
53292
53293
53294
53342
53349
53351
53353
53354
53355
53356
53357
53358
53359
53360
53361
53363
53365
53366
53367
53368
53369
53370
53371
53372
53373
53458
53459
53460
53461
53463
53464
53465
53467
53468
53469
53470
53471
53472
53475
53476
53478
53479
53483
53545
53546
53548
53549
53550
53551
53552
53553
53554
53555
53556
53558
53559
53560
53561
53562
53563
53564
53565
53566
53567
53568
53569
53570
53571
53573
53574
53578
53581
53583
53584
53587
53588
53589
53591
53592
53593
53594
53595
53596
53597
53598
53599
53600
53601
53602
53603
53760
53761
53762
53763
53765
53766
53767
53794
53795
53797
53798
53799
53801
53802
53803
53804
53805
53809
53810
53811
53813
53814
53816
53817
53890
53892
53893
53894
53895
53896
53897
53898
53899
53900
53902
53903
53905
53906
53907
53908
53910
53911
53998
54000
54002
54003
54004
54007
54009
54011
54012
54013
54014
54016
54018
54063
54064
54065
54066
54067
54068
54069
54070
54071
54072
54073
54074
54075
54076
54077
54078
54079
54081
54082
54083
54085
54086
54087
54088
54090
54092
54094
54095
54096
54098
54099
54101
54102
54103
54104
54105
54106
54108
54109
54110
54111
54112
54114
54115
54265
54281
54283
54284
54285
54287
54289
54291
54292
54293
54363
54364
54365
54366
54367
54368
54369
54370
54371
54372
54374
54375
54376
54377
54379
54380
54381
54382
54383
54384
54385
54491
54492
54493
54494
54495
54496
54497
54499
54500
54501
54503
54506
54508
54509
54510
54514
54515
54516
54590
54591
54592
54593
54594
54595
54596
54597
54598
54599
54600
54601
54602
54603
54604
54605
54606
54607
54609
54610
54612
54613
54614
54615
54616
54617
54618
54621
54622
54623
54624
54626
54627
54628
54629
54630
54631
54632
54633
54634
54635
54636
54637
54638
54639
54640
54641
54642
54644
54645
54646
54647
54730
54731
54827
54828
54830
54831
54832
54833
54834
54868
54869
54870
54871
54872
54874
54875
54876
54877
54878
54879
54880
54881
54882
54884
54886
54887
54888
54889
54983
54988
54994
54996
55029
55031
55032
55033
55035
55051
55053
55056
55057
55059
55061
55062
55064
55068
55069
55070
55076
55132
55134
55135
55136
55139
55167
55169
55170
55171
55172
55173
55174
55175
55176
55177
55178
55179
55180
55181
55182
55183
55184
55185
55186
55187
55188
55189
55190
55191
55296
55297
55298
55299
55300
55301
55302
55303
55304
55306
55307
55308
55309
55310
55312
55313
55314
55315
55316
55318
55319
55321
55322
55323
55324
55326
55329
55397
55398
55399
55400
55401
55402
55404
55405
55406
55407
55408
55409
55410
55411
55412
55413
55414
55415
55416
55417
55418
55419
55420
55421
55422
55423
55424
55426
55427
55429
55430
55431
55433
55434
55435
55436
55437
55438
55439
55440
55441
55442
55443
55444
55445
55446
55447
55448
55449
55450
55451
55452
55453
55454
55455
55456
55457
55458
55459
55556
55598
55599
55675
55676
55678
55680
55682
55684
55686
55734
55736
55737
55739
55740
55741
55742
55744
55745
55746
55747
55748
55749
55750
55751
55752
55753
55754
55858
55860
55861
55862
55863
55864
55865
55866
55867
55868
55869
55870
55871
55872
55873
55874
55875
55876
55877
55878
55880
55881
55882
55883
55884
55885
55886
55887
55992
55993
55995
55996
55997
55998
55999
56000
56001
56002
56003
56005
56006
56007
56008
56009
56010
56011
56013
56015
56016
56017
56019
56020
56022
56024
56025
56093
56094
56095
56096
56097
56098
56100
56101
56102
56103
56104
56105
56106
56107
56108
56109
56110
56111
56112
56113
56114
56115
56117
56118
56119
56120
56123
56126
56128
56129
56130
56131
56132
56133
56134
56135
56136
56137
56138
56139
56140
56141
56143
56144
56145
56146
56147
56148
56149
56150
56151
56152
56153
56154
56249
56278
56348
56350
56352
56389
56391
56392
56394
56395
56396
56397
56398
56399
56401
56402
56403
56404
56406
56408
56409
56411
56412
56414
56415
56498
56500
56501
56502
56504
56506
56507
56508
56509
56510
56511
56513
56514
56515
56516
56517
56518
56519
56520
56521
56522
56523
56524
56630
56631
56632
56633
56634
56635
56636
56637
56638
56640
56641
56643
56644
56647
56648
56651
56653
56654
56655
56656
56658
56660
56711
56712
56713
56714
56715
56716
56718
56719
56720
56721
56722
56723
56724
56725
56726
56727
56728
56729
56730
56731
56732
56733
56734
56735
56736
56737
56738
56741
56742
56743
56744
56745
56747
56748
56749
56751
56753
56754
56755
56756
56757
56758
56759
56760
56761
56762
56763
56764
56765
56767
56768
56769
56770
56771
56859
56968
57001
57002
57004
57005
57006
57007
57008
57009
57010
57011
57012
57014
57015
57017
57018
57019
57020
57021
57023
57024
57099
57101
57102
57104
57105
57154
57156
57157
57161
57162
57163
57165
57193
57194
57195
57196
57199
57200
57202
57206
57207
57209
57210
57212
57214
57217
57218
57223
57276
57283
57284
57285
57287
57288
57292
57325
57326
57327
57328
57329
57330
57331
57332
57333
57334
57336
57337
57338
57339
57340
57341
57342
57343
57344
57345
57346
57347
57348
57349
57350
57351
57464
57465
57466
57467
57468
57469
57470
57471
57472
57473
57474
57475
57476
57477
57480
57481
57482
57483
57484
57485
57486
57488
57489
57490
57491
57494
57495
57497
57498
57499
57502
57503
57580
57581
57582
57583
57584
57585
57586
57587
57588
57589
57590
57591
57592
57593
57594
57595
57596
57597
57598
57599
57600
57601
57602
57603
57604
57605
57607
57608
57609
57610
57611
57612
57613
57614
57615
57617
57618
57620
57621
57622
57623
57624
57625
57626
57627
57628
57629
57631
57632
57634
57635
57636
57637
57638
57639
57640
57641
57642
57744
57745
57857
57858
57859
57860
57861
57862
57863
57865
57866
57867
57911
57912
57913
57914
57915
57916
57917
57918
57920
57921
57922
57923
57925
57926
57927
57928
57929
57930
57931
57932
57933
57936
57937
58043
58044
58056
58060
58064
58082
58083
58087
58088
58091
58092
58093
58094
58095
58096
58097
58098
58102
58147
58150
58153
58154
58156
58158
58159
58160
58184
58186
58188
58190
58191
58194
58196
58197
58200
58201
58203
58204
58205
58206
58207
58209
58212
58214
58289
58290
58291
58292
58300
58301
58303
58304
58305
58307
58308
58309
58349
58354
58355
58369
58372
58374
58375
58377
58379
58380
58385
58386
58387
58388
58389
58390
58391
58393
58396
58397
58495
58496
58497
58498
58499
58501
58502
58503
58504
58505
58506
58507
58508
58509
58510
58511
58512
58514
58516
58517
58518
58521
58573
58574
58575
58576
58577
58578
58579
58580
58581
58582
58583
58584
58585
58586
58587
58589
58590
58591
58592
58593
58594
58595
58598
58599
58602
58603
58605
58607
58608
58611
58612
58613
58614
58615
58616
58617
58618
58619
58620
58621
58622
58623
58624
58626
58627
58628
58629
58630
58631
58632
58710
58787
58788
58789
58790
58791
58816
58817
58819
58820
58821
58822
58823
58825
58826
58827
58828
58832
58833
58834
58836
58838
58915
58917
58918
58924
58930
58932
58946
58984
58986
58987
58989
58990
58992
58993
58994
59010
59012
59013
59014
59017
59018
59020
59021
59072
59073
59074
59075
59076
59077
59078
59079
59080
59081
59083
59084
59085
59086
59087
59088
59089
59090
59091
59092
59093
59094
59095
59096
59098
59147
59149
59150
59152
59183
59184
59185
59186
59187
59188
59189
59190
59191
59192
59193
59195
59196
59197
59198
59199
59200
59202
59203
59204
59205
59206
59208
59209
59210
59211
59212
59213
59214
59215
59216
59218
59219
59303
59304
59305
59306
59307
59308
59309
59310
59311
59312
59314
59315
59316
59317
59318
59319
59320
59321
59325
59326
59327
59328
59329
59330
59331
59332
59333
59334
59335
59336
59337
59338
59339
59340
59341
59411
59450
59451
59452
59454
59455
59456
59458
59459
59460
59466
59538
59539
59540
59541
59542
59543
59544
59545
59546
59547
59548
59549
59550
59551
59552
59553
59554
59555
59556
59557
59558
59559
59560
59561
59562
59563
59564
59565
59570
59571
59623
59624
59625
59669
59670
59671
59672
59673
59674
59677
59678
59679
59680
59682
59683
59684
59685
59686
59687
59688
59689
59690
59691
59696
59698
59700
59701
59702
59704
59706
59707
59708
59710
59712
59713
59714
59715
59717
59718
59720
59723
59725
59726
59826
59828
59829
59830
59831
59832
59833
59835
59836
59837
59838
59839
59840
59841
59842
59845
59846
59847
59850
59851
59852
59853
59854
59855
59856
59857
59858
59859
59860
59861
59862
59863
59864
59865
59866
59867
59868
59955
59957
59961
59962
59988
59989
59990
59991
59992
59993
59994
59995
59996
59998
59999
60000
60001
60018
60058
60059
60060
60061
60063
60064
60066
60068
60069
60070
60072
60073
60074
60075
60079
60082
60083
60084
60134
60163
60164
60165
60166
60167
60168
60169
60170
60172
60173
60174
60176
60177
60178
60179
60181
60183
60185
60187
60188
60191
60192
60193
60194
60195
60296
60297
60298
60301
60302
60303
60306
60307
60308
60309
60310
60312
60313
60314
60315
60317
60320
60321
60322
60323
60379
60407
60408
60426
60434
60440
60468
60469
60470
60471
60472
60473
60474
60475
60476
60477
60479
60480
60482
60506
60511
60512
60514
60515
60545
60546
60547
60549
60553
60554
60556
60557
60558
60559
60601
60602
60630
60631
60634
60635
60636
60639
60640
60641
60643
60644
60645
60646
60647
60648
60650
60651
60652
60656
60657
60659
60660
60724
60725
60727
60728
60730
60731
60732
60733
60735
60738
60739
60741
60744
60746
60747
60748
60749
60750
60751
60752
60753
60754
60758
60759
60760
60761
60838
60839
60842
60843
60844
60845
60846
60847
60848
60849
60851
60852
60853
60854
60855
60868
60896
60898
60899
60900
60901
60903
60947
60948
60950
60951
60952
60953
60954
60955
60956
60957
60958
60959
60961
60962
60963
60964
60965
60966
60967
60968
60969
61009
61011
61012
61013
61015
61017
61018
61019
61020
61021
61022
61023
61024
61025
61026
61032
61034
61036
61037
61039
61083
61084
61086
61087
61088
61089
61090
61092
61093
61094
61095
61096
61097
61100
61101
61102
61103
61148
61153
61155
61157
61158
61162
61164
61238
61239
61240
61241
61242
61243
61244
61245
61246
61247
61248
61249
61250
61251
61252
61253
61254
61255
61256
61257
61258
61259
61260
61261
61262
61264
61372
61373
61374
61375
61376
61377
61379
61380
61381
61382
61386
61387
61388
61389
61390
61392
61393
61394
61395
61396
61397
61398
61399
61400
61401
61403
61404
61406
61407
61408
61411
61412
61413
61415
61416
61417
61527
61528
61529
61530
61531
61532
61534
61535
61536
61537
61538
61540
61542
61543
61544
61546
61548
61549
61550
61551
61552
61553
61554
61556
61557
61558
61559
61561
61562
61564
61565
61566
61567
61568
61570
61674
61679
61680
61681
61685
61688
61725
61737
61754
61755
61756
61758
61800
61804
61805
61807
61808
61809
61812
61813
61815
61819
61871
61876
61878
61881
61889
61891
61922
61924
61971
61975
61976
61977
61980
61983
61984
61985
62053
62054
62055
62056
62057
62058
62059
62060
62061
62062
62063
62065
62066
62067
62068
62069
62070
62071
62072
62073
62078
62079
62167
62168
62169
62170
62171
62172
62173
62174
62175
62176
62178
62179
62180
62181
62182
62188
62189
62197
62199
62200
62204
62206
62207
62295
62297
62298
62299
62300
62301
62302
62303
62304
62305
62306
62307
62309
62310
62311
62312
62313
62315
62318
62319
62322
62324
62325
62326
62328
62331
62333
62334
62335
62425
62427
62428
62429
62441
62447
62448
62457
62459
62462
62476
62480
62514
62516
62518
62519
62520
62521
62522
62523
62524
62525
62526
62528
62530
62568
62572
62573
62574
62577
62578
62579
62580
62581
62582
62584
62652
62653
62654
62655
62656
62657
62658
62659
62660
62661
62662
62663
62664
62665
62666
62667
62668
62669
62670
62671
62672
62673
62674
62675
62676
62677
62678
62679
62681
62682
62683
62684
62685
62686
62687
62688
62689
62690
62763
62765
62766
62767
62768
62769
62770
62771
62772
62773
62775
62830
62831
62832
62833
62834
62835
62836
62837
62838
62839
62840
62841
62842
62843
62844
62846
62847
62848
62849
62850
62851
62852
62853
62854
62855
62856
62857
62859
62860
62861
62863
62864
62865
62866
62867
62868
62870
62871
62872
62873
62874
62998
62999
63000
63001
63002
63003
63004
63005
63007
63008
63009
63010
63011
63012
63013
63014
63015
63016
63018
63019
63020
63023
63024
63025
63026
63027
63028
63029
63030
63031
63032
63033
63034
63035
63036
63037
63038
63039
63040
63041
63136
63141
63142
63144
63152
63158
63159
63168
63169
63171
63181
63182
63184
63185
63186
63187
63192
63203
63205
63232
63285
63286
63287
63288
63289
63290
63291
63292
63295
63297
63298
63299
63300
63302
63371
63372
63373
63374
63375
63376
63377
63378
63379
63380
63381
63383
63384
63385
63386
63387
63388
63389
63390
63391
63397
63399
63450
63451
63506
63507
63508
63509
63510
63511
63512
63514
63515
63516
63517
63518
63519
63520
63521
63523
63524
63525
63526
63527
63528
63529
63531
63532
63533
63534
63535
63536
63537
63538
63539
63541
63542
63543
63545
63546
63549
63550
63552
63553
63556
63672
63673
63675
63676
63677
63678
63680
63681
63682
63684
63685
63686
63687
63688
63689
63690
63691
63692
63693
63694
63698
63699
63700
63701
63704
63705
63706
63707
63708
63709
63710
63711
63712
63713
63714
63715
63716
63846
63872
63873
63874
63875
63876
63877
63878
63879
63880
63881
63882
63883
63886
63887
63888
63889
63890
63891
63892
63893
63895
63930
63945
63946
63947
63955
64001
64002
64006
64007
64008
64014
64015
64017
64019
64060
64061
64064
64066
64082
64083
64107
64113
64156
64157
64158
64159
64160
64161
64162
64163
64165
64167
64169
64170
64171
64172
64173
64174
64176
64177
64181
64212
64216
64247
64248
64250
64251
64252
64253
64254
64255
64256
64257
64258
64259
64260
64261
64262
64263
64264
64265
64266
64267
64268
64270
64271
64273
64274
64276
64358
64359
64362
64363
64368
64369
64370
64371
64372
64374
64375
64376
64377
64379
64380
64381
64385
64386
64387
64437
64452
64477
64479
64482
64484
64494
64495
64497
64498
64501
64533
64534
64535
64537
64538
64540
64541
64542
64543
64546
64547
64548
64549
64552
64554
64556
64557
64599
64600
64602
64603
64623
64624
64625
64626
64627
64628
64632
64633
64634
64635
64636
64638
64639
64642
64647
64729
64731
64734
64735
64736
64738
64740
64744
64747
64748
64749
64750
64753
64755
64757
64758
64823
64824
64825
64826
64827
64828
64864
64865
64868
64870
64871
64918
64919
64920
64921
64922
64923
64924
64925
64926
64927
64928
64931
64962
64964
64965
64968
64969
64970
64973
64974
64975
64976
64977
64978
64981
64982
64984
65012
65014
65038
65039
65040
65041
65044
65046
65047
65048
65055
65056
65075
65076
65079
65080
65082
65083
65085
65086
65088
65089
65091
65120
65136
65137
65138
65139
65141
65142
65143
65144
65145
65150
65152
65153
65154
65155
65207
65208
65209
65210
65211
65213
65214
65215
65218
65219
65220
65221
65223
65224
65225
65227
65228
65247
65275
65276
65277
65278
65279
65280
65281
65282
65283
65285
65287
65293
65295
65296
65299
65300
65340
65341
65342
65343
65344
65346
65347
65348
65349
65350
65351
65352
65355
65356
65357
65359
65360
65361
65362
65363
65400
65425
65426
65427
65428
65429
65430
65431
65432
65433
65434
65435
65437
65438
65439
65440
65441
65443
65444
65445
65446
65448
65449
65535
65536
65538
65539
65542
65543
65544
65545
65546
65548
65549
65550
65551
65552
65553
65554
65555
65556
65557
65558
65559
65560
65561
65562
65563
65564
65565
65597
65603
65604
65679
65684
65686
65689
65690
65692
65694
65695
65698
65782
65783
65784
65785
65786
65787
65789
65790
65791
65792
65793
65794
65795
65796
65797
65798
65799
65800
65801
65802
65803
65804
65807
65808
65809
65811
65812
65815
65881
65882
65883
65943
65944
65946
65947
65948
65949
65950
65951
65952
65953
65954
65956
65957
65958
65959
65960
65962
65963
65964
65967
65968
65969
65971
65972
65973
65976
65977
65978
65979
65980
65981
65982
65990
66116
66117
66119
66120
66121
66122
66123
66124
66125
66126
66127
66128
66129
66130
66131
66132
66134
66136
66137
66138
66139
66140
66142
66144
66145
66146
66148
66149
66150
66151
66152
66153
66154
66155
66274
66290
66307
66309
66310
66349
66354
66355
66357
66359
66361
66362
66363
66364
66365
66366
66367
66368
66371
66377
66381
66419
66421
66422
66450
66452
66453
66454
66455
66456
66458
66459
66463
66465
66466
66468
66469
66470
66472
66529
66531
66533
66536
66537
66538
66539
66540
66541
66543
66544
66547
66548
66549
66551
66552
66555
66557
66558
66604
66607
66611
66612
66620
66655
66656
66657
66659
66660
66661
66662
66663
66665
66666
66667
66668
66669
66672
66673
66729
66731
66732
66733
66735
66736
66737
66738
66739
66740
66741
66742
66743
66744
66745
66746
66747
66748
66749
66750
66751
66836
66837
66838
66839
66840
66841
66842
66843
66844
66845
66846
66847
66848
66849
66850
66851
66852
66853
66854
66855
66856
66857
66862
67013
67014
67015
67016
67017
67018
67020
67021
67022
67023
67024
67025
67026
67027
67028
67029
67030
67031
67032
67033
67034
67035
67036
67037
67038
67039
67040
67042
67043
67044
67046
67048
67049
67050
67051
67052
67053
67054
67055
67057
67058
67060
67062
67065
67066
67217
67218
67219
67220
67221
67222
67223
67224
67225
67226
67227
67228
67229
67231
67232
67233
67234
67235
67236
67237
67238
67239
67242
67243
67244
67245
67246
67247
67248
67249
67251
67252
67253
67254
67255
67256
67257
67258
67259
67260
67405
67406
67407
67418
67419
67421
67422
67433
67454
67455
67457
67458
67467
67468
67469
67470
67471
67472
67494
67495
67496
67497
67498
67499
67500
67501
67502
67503
67504
67506
67507
67508
67511
67538
67539
67540
67541
67542
67557
67558
67561
67562
67563
67564
67565
67566
67567
67569
67572
67573
67574
67575
67624
67625
67626
67627
67629
67630
67631
67632
67633
67637
67638
67639
67640
67700
67701
67703
67704
67705
67706
67707
67708
67709
67713
67714
67716
67718
67719
67720
67721
67722
67723
67724
67746
67748
67749
67756
67759
67761
67827
67828
67829
67830
67831
67832
67833
67834
67835
67836
67837
67838
67839
67841
67842
67843
67844
67845
67846
67847
67849
67851
67852
67924
67926
67928
67967
67968
67969
67970
67971
67973
67974
67975
67976
67978
67979
67980
67982
67983
67984
67985
67986
67987
67988
67989
67990
67991
67992
67993
67994
67995
67996
67997
67998
67999
68000
68001
68002
68003
68004
68005
68007
68009
68128
68129
68130
68131
68133
68134
68135
68136
68137
68138
68139
68140
68141
68142
68146
68147
68151
68153
68155
68156
68157
68158
68159
68160
68161
68163
68164
68166
68167
68168
68169
68170
68274
68287
68320
68361
68363
68364
68367
68368
68392
68394
68395
68396
68397
68403
68405
68407
68409
68444
68445
68454
68464
68471
68474
68485
68486
68487
68490
68501
68523
68524
68525
68528
68529
68530
68532
68541
68542
68545
68548
68578
68580
68582
68585
68586
68646
68647
68649
68651
68652
68653
68655
68661
68662
68663
68664
68665
68666
68731
68733
68735
68736
68737
68738
68742
68744
68745
68749
68754
68756
68757
68803
68809
68810
68822
68835
68837
68838
68840
68843
68849
68852
68853
68855
68856
68857
68869
68870
68871
68872
68873
68874
68875
68877
68878
68879
68880
68881
68882
68883
68884
68885
68887
68891
68892
68893
68894
68895
68896
68897
68898
68899
68900
68901
68902
68903
68904
68905
68906
68907
68908
68909
68910
69022
69023
69024
69025
69026
69027
69028
69029
69030
69031
69032
69034
69035
69036
69037
69038
69039
69040
69042
69044
69045
69046
69047
69048
69050
69051
69052
69054
69056
69057
69058
69059
69133
69134
69135
69136
69137
69138
69139
69140
69141
69142
69143
69144
69145
69146
69147
69148
69149
69150
69151
69152
69153
69154
69155
69156
69158
69159
69160
69162
69163
69164
69165
69166
69169
69173
69174
69175
69176
69177
69178
69179
69180
69181
69182
69183
69184
69185
69186
69187
69188
69189
69190
69191
69192
69193
69194
69195
69196
69197
69404
69405
69406
69407
69409
69411
69413
69460
69461
69462
69463
69464
69465
69466
69467
69468
69469
69470
69471
69472
69473
69474
69475
69476
69478
69479
69481
69482
69485
69486
69487
69488
69489
69490
69491
69492
69577
69578
69579
69580
69582
69583
69584
69585
69586
69587
69588
69589
69590
69591
69592
69593
69594
69595
69596
69597
69598
69599
69600
69601
69602
69603
69604
69706
69707
69709
69710
69711
69712
69713
69715
69716
69717
69718
69719
69721
69722
69723
69724
69725
69726
69732
69733
69735
69736
69738
69794
69795
69796
69797
69798
69799
69800
69801
69802
69803
69804
69805
69806
69807
69808
69809
69810
69811
69812
69813
69814
69815
69817
69818
69819
69820
69821
69822
69823
69825
69826
69827
69828
69831
69833
69834
69835
69836
69837
69838
69839
69840
69841
69842
69843
69844
69845
69846
69847
69848
69849
69850
69851
69852
69853
69854
69855
69856
69945
69946
69947
70051
70052
70053
70054
70056
70058
70060
70090
70091
70092
70093
70094
70095
70096
70097
70098
70099
70100
70102
70103
70104
70105
70106
70107
70108
70109
70110
70111
70180
70203
70204
70205
70206
70207
70209
70211
70212
70214
70216
70217
70218
70219
70220
70222
70223
70225
70226
70227
70228
70229
70230
70231
70232
70233
70234
70235
70236
70237
70238
70239
70240
70241
70348
70349
70350
70351
70352
70353
70354
70356
70357
70359
70360
70362
70364
70365
70366
70367
70370
70373
70374
70377
70378
70443
70444
70445
70446
70447
70448
70449
70450
70451
70452
70453
70454
70455
70456
70457
70458
70459
70461
70462
70463
70464
70465
70466
70467
70469
70471
70472
70474
70475
70476
70477
70478
70480
70481
70483
70484
70485
70486
70487
70488
70489
70490
70491
70492
70493
70494
70495
70496
70497
70498
70499
70500
70501
70502
70503
70504
70505
70606
70637
70700
70702
70703
70708
70746
70747
70748
70749
70750
70751
70752
70753
70754
70755
70756
70757
70758
70759
70761
70762
70763
70764
70765
70766
70767
70770
70771
70772
70773
70861
70862
70863
70867
70871
70872
70875
70878
70879
70890
70891
70892
70894
70904
70905
70906
70907
70909
70910
70911
70912
70914
70915
70916
70917
70919
70921
70922
70923
70974
70975
70978
70979
70984
70985
70986
71016
71017
71018
71020
71021
71024
71025
71026
71030
71031
71034
71037
71039
71042
71043
71044
71046
71047
71048
71049
71050
71051
71151
71157
71158
71160
71161
71194
71198
71204
71206
71210
71214
71216
71220
71222
71224
71225
71227
71228
71229
71230
71231
71232
71339
71340
71341
71342
71343
71344
71345
71346
71348
71349
71351
71352
71353
71354
71356
71358
71360
71363
71365
71368
71369
71371
71440
71441
71442
71443
71444
71445
71446
71447
71448
71449
71450
71451
71452
71453
71454
71455
71456
71457
71459
71460
71461
71462
71467
71468
71477
71480
71482
71483
71484
71485
71487
71489
71490
71492
71493
71494
71495
71496
71497
71498
71499
71500
71501
71584
71609
71660
71663
71666
71688
71689
71690
71691
71692
71693
71694
71695
71696
71697
71698
71699
71700
71701
71702
71703
71704
71705
71778
71780
71781
71783
71785
71786
71788
71790
71791
71792
71855
71862
71885
71887
71889
71891
71895
71896
71898
71899
71902
71906
71909
72025
72026
72027
72029
72063
72066
72068
72069
72070
72071
72072
72073
72075
72077
72078
72079
72080
72082
72083
72084
72086
72087
72088
72089
72090
72164
72166
72168
72169
72170
72173
72175
72176
72178
72179
72180
72183
72185
72187
72191
72232
72233
72234
72235
72236
72237
72238
72239
72240
72241
72242
72243
72244
72245
72246
72247
72248
72249
72250
72251
72252
72253
72258
72260
72261
72262
72263
72265
72266
72267
72268
72269
72270
72272
72274
72275
72277
72278
72279
72280
72282
72284
72381
72432
72467
72470
72471
72472
72475
72476
72477
72478
72479
72480
72481
72482
72546
72548
72549
72550
72551
72554
72555
72557
72560
72616
72617
72620
72625
72626
72629
72630
72650
72652
72653
72654
72655
72657
72658
72659
72660
72661
72662
72663
72664
72666
72667
72668
72669
72671
72672
72674
72675
72679
72680
72683
72684
72686
72688
72689
72690
72691
72692
72693
72695
72697
72784
72785
72786
72787
72799
72800
72801
72802
72803
72804
72805
72806
72808
72811
72812
72814
72815
72816
72861
72862
72863
72870
72872
72873
72874
72875
72887
72891
72892
72893
72894
72895
72896
72897
72898
72899
72900
72902
72903
72904
72905
72906
72907
72908
72909
72911
72912
72915
72918
72919
72920
72921
72922
72979
72981
72982
72984
72986
72989
72990
72993
72999
73036
73037
73039
73041
73042
73043
73044
73045
73046
73047
73048
73049
73050
73051
73052
73053
73054
73058
73059
73062
73063
73065
73066
73067
73068
73070
73072
73075
73078
73079
73142
73145
73194
73206
73207
73209
73210
73212
73213
73214
73215
73216
73217
73218
73219
73222
73225
73272
73273
73274
73276
73308
73310
73334
73340
73341
73347
73348
73349
73350
73351
73354
73356
73357
73360
73363
73396
73426
73427
73429
73432
73433
73467
73469
73470
73471
73475
73476
73477
73478
73479
73481
73483
73485
73486
73488
73489
73490
73491
73492
73493
73494
73495
73497
73498
73499
73500
73501
73502
73606
73607
73608
73610
73611
73612
73613
73615
73617
73618
73619
73620
73622
73623
73625
73629
73630
73631
73632
73634
73635
73636
73696
73697
73698
73699
73700
73701
73702
73703
73704
73705
73706
73707
73708
73709
73710
73711
73712
73713
73714
73715
73716
73717
73718
73719
73720
73722
73723
73725
73726
73727
73728
73730
73731
73732
73734
73735
73736
73737
73738
73739
73740
73741
73742
73743
73744
73745
73746
73747
73748
73749
73751
73752
73753
73754
73850
73947
73949
73950
73954
73985
73986
73987
73989
73990
73991
73992
73993
73994
73995
73996
73997
73998
74000
74001
74002
74003
74004
74005
74006
74008
74009
74010
74086
74087
74089
74090
74091
74094
74095
74096
74097
74098
74100
74101
74102
74103
74104
74105
74106
74107
74108
74109
74110
74111
74197
74199
74200
74201
74204
74208
74210
74211
74212
74214
74215
74221
74272
74273
74274
74275
74276
74277
74278
74279
74280
74281
74282
74283
74284
74285
74286
74287
74288
74289
74290
74291
74292
74294
74296
74299
74300
74302
74304
74306
74307
74308
74309
74310
74311
74312
74313
74314
74315
74317
74318
74319
74320
74321
74323
74324
74325
74326
74327
74411
74466
74487
74488
74489
74495
74496
74497
74498
74499
74500
74501
74502
74503
74504
74505
74507
74508
74585
74586
74587
74588
74589
74590
74593
74594
74596
74597
74598
74599
74600
74601
74602
74604
74605
74607
74608
74609
74610
74612
74613
74614
74615
74616
74617
74618
74619
74620
74621
74622
74623
74624
74747
74748
74750
74751
74752
74753
74754
74755
74756
74757
74758
74759
74760
74761
74762
74763
74764
74765
74766
74768
74769
74770
74771
74773
74774
74775
74776
74779
74780
74781
74782
74783
74784
74785
74864
74865
74866
74867
74868
74869
74870
74871
74872
74873
74874
74875
74876
74877
74878
74879
74880
74881
74883
74884
74885
74886
74887
74888
74889
74890
74891
74892
74893
74895
74896
74898
74899
74900
74901
74903
74904
74905
74907
74908
74910
74911
74912
74913
74914
74915
74916
74917
74918
74919
74920
74921
74922
74923
74924
74925
74926
74927
74928
74929
75045
75046
75161
75169
75212
75213
75214
75215
75216
75217
75218
75219
75221
75222
75223
75224
75225
75226
75227
75228
75229
75230
75231
75232
75234
75236
75238
75239
75352
75354
75355
75356
75358
75359
75360
75362
75363
75364
75366
75368
75369
75370
75371
75372
75373
75374
75375
75376
75377
75378
75379
75380
75381
75382
75383
75384
75385
75386
75387
75388
75389
75390
75391
75392
75393
75394
75525
75527
75528
75529
75530
75531
75532
75533
75534
75535
75536
75537
75538
75539
75540
75541
75542
75543
75544
75545
75546
75547
75548
75550
75551
75554
75556
75557
75558
75559
75560
75561
75562
75563
75564
75565
75566
75567
75659
75660
75661
75662
75663
75664
75665
75666
75667
75668
75669
75670
75671
75672
75673
75674
75675
75676
75677
75678
75679
75680
75681
75682
75683
75684
75685
75686
75687
75688
75689
75690
75691
75692
75693
75695
75696
75697
75698
75699
75700
75701
75702
75703
75704
75705
75706
75707
75708
75709
75710
75711
75712
75713
75714
75715
75716
75717
75718
75719
75720
75721
75722
75723
75724
75725
75848
75851
75852
75854
75855
75856
75857
75858
75859
75860
75861
75862
75863
75864
75865
75866
75868
75869
75872
75873
75874
75875
75876
75877
75879
75880
75881
75882
75884
75885
75935
76021
76026
76028
76030
76031
76082
76083
76085
76086
76087
76088
76089
76090
76091
76092
76093
76094
76095
76096
76097
76098
76099
76100
76101
76102
76103
76104
76105
76107
76109
76110
76113
76114
76115
76232
76236
76244
76245
76246
76247
76248
76250
76251
76255
76257
76260
76261
76262
76263
76264
76265
76268
76269
76270
76271
76272
76273
76274
76275
76276
76277
76278
76279
76280
76370
76371
76373
76374
76375
76376
76377
76379
76380
76382
76383
76385
76387
76388
76389
76390
76391
76392
76393
76394
76395
76396
76399
76400
76401
76402
76458
76459
76460
76461
76462
76463
76464
76465
76466
76467
76468
76469
76470
76471
76472
76473
76474
76475
76476
76477
76478
76479
76480
76483
76485
76486
76487
76491
76494
76495
76496
76498
76499
76500
76501
76502
76503
76504
76505
76506
76507
76508
76509
76510
76512
76513
76514
76515
76516
76623
76624
76625
76626
76627
76628
76630
76632
76634
76637
76638
76639
76641
76642
76735
76737
76770
76771
76772
76773
76774
76775
76777
76778
76780
76781
76782
76783
76784
76785
76786
76787
76788
76790
76791
76792
76793
76796
76865
76901
76903
76908
76912
76918
76919
76920
76922
76924
76927
76930
76933
76972
76975
76981
76984
76989
76991
77016
77019
77021
77025
77026
77028
77029
77031
77032
77035
77036
77037
77046
77091
77126
77137
77141
77142
77143
77194
77195
77198
77204
77254
77294
77295
77296
77297
77299
77300
77301
77302
77303
77304
77305
77307
77308
77310
77312
77315
77317
77323
77327
77331
77332
77335
77337
77338
77427
77430
77431
77432
77433
77434
77436
77439
77474
77477
77494
77496
77497
77498
77499
77500
77504
77505
77506
77529
77530
77534
77535
77536
77537
77538
77539
77540
77541
77542
77543
77545
77548
77549
77550
77551
77596
77598
77599
77601
77602
77604
77606
77608
77622
77623
77624
77625
77626
77627
77629
77630
77631
77632
77633
77634
77635
77636
77637
77639
77641
77643
77645
77646
77648
77649
77650
77652
77653
77654
77655
77656
77657
77658
77660
77661
77662
77663
77664
77665
77666
77743
77759
77761
77762
77763
77764
77765
77767
77768
77769
77772
77773
77774
77775
77831
77832
77833
77834
77835
77836
77837
77838
77839
77840
77841
77842
77843
77844
77845
77846
77847
77849
77850
77851
77852
77853
77854
77855
77856
77857
77858
77859
77860
77861
77862
77863
77864
77865
77866
77867
77868
77869
77870
77871
78004
78005
78006
78007
78008
78009
78010
78011
78012
78014
78015
78016
78017
78018
78019
78020
78021
78023
78024
78025
78026
78027
78029
78030
78031
78033
78034
78035
78037
78038
78039
78040
78043
78125
78126
78127
78128
78129
78130
78131
78132
78133
78134
78135
78136
78137
78138
78139
78140
78141
78142
78143
78144
78145
78147
78148
78150
78151
78153
78155
78156
78158
78159
78160
78161
78162
78163
78164
78165
78168
78170
78171
78172
78173
78174
78175
78176
78177
78178
78179
78180
78181
78182
78183
78184
78185
78186
78187
78189
78190
78192
78193
78448
78451
78454
78455
78456
78457
78458
78459
78460
78509
78510
78511
78512
78513
78514
78515
78516
78517
78518
78519
78520
78521
78523
78525
78526
78527
78528
78529
78530
78531
78532
78533
78535
78537
78539
78648
78649
78650
78651
78653
78654
78655
78658
78661
78662
78663
78666
78668
78669
78670
78671
78672
78673
78723
78726
78733
78734
78762
78763
78764
78765
78766
78767
78769
78771
78772
78773
78774
78776
78778
78779
78782
78784
78786
78788
78789
78791
78792
78793
78794
78846
78890
78891
78904
78905
78906
78907
78908
78910
78912
78913
78915
78916
78917
78918
78944
78949
78966
78967
78968
78969
78974
78983
78991
78992
78999
79000
79003
79030
79042
79043
79046
79049
79050
79055
79056
79057
79090
79092
79093
79105
79106
79114
79115
79118
79119
79125
79126
79132
79161
79162
79164
79165
79166
79167
79244
79255
79256
79259
79261
79267
79268
79270
79273
79274
79275
79276
79277
79278
79280
79281
79282
79283
79284
79286
79287
79288
79289
79376
79377
79378
79381
79382
79383
79386
79387
79389
79391
79392
79393
79397
79399
79400
79403
79458
79459
79460
79461
79462
79463
79464
79465
79466
79467
79468
79470
79472
79473
79474
79475
79476
79477
79478
79479
79480
79481
79484
79485
79487
79489
79490
79491
79493
79494
79495
79496
79497
79498
79499
79500
79501
79502
79503
79504
79505
79506
79507
79508
79509
79592
79666
79667
79668
79670
79671
79695
79696
79697
79698
79699
79700
79701
79702
79703
79704
79706
79707
79708
79709
79710
79712
79715
79716
79717
79789
79795
79796
79805
79806
79808
79810
79817
79818
79868
79869
79874
79875
79877
79882
79898
79899
79900
79902
79904
79905
79906
79908
79909
79911
79913
79914
79915
79916
79920
79922
79924
79928
79929
79930
80024
80025
80026
80027
80029
80030
80036
80037
80084
80094
80101
80102
80104
80106
80107
80111
80112
80114
80115
80116
80117
80118
80119
80120
80121
80122
80123
80124
80125
80126
80127
80128
80129
80130
80131
80132
80254
80255
80256
80257
80258
80259
80260
80261
80262
80263
80264
80265
80266
80267
80268
80269
80270
80271
80272
80273
80274
80275
80276
80277
80279
80280
80282
80283
80284
80287
80289
80290
80291
80372
80373
80374
80375
80376
80377
80378
80379
80380
80381
80382
80383
80384
80385
80386
80387
80388
80389
80390
80391
80392
80393
80394
80396
80397
80398
80399
80400
80401
80402
80403
80404
80405
80406
80407
80408
80409
80410
80411
80412
80413
80414
80415
80416
80417
80418
80419
80420
80421
80422
80423
80424
80425
80426
80427
80428
80430
80431
80432
80433
80663
80712
80713
80714
80715
80716
80718
80719
80720
80721
80722
80723
80724
80725
80726
80727
80728
80729
80730
80731
80733
80735
80736
80737
80738
80739
80740
80835
80838
80839
80851
80860
80864
80865
80866
80868
80869
80870
80872
80873
80874
80875
80876
80877
80878
80879
80880
80881
80883
80884
80885
80886
80887
80888
80889
80890
80891
80974
80975
80976
80977
80978
80981
80982
80984
80985
80986
80987
80988
80989
80991
80992
80995
80997
80998
81000
81046
81047
81048
81049
81050
81051
81052
81053
81054
81055
81056
81057
81058
81059
81060
81061
81062
81063
81064
81065
81066
81067
81069
81070
81071
81072
81075
81076
81078
81079
81080
81081
81082
81083
81084
81085
81086
81087
81088
81089
81091
81092
81093
81094
81095
81096
81227
81228
81253
81254
81255
81256
81257
81258
81259
81260
81262
81263
81264
81265
81266
81268
81269
81335
81336
81337
81338
81339
81340
81341
81342
81343
81345
81346
81347
81348
81349
81350
81351
81352
81354
81355
81356
81357
81358
81359
81360
81361
81363
81364
81365
81465
81468
81472
81474
81475
81476
81477
81479
81480
81481
81482
81483
81484
81486
81487
81488
81489
81490
81496
81497
81558
81559
81561
81562
81563
81564
81565
81566
81567
81568
81569
81570
81571
81572
81573
81575
81576
81577
81578
81579
81580
81581
81583
81584
81585
81586
81587
81590
81591
81592
81594
81595
81596
81597
81599
81600
81601
81602
81603
81604
81606
81608
81610
81611
81612
81613
81614
81615
81616
81702
81786
81787
81825
81826
81831
81833
81835
81836
81837
81838
81839
81840
81843
81844
81845
81902
81924
81926
81930
81932
81934
81980
81982
81985
81989
81992
81993
82008
82010
82012
82013
82014
82015
82016
82018
82020
82022
82023
82024
82025
82026
82032
82036
82038
82040
82043
82044
82046
82115
82116
82121
82122
82152
82153
82154
82156
82158
82160
82162
82165
82166
82167
82168
82170
82171
82172
82173
82174
82175
82177
82178
82179
82181
82282
82283
82285
82286
82287
82290
82291
82292
82293
82294
82295
82296
82297
82299
82352
82353
82354
82356
82357
82358
82360
82361
82362
82364
82365
82367
82368
82369
82370
82373
82374
82375
82378
82379
82380
82381
82382
82383
82384
82386
82387
82388
82389
82390
82391
82393
82394
82395
82396
82397
82398
82479
82581
82583
82585
82586
82587
82588
82590
82591
82592
82593
82594
82595
82596
82597
82598
82599
82600
82658
82659
82660
82661
82662
82663
82664
82665
82667
82668
82670
82671
82672
82673
82676
82677
82678
82679
82680
82682
82683
82685
82686
82687
82688
82689
82690
82691
82692
82768
82769
82770
82772
82773
82775
82776
82778
82779
82780
82782
82785
82786
82787
82788
82819
82820
82821
82822
82823
82824
82825
82826
82827
82828
82829
82830
82831
82832
82833
82834
82835
82836
82837
82838
82839
82840
82841
82842
82846
82847
82849
82850
82857
82859
82860
82861
82864
82866
82868
82869
82870
82871
82872
82874
83029
83030
83031
83032
83033
83034
83035
83037
83038
83039
83040
83041
83042
