7
8
9
10
11
12
13
14
15
16
17
18
19
20
21
22
23
24
25
26
32
33
34
35
36
37
38
48
57
58
59
60
61
62
63
64
65
66
67
68
69
70
71
72
73
74
92
93
94
118
119
120
121
122
136
137
138
139
140
141
142
143
144
145
146
147
171
172
173
174
175
176
177
178
179
180
181
182
183
184
185
186
187
188
189
190
191
192
193
194
195
196
197
198
242
243
244
245
246
247
280
281
282
283
284
285
286
287
288
289
290
291
292
293
294
295
296
297
298
299
300
315
316
317
318
319
320
321
322
323
324
325
326
327
328
329
330
331
332
333
334
335
380
381
382
383
384
385
386
387
388
389
390
414
415
416
417
441
442
443
444
445
446
447
448
449
450
451
452
453
454
455
456
457
458
459
460
461
462
463
465
466
467
468
469
470
471
472
473
474
475
476
477
478
479
480
481
529
530
531
532
533
534
535
536
537
538
539
540
541
542
543
544
545
546
547
568
569
587
588
589
590
591
609
610
611
612
641
642
643
644
645
646
647
648
649
650
651
652
653
654
655
656
657
658
659
683
684
704
705
706
707
708
709
710
711
712
713
714
715
716
717
718
719
720
744
745
746
747
776
777
778
779
780
781
782
783
784
785
786
787
788
789
790
791
792
793
794
802
803
804
805
806
807
808
809
810
811
818
819
820
821
822
823
824
825
826
827
828
829
830
831
832
833
834
835
836
839
840
841
842
843
844
845
846
847
848
849
855
856
857
858
859
860
861
862
863
864
865
866
867
868
869
887
888
908
911
912
934
935
936
937
938
939
940
941
942
943
944
945
946
947
948
949
950
951
952
953
955
998
999
1000
1001
1002
1003
1035
1036
1037
1038
1039
1040
1041
1042
1043
1044
1045
1046
1047
1048
1049
1050
1051
1052
1069
1070
1071
1072
1073
1074
1075
1076
1077
1078
1079
1080
1081
1082
1083
1084
1085
1086
1131
1132
1133
1134
1135
1136
1137
1138
1139
1140
1162
1163
1190
1191
1192
1193
1194
1195
1196
1197
1198
1199
1200
1201
1202
1203
1204
1205
1206
1207
1208
1209
1210
1211
1212
1213
1214
1215
1216
1217
1218
1219
1220
1221
1222
1223
1224
1225
1226
1227
1228
1229
1230
1231
1277
1278
1279
1280
1281
1282
1283
1284
1285
1286
1287
1288
1289
1290
1291
1313
1314
1315
1316
1317
1318
1319
1336
1337
1338
1339
1340
1358
1359
1360
1361
1362
1363
1364
1390
1391
1392
1393
1394
1395
1396
1397
1398
1399
1400
1401
1402
1403
1404
1405
1406
1407
1408
1409
1433
1437
1438
1439
1440
1441
1442
1443
1444
1445
1446
1447
1448
1449
1450
1451
1452
1474
1475
1476
1477
1478
1479
1480
1481
1482
1509
1510
1511
1512
1513
1514
1515
1516
1517
1518
1519
1520
1521
1522
1523
1524
1525
1526
1527
1540
1541
1542
1543
1544
1545
1546
1547
1548
1549
1550
1551
1552
1561
1562
1563
1564
1565
1566
1567
1568
1569
1570
1571
1572
1573
1574
1575
1576
1577
1578
1579
1588
1589
1590
1591
1592
1593
1594
1595
1596
1597
1598
1599
1600
1620
1633
1634
1635
1636
1637
1638
1639
1640
1641
1642
1643
1644
1645
1646
1647
1648
1661
1683
1684
1702
1703
1704
1705
1706
1707
1708
1709
1710
1711
1712
1713
1714
1715
1739
1740
1741
1742
1743
1744
1745
1746
1747
1748
1749
1750
1751
1752
1753
1754
1755
1756
1757
1759
1760
1761
1762
1763
1764
1806
1807
1808
1809
1810
1845
1846
1847
1848
1849
1850
1851
1852
1853
1854
1855
1856
1857
1858
1859
1860
1861
1862
1874
1875
1876
1877
1878
1879
1880
1881
1882
1883
1884
1885
1886
1887
1888
1889
1890
1891
1892
1893
1934
1935
1936
1937
1959
1986
1987
1988
1989
1990
1991
1992
1993
1994
1995
1996
1997
1998
1999
2000
2001
2002
2003
2004
2005
2006
2007
2008
2009
2010
2011
2012
2013
2014
2015
2016
2017
2018
2019
2020
2021
2022
2023
2024
2025
2026
2073
2074
2075
2076
2077
2078
2079
2080
2081
2082
2083
2084
2085
2086
2087
2105
2106
2107
2108
2109
2110
2122
2123
2124
2125
2143
2144
2145
2146
2147
2148
2173
2174
2175
2176
2177
2178
2179
2180
2181
2182
2183
2184
2185
2186
2187
2188
2189
2190
2191
2192
2193
2216
2217
2231
2232
2233
2234
2235
2236
2237
2238
2239
2240
2241
2259
2260
2261
2262
2263
2264
2292
2293
2294
2295
2296
2297
2298
2299
2300
2301
2302
2303
2304
2305
2306
2307
2314
2315
2316
2317
2318
2319
2320
2321
2322
2323
2324
2328
2330
2331
2337
2338
2353
2354
2355
2356
2357
2362
2363
2376
2377
2378
2379
2380
2381
2382
2383
2384
2386
2387
2388
2389
2391
2392
2393
2394
2395
2404
2405
2415
2434
2435
2436
2437
2438
2439
2440
2441
2482
2483
2484
2485
2486
2487
2488
2489
2490
2491
2495
2496
2497
2498
2499
2500
2501
2502
2503
2504
2505
2506
2532
2533
2541
2563
2564
2565
2566
2567
2568
2569
2570
2571
2572
2573
2574
2575
2576
2577
2578
2579
2580
2581
2582
2583
2584
2585
2621
2622
2623
2624
2634
2639
2640
2641
2648
2662
2663
2664
2665
2666
2667
2668
2669
2670
2671
2691
2692
2693
2694
2695
2696
2697
2706
2723
2724
2725
2726
2727
2728
2729
2732
2733
2734
2735
2737
2740
2750
2751
2752
2753
2754
2755
2756
2757
2758
2766
2767
2768
2769
2770
2771
2772
2773
2774
2775
2776
2796
2797
2798
2799
2805
2818
2819
2820
2821
2837
2838
2839
2840
2841
2842
2843
2844
2845
2846
2867
2868
2869
2870
2871
2872
2873
2874
2875
2876
2877
2878
2879
2880
2881
2882
2883
2884
2920
2921
2922
2923
2924
2925
2926
2955
2956
2957
2958
2959
2960
2961
2962
2963
2964
2965
2966
2967
2968
2969
2970
2971
2972
2985
2986
2987
2988
2989
2990
2991
2992
2993
2994
2995
3032
3033
3034
3035
3036
3037
3045
3067
3068
3069
3070
3071
3072
3073
3074
3075
3076
3077
3078
3079
3080
3081
3082
3083
3084
3085
3086
3087
3088
3089
3090
3091
3092
3093
3094
3095
3096
3097
3098
3142
3143
3144
3145
3146
3147
3148
3149
3150
3165
3166
3173
3174
3175
3188
3189
3190
3213
3214
3215
3216
3217
3218
3219
3220
3221
3222
3223
3224
3225
3226
3254
3255
3256
3257
3258
3259
3260
3280
3281
3282
3283
3304
3305
3306
3307
3308
3309
3310
3311
3312
3313
3314
3315
3316
3321
3322
3323
3324
3325
3326
3328
3329
3330
3331
3332
3333
3334
3338
3344
3359
3382
3383
3384
3385
3386
3387
3388
3389
3393
3394
3395
3396
3406
3407
3427
3428
3429
3430
3431
3432
3433
3434
3435
3436
3437
3438
3439
3440
3441
3442
3471
3472
3473
3474
3482
3483
3487
3494
3501
3502
3503
3504
3505
3506
3519
3529
3530
3531
3537
3538
3539
3540
3541
3542
3543
3544
3545
3546
3547
3548
3549
3550
3551
3552
3553
3554
3558
3559
3560
3561
3562
3563
3564
3565
3566
3567
3571
3576
3577
3578
3579
3599
3600
3601
3602
3603
3604
3605
3606
3607
3608
3609
3610
3611
3612
3613
3614
3645
3646
3647
3648
3667
3668
3669
3670
3671
3672
3673
3674
3675
3676
3677
3678
3686
3687
3688
3689
3690
3718
3745
3746
3747
3748
3749
3750
3751
3752
3753
3754
3755
3756
3757
3758
3759
3760
3761
3762
3763
3764
3765
3766
3767
3768
3769
3770
3771
3772
3773
3774
3775
3776
3777
3778
3779
3780
3781
3782
3822
3823
3824
3825
3826
3827
3828
3829
3830
3831
3845
3846
3847
3848
3849
3856
3857
3868
3869
3885
3886
3887
3888
3889
3890
3891
3892
3893
3894
3895
3916
3918
3919
3920
3921
3922
3923
3924
3925
3926
3927
3928
3940
3941
3960
3961
3962
3963
3964
3965
3966
3967
3968
3973
3974
3975
3976
3977
3978
3979
3982
3983
3984
3985
3986
3987
3988
3989
3990
3991
3992
3993
3994
3997
3998
3999
4013
4018
4039
4040
4041
4042
4043
4044
4045
4046
4047
4073
4091
4092
4093
4094
4095
4096
4097
4098
4099
4100
4101
4102
4103
4104
4105
4106
4107
4128
4129
4151
4152
4153
4154
4155
4156
4157
4158
4159
4160
4161
4162
4163
4164
4165
4166
4167
4168
4169
4170
4171
4172
4173
4174
4175
4176
4177
4215
4216
4217
4218
4230
4231
4238
4239
4240
4266
4267
4268
4269
4270
4271
4272
4273
4274
4275
4299
4300
4301
4302
4303
4304
4305
4321
4322
4323
4341
4342
4343
4344
4345
4347
4348
4349
4350
4352
4360
4363
4365
4366
4378
4379
4380
4381
4382
4383
4400
4404
4405
4406
4407
4425
4426
4427
4428
4429
4430
4431
4464
4465
4466
4467
4468
4469
4470
4471
4472
4475
4476
4477
4506
4507
4508
4509
4510
4511
4512
4513
4514
4515
4516
4517
4518
4519
4520
4521
4522
4523
4524
4525
4526
4564
4565
4583
4584
4585
4586
4587
4588
4604
4605
4612
4623
4624
4625
4626
4627
4628
4629
4630
4631
4632
4633
4634
4635
4640
4641
4642
4643
4650
4654
4655
4667
4668
4669
4680
4690
4692
4693
4694
4695
4707
4723
4724
4725
4753
4757
4767
4778
4779
4781
4790
4791
4792
4793
4794
4795
4796
4797
4798
4799
4800
4801
4802
4803
4804
4805
4806
4814
4815
4816
4817
4818
4819
4824
4840
4841
4842
4843
4844
4845
4846
4847
4848
4849
4850
4851
4852
4853
4854
4855
4856
4857
4858
4859
4860
4861
4881
4882
4883
4884
4906
4907
4908
4921
4922
4923
4924
4925
4926
4927
4928
4929
4930
4931
4932
4933
4934
4935
4936
4937
4960
4961
4962
4963
4964
4965
4966
4967
4968
4969
4970
4971
4972
4973
4974
4975
4976
4977
4978
4979
4980
4981
5022
5023
5024
5025
5026
5027
5028
5029
5030
5031
5060
5061
5062
5063
5064
5065
5066
5067
5068
5069
5070
5071
5072
5073
5074
5075
5076
5077
5078
5079
5093
5094
5095
5096
5097
5098
5099
5100
5101
5102
5103
5104
5105
5106
5107
5108
5109
5110
5111
5150
5151
5152
5153
5154
5155
5156
5157
5158
5180
5181
5206
5207
5208
5209
5210
5211
5212
5213
5214
5215
5216
5217
5218
5219
5220
5221
5222
5223
5224
5225
5226
5227
5228
5229
5230
5231
5232
5233
5234
5235
5236
5237
5238
5239
5240
5241
5242
5288
5289
5290
5291
5292
5293
5294
5295
5296
5297
5298
5299
5300
5301
5318
5319
5320
5321
5322
5340
5341
5360
5361
5362
5363
5364
5365
5366
5367
5368
5369
5370
5371
5372
5373
5374
5375
5376
5377
5378
5399
5406
5407
5408
5409
5410
5411
5412
5413
5414
5415
5416
5417
5418
5419
5420
5421
5442
5443
5444
5445
5446
5470
5471
5472
5473
5474
5475
5476
5477
5478
5486
5487
5488
5489
5490
5491
5492
5500
5501
5502
5503
5504
5505
5506
5507
5508
5509
5510
5511
5512
5513
5514
5516
5517
5518
5519
5520
5521
5522
5527
5528
5529
5530
5531
5532
5533
5534
5535
5551
5552
5553
5554
5574
5575
5576
5602
5603
5604
5605
5606
5607
5608
5609
5610
5611
5612
5613
5614
5615
5616
5617
5618
5661
5662
5663
5664
5665
5691
5692
5693
5694
5695
5696
5697
5698
5699
5700
5701
5702
5703
5704
5705
5706
5707
5711
5712
5713
5714
5715
5716
5717
5718
5719
5720
5721
5722
5723
5724
5725
5726
5727
5728
5772
5773
5774
5775
5776
5777
5793
5794
5819
5820
5821
5822
5823
5824
5825
5826
5827
5828
5829
5830
5831
5832
5833
5834
5835
5836
5837
5838
5839
5840
5841
5842
5843
5844
5845
5846
5847
5848
5849
5850
5851
5852
5853
5854
5855
5856
5857
5858
5859
5860
5906
5907
5908
5909
5910
5911
5912
5913
5914
5915
5916
5917
5918
5919
5920
5921
5922
5939
5940
5941
5953
5954
5955
5956
5957
5970
5988
5989
5990
5991
5992
5993
5994
5995
5996
5997
5998
5999
6000
6001
6002
6003
6004
6005
6006
6007
6034
6035
6036
6037
6038
6039
6040
6041
6042
6064
6065
6066
6067
6095
6096
6097
6098
6099
6100
6101
6102
6103
6104
6111
6112
6113
6114
6115
6116
6117
6118
6119
6120
6133
6134
6135
6136
6137
6138
6139
6140
6141
6142
6143
6144
6145
6146
6147
6148
6149
6150
6161
6162
6163
6164
6165
6166
6167
6168
6169
6170
6171
6172
6173
6174
6193
6198
6200
6201
6202
6203
6204
6205
6206
6207
6208
6209
6210
6211
6212
6213
6214
6215
6233
6234
6235
6236
6261
6262
6263
6264
6265
6266
6267
6268
6292
6293
6294
6295
6296
6297
6298
6299
6300
6301
6302
6303
6304
6305
6306
6328
6329
6330
6331
6332
6333
6334
6335
6336
6337
6338
6339
6340
6341
6342
6343
6344
6345
6346
6347
6348
6351
6352
6353
6354
6355
6356
6357
6402
6403
6404
6405
6406
6407
6408
6409
6410
6411
6412
6413
6414
6415
6453
6454
6455
6456
6457
6458
6459
6460
6461
6462
6463
6464
6465
6466
6467
6468
6469
6470
6471
6472
6473
6490
6491
6492
6493
6494
6495
6496
6497
6498
6499
6500
6501
6502
6503
6504
6505
6506
6507
6508
6548
6549
6550
6551
6552
6553
6554
6555
6556
6557
6558
6559
6588
6615
6616
6617
6618
6619
6620
6621
6622
6623
6624
6625
6626
6627
6628
6629
6630
6631
6632
6633
6634
6635
6636
6637
6638
6639
6640
6641
6642
6643
6644
6645
6646
6647
6648
6649
6650
6651
6652
6653
6654
6655
6656
6657
6704
6705
6706
6707
6708
6709
6710
6711
6712
6713
6714
6715
6716
6717
6718
6719
6720
6741
6742
6743
6744
6745
6746
6747
6748
6761
6762
6763
6764
6766
6783
6784
6785
6814
6815
6816
6817
6818
6819
6820
6821
6822
6823
6824
6825
6826
6827
6828
6829
6830
6831
6832
6833
6834
6835
6836
6861
6862
6863
6864
6881
6882
6883
6884
6885
6886
6887
6888
6889
6890
6891
6892
6893
6920
6921
6922
6923
6924
6925
6951
6952
6953
6954
6955
6956
6957
6958
6959
6960
6961
6962
6963
6964
6971
6972
6973
6974
6975
6976
6977
6978
6979
6980
6981
6982
6993
6994
6995
6996
6997
6998
6999
7000
7001
7002
7003
7004
7005
7006
7007
7008
7009
7010
7011
7012
7013
7017
7018
7019
7020
7021
7022
7023
7024
7025
7026
7027
7028
7040
7046
7047
7049
7050
7051
7052
7053
7054
7055
7056
7057
7058
7059
7060
7061
7062
7063
7064
7065
7066
7086
7087
7088
7089
7090
7091
7092
7119
7120
7121
7122
7123
7124
7125
7126
7127
7145
7146
7147
7148
7149
7150
7151
7152
7153
7175
7176
7177
7178
7179
7180
7181
7182
7183
7184
7185
7186
7187
7188
7189
7190
7191
7192
7193
7194
7195
7196
7197
7200
7243
7244
7245
7246
7247
7248
7249
7250
7251
7252
7253
7285
7286
7287
7288
7289
7290
7291
7292
7293
7294
7295
7296
7297
7298
7299
7300
7301
7302
7303
7304
7305
7306
7307
7327
7328
7329
7330
7331
7332
7333
7334
7335
7336
7337
7338
7339
7340
7341
7342
7343
7344
7345
7346
7347
7391
7392
7393
7394
7395
7396
7397
7398
7399
7400
7401
7421
7446
7447
7448
7449
7450
7451
7452
7453
7454
7455
7456
7457
7458
7459
7460
7461
7462
7463
7464
7465
7466
7467
7468
7469
7470
7471
7472
7473
7474
7475
7476
7477
7478
7479
7480
7481
7482
7483
7484
7485
7486
7487
7488
7489
7490
7491
7539
7540
7541
7542
7543
7544
7545
7546
7547
7548
7549
7550
7551
7552
7553
7554
7555
7556
7557
7558
7581
7582
7583
7584
7585
7586
7587
7611
7612
7613
7614
7615
7616
7617
7618
7622
7623
7644
7645
7646
7647
7648
7649
7650
7651
7652
7653
7682
7683
7684
7685
7686
7687
7688
7689
7690
7691
7692
7693
7694
7695
7696
7697
7698
7699
7700
7701
7702
7727
7728
7729
7737
7738
7739
7740
7741
7742
7743
7744
7745
7746
7747
7748
7749
7750
7751
7752
7777
7778
7779
7780
7781
7782
7783
7784
7785
7786
7821
7822
7823
7824
7825
7826
7827
7828
7829
7830
7831
7832
7833
7834
7835
7836
7837
7838
7839
7840
7855
7856
7857
7858
7859
7860
7861
7862
7863
7864
7865
7866
7867
7868
7869
7878
7883
7884
7886
7889
7890
7891
7892
7893
7894
7895
7896
7897
7898
7899
7900
7901
7902
7903
7904
7905
7906
7907
7908
7915
7916
7917
7918
7919
7920
7921
7922
7923
7924
7925
7926
7927
7938
7939
7940
7961
7962
7963
7964
7974
7996
7997
7998
7999
8000
8001
8002
8003
8004
8005
8006
8007
8008
8040
8041
8042
8043
8044
8045
8046
8047
8048
8079
8080
8081
8082
8083
8084
8085
8086
8087
8088
8089
8090
8091
8092
8093
8094
8095
8096
8097
8098
8109
8110
8111
8112
8113
8114
8115
8116
8117
8118
8119
8158
8159
8160
8161
8192
8193
8194
8195
8196
8197
8198
8199
8200
8201
8202
8203
8204
8205
8206
8207
8208
8209
8210
8211
8212
8213
8214
8215
8216
8217
8218
8219
8220
8221
8222
8223
8224
8225
8226
8227
8228
8229
8271
8272
8273
8274
8275
8276
8277
8278
8279
8280
8281
8282
8300
8301
8302
8303
8312
8313
8327
8328
8329
8330
8351
8352
8353
8354
8355
8356
8357
8358
8359
8360
8361
8385
8389
8390
8391
8392
8393
8394
8395
8396
8397
8398
8417
8418
8419
8420
8421
8422
8423
8424
8449
8450
8451
8452
8453
8454
8455
8456
8457
8458
8459
8460
8465
8466
8467
8468
8469
8470
8471
8472
8473
8479
8482
8488
8489
8492
8493
8494
8495
8498
8509
8510
8511
8523
8524
8525
8526
8527
8554
8555
8556
8557
8558
8559
8562
8563
8564
8565
8581
8582
8583
8584
8585
8586
8587
8612
8613
8619
8625
8626
8627
8628
8643
8647
8655
8656
8657
8658
8659
8660
8663
8664
8668
8669
8670
8671
8679
8688
8689
8690
8706
8718
8719
8720
8734
8735
8736
8740
8758
8759
8760
8761
8762
8763
8764
8765
8766
8767
8768
8769
8796
8797
8802
8803
8816
8817
8818
8819
8837
8838
8847
8848
8857
8858
8859
8860
8861
8865
8866
8867
8868
8869
8870
8877
8878
8892
8893
8894
8895
8896
8897
8908
8910
8913
8918
8919
8922
8923
8924
8925
8926
8928
8929
8930
8931
8932
8933
8934
8935
8936
8941
8942
8943
8944
8945
8946
8947
8954
8964
8965
8966
8967
8968
8969
8987
8988
8989
8990
8991
8992
8993
8994
8995
8996
8997
9041
9042
9043
9044
9045
9046
9047
9048
9049
9050
9051
9052
9058
9059
9060
9061
9062
9089
9115
9116
9117
9118
9119
9120
9121
9122
9123
9124
9125
9126
9127
9128
9129
9130
9131
9132
9133
9134
9135
9136
9137
9138
9139
9140
9177
9178
9194
9209
9210
9211
9212
9213
9214
9215
9216
9217
9238
9239
9240
9241
9252
9267
9268
9269
9270
9271
9272
9273
9274
9275
9276
9277
9279
9280
9281
9282
9283
9284
9285
9286
9287
9288
9289
9290
9291
9292
9293
9294
9295
9296
9297
9298
9301
9302
9303
9304
9305
9306
9307
9308
9309
9310
9311
9312
9313
9314
9315
9326
9329
9330
9331
9332
9333
9334
9335
9336
9337
9338
9339
9340
9341
9342
9343
9344
9345
9346
9347
9370
9371
9372
9373
9374
9375
9376
9400
9401
9402
9410
9411
9434
9435
9436
9437
9438
9439
9440
9441
9442
9443
9444
9445
9446
9447
9448
9449
9450
9451
9452
9453
9454
9501
9502
9503
9504
9505
9506
9507
9508
9509
9510
9511
9545
9546
9547
9548
9549
9550
9551
9552
9553
9554
9555
9556
9557
9558
9559
9560
9561
9562
9563
9564
9565
9588
9589
9590
9591
9592
9593
9594
9595
9596
9597
9598
9599
9600
9601
9602
9603
9604
9605
9606
9607
9653
9654
9655
9656
9657
9658
9659
9660
9661
9662
9682
9683
9710
9711
9712
9713
9714
9715
9716
9717
9718
9719
9720
9721
9722
9723
9724
9725
9726
9727
9728
9729
9730
9731
9732
9733
9735
9736
9737
9738
9739
9740
9741
9742
9743
9744
9745
9746
9747
9748
9749
9750
9751
9752
9753
9754
9755
9756
9757
9804
9805
9806
9807
9808
9809
9810
9811
9812
9813
9814
9815
9816
9817
9818
9819
9820
9821
9822
9823
9844
9845
9846
9847
9848
9849
9869
9870
9871
9872
9873
9874
9875
9876
9877
9878
9896
9897
9898
9925
9926
9927
9928
9929
9930
9931
9932
9933
9934
9935
9936
9937
9938
9939
9940
9941
9942
9943
9944
9945
9946
9970
9973
9974
9975
9976
9977
9978
9979
9980
9981
9982
9983
9984
9985
9986
9987
9988
9989
10013
10014
10015
10016
10017
10018
10019
10020
10021
10022
10023
10024
10055
10056
10057
10058
10059
10060
10061
10062
10063
10064
10065
10066
10067
10068
10069
10070
10071
10072
10073
10082
10083
10084
10085
10086
10087
10088
10089
10090
10091
10092
10093
10094
10095
10096
10100
10101
10102
10103
10104
10110
10111
10112
10113
10114
10120
10135
10136
10137
10138
10139
10140
10141
10142
10164
10165
10166
10167
10168
10172
10173
10174
10175
10176
10188
10209
10210
10211
10212
10213
10214
10215
10216
10217
10218
10219
10220
10221
10222
10223
10224
10225
10226
10227
10228
10229
10257
10262
10265
10276
10277
10278
10279
10280
10281
10282
10299
10310
10311
10317
10318
10319
10321
10322
10323
10324
10327
10329
10331
10334
10342
10360
10363
10364
10366
10371
10372
10382
10392
10393
10394
10395
10406
10427
10428
10429
10432
10433
10436
10437
10446
10452
10453
10457
10459
10461
10474
10475
10477
10478
10486
10487
10496
10516
10517
10518
10519
10520
10521
10522
10523
10529
10530
10531
10532
10533
10534
10535
10549
10550
10552
10553
10554
10555
10556
10557
10558
10563
10580
10581
10582
10597
10598
10599
10600
10601
10602
10626
10627
10628
10629
10630
10631
10632
10633
10634
10635
10636
10637
10638
10639
10640
10676
10677
10678
10679
10680
10681
10682
10683
10710
10711
10712
10713
10714
10715
10716
10717
10718
10719
10720
10721
10722
10723
10724
10725
10736
10737
10738
10739
10740
10741
10742
10743
10744
10745
10746
10747
10748
10749
10750
10751
10752
10785
10786
10787
10788
10789
10820
10821
10822
10823
10824
10825
10826
10827
10828
10829
10830
10831
10832
10833
10834
10835
10836
10837
10838
10839
10840
10841
10842
10843
10844
10845
10846
10847
10848
10849
10850
10851
10852
10853
10895
10896
10897
10898
10899
10900
10901
10902
10913
10914
10915
10923
10924
10925
10938
10939
10940
10959
10960
10961
10962
10963
10964
10965
10966
10967
10968
10969
10970
11000
11001
11002
11003
11023
11024
11025
11026
11027
11028
11046
11047
11048
11049
11050
11051
11052
11055
11056
11057
11058
11059
11060
11061
11062
11063
11089
11090
11091
11092
11093
11094
11095
11096
11097
11108
11129
11130
11131
11132
11133
11134
11135
11147
11148
11165
11166
11167
11168
11169
11175
11176
11177
11178
11179
11180
11194
11196
11217
11218
11219
11220
11221
11222
11223
11224
11225
11226
11227
11228
11229
11230
11231
11262
11263
11282
11283
11284
11285
11286
11287
11288
11289
11290
11308
11309
11324
11325
11326
11327
11328
11329
11336
11344
11353
11369
11370
11371
11372
11373
11374
11375
11376
11377
11378
11379
11380
11381
11382
11383
11384
11385
11386
11387
11388
11389
11390
11400
11401
11402
11403
11404
11405
11406
11407
11408
11409
11410
11411
11431
11437
11438
11450
11451
11452
11453
11454
11455
11456
11457
11458
11459
11460
11461
11462
11463
11464
11465
11466
11467
11468
11487
11488
11513
11514
11515
11516
11517
11540
11541
11542
11543
11544
11545
11546
11547
11548
11549
11550
11551
11552
11553
11554
11555
11579
11580
11581
11582
11583
11584
11585
11586
11587
11588
11589
11590
11591
11592
11593
11594
11595
11598
11599
11600
11601
11602
11603
11604
11605
11606
11647
11648
11649
11650
11651
11652
11653
11654
11655
11656
11657
11690
11691
11692
11693
11694
11695
11696
11697
11698
11699
11700
11701
11702
11703
11704
11705
11706
11707
11708
11709
11727
11728
11729
11730
11731
11732
11733
11734
11735
11736
11737
11738
11739
11740
11741
11742
11743
11744
11745
11746
11747
11790
11791
11792
11793
11794
11795
11796
11797
11798
11799
11817
11818
11845
11846
11847
11848
11849
11850
11851
11852
11853
11854
11855
11856
11857
11858
11859
11860
11861
11862
11863
11864
11865
11866
11869
11870
11871
11872
11873
11874
11875
11876
11877
11878
11879
11880
11881
11882
11883
11884
11885
11886
11887
11888
11937
11938
11939
11940
11941
11942
11943
11944
11945
11946
11947
11948
11949
11950
11951
11952
11953
11954
11955
11956
11957
11978
11979
11980
11981
11982
11994
11995
11996
11997
11998
12015
12016
12017
12018
12019
12046
12047
12048
12049
12050
12051
12052
12053
12054
12055
12056
12057
12058
12059
12060
12061
12062
12063
12064
12065
12089
12090
12091
12102
12103
12104
12105
12106
12107
12108
12109
12110
12111
12112
12113
12114
12136
12137
12138
12139
12140
12141
12142
12172
12173
12174
12175
12176
12177
12178
12179
12180
12181
12182
12183
12184
12185
12186
12187
12188
12189
12202
12203
12204
12205
12206
12207
12208
12209
12210
12211
12212
12213
12214
12215
12220
12225
12228
12230
12231
12242
12243
12258
12260
12265
12266
12267
12268
12269
12270
12271
12272
12273
12274
12275
12276
12277
12281
12282
12283
12284
12285
12286
12287
12288
12302
12303
12307
12308
12328
12329
12330
12331
12332
12333
12334
12335
12336
12337
12366
12367
12368
12369
12370
12391
12392
12393
12394
12395
12396
12397
12398
12405
12406
12407
12408
12409
12410
12411
12412
12413
12414
12415
12416
12417
12418
12443
12444
12471
12472
12473
12474
12475
12476
12477
12478
12479
12480
12481
12482
12483
12484
12485
12486
12487
12488
12489
12490
12491
12492
12493
12494
12495
12496
12497
12498
12499
12500
12501
12502
12503
12504
12543
12544
12545
12546
12547
12548
12561
12562
12563
12570
12571
12572
12580
12581
12596
12597
12598
12599
12600
12601
12602
12603
12604
12605
12606
12607
12608
12609
12632
12633
12634
12635
12636
12637
12638
12639
12669
12670
12671
12672
12673
12674
12675
12676
12677
12678
12682
12683
12684
12689
12690
12691
12692
12693
12694
12695
12696
12697
12698
12699
12700
12701
12702
12703
12704
12705
12706
12709
12710
12711
12712
12713
12714
12716
12717
12718
12719
12720
12721
12722
12723
12724
12725
12726
12727
12728
12729
12752
12753
12754
12755
12756
12757
12761
12784
12785
12786
12787
12788
12789
12790
12791
12792
12793
12794
12795
12796
12797
12798
12839
12840
12841
12842
12843
12844
12873
12874
12875
12876
12877
12878
12879
12880
12881
12882
12883
12884
12885
12886
12887
12888
12889
12899
12900
12901
12902
12903
12904
12905
12906
12907
12945
12946
12947
12948
12949
12982
12983
12984
12985
12986
12987
12988
12989
12990
12991
12992
12993
12994
12995
12996
12997
12998
12999
13000
13001
13002
13003
13004
13005
13006
13007
13008
13009
13010
13011
13012
13013
13014
13015
13016
13059
13060
13061
13062
13063
13064
13065
13066
13086
13087
13088
13089
13090
13104
13105
13106
13107
13121
13122
13123
13124
13144
13145
13146
13147
13148
13149
13150
13151
13152
13153
13154
13155
13156
13157
13158
13159
13183
13184
13186
13187
13188
13189
13190
13191
13192
13193
13213
13214
13215
13235
13236
13237
13238
13239
13240
13241
13242
13243
13244
13245
13246
13247
13255
13256
13257
13258
13259
13260
13263
13264
13265
13266
13267
13268
13275
13276
13277
13298
13299
13300
13301
13302
13303
13304
13305
13330
13331
13332
13335
13336
13337
13338
13339
13366
13367
13368
13369
13370
13371
13372
13373
13374
13375
13376
13377
13378
13379
13380
13381
13382
13383
13384
13385
13386
13387
13388
13416
13417
13418
13427
13439
13440
13441
13442
13443
13444
13445
13460
13480
13481
13482
13483
13485
13486
13487
13491
13492
13493
13494
13495
13496
13497
13498
13499
13505
13506
13507
13514
13515
13516
13517
13518
13528
13529
13544
13545
13546
13553
13554
13555
13556
13557
13558
13577
13578
13579
13580
13581
13582
13583
13584
13585
13586
13587
13588
13589
13590
13591
13592
13620
13621
13622
13623
13624
13646
13647
13648
13649
13650
13651
13652
13653
13654
13655
13656
13657
13658
13659
13660
13661
13666
13667
13668
13669
13670
13701
13702
13703
13736
13737
13738
13739
13740
13741
13742
13743
13744
13745
13746
13747
13748
13749
13750
13751
13752
13753
13754
13755
13756
13757
13758
13793
13794
13795
13796
13797
13805
13817
13818
13834
13835
13836
13837
13838
13839
13840
13864
13865
13868
13869
13870
13871
13872
13886
13907
13908
13909
13910
13911
13912
13913
13914
13915
13916
13917
13918
13919
13923
13924
13925
13928
13929
13930
13931
13932
13933
13936
13937
13938
13940
13941
13942
13943
13944
13950
13952
13953
13974
13975
13976
13977
13978
14005
14006
14007
14008
14027
14028
14029
14030
14031
14032
14033
14034
14035
14036
14039
14040
14041
14042
14063
14064
14065
14073
14094
14095
14096
14097
14098
14099
14100
14101
14102
14103
14104
14105
14106
14107
14108
14109
14110
14111
14112
14113
14114
14153
14162
14182
14183
14184
14185
14186
14187
14188
14189
14190
14211
14212
14214
14226
14241
14242
14243
14244
14245
14246
14247
14250
14255
14257
14260
14263
14264
14270
14273
14276
14277
14278
14279
14280
14281
14282
14283
14284
14285
14286
14287
14288
14289
14290
14292
14293
14294
14295
14296
14297
14298
14299
14317
14321
14322
14339
14340
14341
14342
14343
14344
14345
14346
14347
14348
14349
14350
14398
14399
14400
14401
14402
14403
14404
14405
14406
14407
14408
14409
14410
14411
14412
14415
14416
14417
14418
14419
14420
14421
14422
14453
14454
14455
14456
14457
14481
14482
14483
14484
14485
14486
14487
14488
14489
14490
14491
14492
14493
14494
14495
14496
14497
14498
14499
14500
14501
14502
14503
14504
14505
14506
14507
14508
14509
14510
14511
14512
14513
14514
14548
14549
14550
14551
14552
14561
14569
14570
14579
14597
14598
14599
14600
14601
14602
14603
14604
14605
14606
14607
14627
14628
14629
14630
14631
14632
14633
14644
14645
14663
14664
14665
14666
14667
14668
14669
14670
14674
14675
14676
14677
14678
14679
14680
14689
14690
14691
14692
14693
14694
14695
14696
14697
14698
14699
14700
14707
14708
14709
14710
14711
14712
14720
14728
14729
14730
14731
14732
14744
14745
14756
14766
14767
14768
14769
14791
14792
14793
14794
14795
14796
14797
14798
14799
14800
14801
14802
14803
14804
14805
14806
14807
14808
14809
14810
14811
14843
14844
14864
14865
14866
14867
14868
14869
14870
14871
14872
14873
14874
14875
14876
14883
14884
14885
14886
14887
14888
14889
14890
14891
14892
14893
14917
14931
14951
14952
14953
14954
14955
14956
14957
14958
14959
14960
14961
14962
14963
14964
14965
14966
14967
14968
14969
14970
14971
14972
14973
14974
14975
14976
14977
14978
14979
14980
14981
15021
15022
15023
15024
15025
15026
15027
15028
15029
15030
15031
15032
15033
15042
15068
15069
15070
15071
15072
15073
15074
15075
15076
15077
15078
15079
15080
15101
15102
15103
15104
15105
15117
15118
15119
15141
15142
15143
15144
15145
15146
15147
15152
15153
15154
15155
15156
15158
15160
15161
15162
15163
15164
15165
15166
15167
15168
15169
15171
15172
15173
15174
15179
15190
15195
15210
15211
15212
15213
15214
15215
15217
15234
15235
15236
15255
15256
15257
15258
15259
15260
15261
15266
15282
15283
15284
15290
15307
15308
15309
15310
15311
15312
15313
15314
15315
15316
15317
15318
15319
15320
15321
15322
15323
15324
15325
15326
15327
15328
15329
15330
15331
15332
15359
15360
15369
15371
15382
15383
15384
15385
15386
15406
15408
15409
15410
15411
15412
15413
15421
15422
15423
15431
15432
15433
15435
15436
15437
15438
15443
15447
15459
15463
15464
15465
15466
15467
15468
15469
15470
15471
15473
15474
15475
15476
15477
15483
15487
15505
15506
15507
15508
15509
15510
15544
15545
15546
15547
15548
15549
15550
15551
15552
15553
15558
15581
15602
15603
15604
15605
15606
15607
15608
15609
15610
15611
15612
15613
15614
15615
15616
15617
15618
15619
15620
15621
15651
15652
15653
15654
15655
15656
15666
15667
15672
15679
15680
15681
15695
15696
15697
15698
15699
15700
15701
15702
15703
15704
15722
15723
15724
15742
15743
15744
15745
15746
15747
15748
15749
15750
15752
15753
15754
15756
15757
15766
15767
15768
15769
15770
15787
15788
15789
15790
15791
15792
15804
15826
15827
15828
15829
15830
15831
15832
15833
15834
15835
15836
15837
15838
15839
15840
15841
15842
15843
15844
15845
15846
15847
15848
15849
15850
15879
15880
15888
15915
15916
15922
15934
15935
15937
15938
15939
15941
15942
15943
15944
15945
15946
15947
15948
15949
15950
15951
15952
15953
15954
15955
15956
15957
15958
15960
15961
15962
15963
15964
15967
15968
15969
15970
15976
15986
16010
16011
16012
16013
16014
16015
16016
16017
16018
16019
16020
16021
16022
16054
16055
16056
16077
16078
16079
16080
16081
16082
16083
16084
16085
16086
16087
16088
16089
16090
16096
16097
16098
16099
16100
16101
16102
16103
16104
16105
16106
16136
16137
16138
16165
16166
16167
16168
16169
16170
16171
16172
16173
16174
16175
16176
16177
16178
16179
16180
16181
16182
16183
16184
16185
16186
16187
16188
16189
16190
16191
16192
16193
16194
16195
16196
16197
16198
16199
16200
16242
16243
16244
16245
16246
16247
16248
16249
16250
16260
16261
16287
16288
16289
16290
16291
16292
16293
16294
16295
16296
16297
16298
16299
16300
16301
16327
16328
16329
16330
16331
16342
16343
16361
16362
16363
16364
16365
16366
16367
16368
16369
16375
16391
16395
16396
16397
16398
16399
16402
16410
16411
16412
16419
16424
16425
16426
16430
16445
16446
16447
16448
16449
16461
16463
16467
16468
16469
16470
16471
16472
16483
16484
16488
16492
16493
16494
16495
16507
16523
16524
16539
16540
16541
16542
16543
16544
16547
16573
16574
16575
16576
16577
16603
16604
16605
16606
16607
16608
16609
16610
16611
16615
16636
16637
16638
16639
16662
16663
16664
16665
16666
16667
16668
16669
16670
16671
16672
16673
16674
16675
16676
16677
16678
16679
16680
16712
16713
16714
16720
16721
16725
16732
16742
16743
16744
16745
16746
16747
16768
16773
16774
16775
16776
16790
16791
16805
16806
16807
16808
16809
16812
16813
16814
16816
16825
16837
16838
16839
16840
16841
16842
16843
16844
16845
16846
16847
16848
16849
16850
16854
16855
16856
16857
16858
16859
16860
16861
16862
16885
16886
16887
16888
16889
16890
16891
16892
16893
16894
16895
16896
16897
16908
16927
16928
16929
16930
16931
16932
16946
16947
16948
16949
16950
16951
16952
16953
16954
16975
16976
16977
16978
16979
16980
16981
16982
16983
16984
16985
16986
16987
16988
16989
16990
16991
16992
16993
16994
16996
16997
16998
17035
17036
17037
17038
17039
17040
17041
17042
17069
17070
17071
17072
17073
17074
17075
17076
17077
17078
17079
17080
17081
17082
17083
17084
17085
17086
17087
17088
17102
17103
17104
17105
17106
17107
17108
17109
17110
17111
17112
17113
17114
17115
17149
17150
17151
17152
17153
17154
17164
17165
17166
17189
17190
17191
17192
17193
17194
17195
17196
17197
17198
17199
17200
17201
17202
17203
17204
17205
17206
17207
17208
17209
17210
17211
17212
17213
17214
17215
17216
17217
17218
17219
17220
17221
17222
17223
17224
17225
17226
17270
17271
17272
17273
17274
17275
17276
17277
17278
17279
17280
17281
17282
17283
17284
17285
17301
17302
17303
17304
17314
17315
17316
17317
17318
17319
17330
17331
17332
17351
17352
17353
17354
17355
17356
17357
17358
17359
17360
17361
17362
17363
17364
17365
17390
17391
17392
17393
17394
17395
17414
17415
17416
17417
17418
17419
17437
17438
17439
17440
17441
17442
17443
17444
17445
17446
17447
17448
17453
17454
17455
17456
17457
17458
17459
17462
17470
17476
17478
17479
17501
17502
17504
17513
17515
17517
17518
17519
17524
17525
17526
17527
17528
17529
17530
17531
17532
17533
17544
17545
17546
17547
17548
17549
17550
17551
17570
17578
17579
17580
17601
17602
17603
17604
17605
17606
17607
17608
17609
17610
17611
17612
17613
17614
17615
17645
17646
17647
17648
17669
17670
17671
17672
17673
17674
17675
17676
17677
17678
17679
17680
17681
17682
17693
17694
17695
17696
17697
17698
17699
17700
17701
17702
17730
17757
17758
17759
17760
17761
17762
17763
17764
17765
17766
17767
17768
17769
17770
17771
17772
17773
17774
17775
17776
17778
17779
17780
17781
17782
17783
17784
17785
17786
17787
17788
17789
17790
17791
17830
17831
17832
17833
17834
17835
17836
17837
17854
17855
17856
17857
17862
17871
17872
17873
17891
17892
17893
17894
17895
17896
17897
17898
17899
17920
17921
17922
17923
17924
17925
17926
17927
17928
17929
17946
17947
17948
17963
17964
17965
17966
17967
17968
17969
17970
17973
17974
17975
17977
17980
17981
17989
18006
18007
18008
18009
18022
18028
18039
18040
18048
18049
18050
18051
18052
18053
18054
18055
18056
18057
18058
18059
18060
18061
18092
18093
18094
18095
18110
18111
18114
18120
18124
18125
18127
18138
18139
18142
18143
18144
18145
18146
18148
18150
18151
18152
18153
18157
18172
18173
18174
18175
18190
18191
18203
18204
18205
18206
18207
18208
18209
18210
18213
18214
18215
18216
18237
18238
18239
18259
18260
18261
18262
18263
18264
18265
18266
18267
18268
18269
18270
18271
18272
18273
18274
18275
18276
18277
18278
18279
18280
18281
18282
18283
18313
18314
18315
18326
18327
18334
18348
18349
18350
18351
18352
18353
18354
18355
18356
18374
18375
18383
18384
18395
18396
18397
18398
18399
18401
18411
18416
18426
18428
18429
18451
18452
18453
18454
18465
18466
18467
18468
18469
18483
18495
18496
18497
18498
18499
18500
18510
18511
18529
18530
18531
18532
18533
18534
18535
18536
18537
18538
18565
18566
18573
18574
18575
18578
18589
18590
18591
18592
18606
18607
18617
18618
18619
18620
18621
18622
18623
18625
18626
18629
18630
18631
18632
18637
18638
18645
18657
18678
18679
18680
18681
18682
18683
18686
18695
18704
18705
18706
18707
18708
18709
18710
18711
18712
18713
18714
18715
18716
18735
18736
18737
18738
18745
18747
18754
18755
18756
18768
18769
18787
18788
18789
18790
18791
18795
18796
18800
18801
18802
18803
18804
18805
18806
18810
18816
18817
18818
18819
18822
18824
18825
18826
18827
18843
18844
18845
18846
18847
18860
18868
18869
18870
18871
18872
18873
18874
18882
18883
18896
18897
18898
18899
18900
18901
18902
18903
18904
18905
18906
18907
18908
18909
18910
18911
18912
18931
18932
18933
18934
18947
18948
18951
18952
18953
18954
18963
18967
18971
18972
18974
18975
18982
18983
18984
18985
18986
18987
18988
18989
18990
18995
19020
19021
19022
19023
19046
19047
19067
19068
19069
19070
19071
19072
19073
19077
19078
19079
19080
19100
19123
19124
19125
19126
19127
19128
19129
19130
19131
19132
19133
19134
19135
19136
19137
19138
19139
19140
19141
19142
19143
19144
19145
19146
19147
19148
19149
19184
19185
19186
19187
19188
19189
19190
19199
19203
19220
19221
19222
19223
19241
19242
19243
19244
19256
19257
19269
19270
19271
19272
19275
19276
19277
19278
19280
19281
19282
19283
19284
19285
19286
19287
19288
19289
19290
19291
19292
19293
19294
19295
19296
19297
19298
19299
19300
19303
19304
19305
19306
19307
19308
19309
19310
19311
19312
19322
19323
19324
19338
19339
19345
19346
19365
19366
19367
19368
19369
19370
19371
19372
19373
19374
19375
19376
19377
19378
19379
19381
19413
19414
19415
19416
19417
19440
19441
19442
19443
19444
19445
19446
19447
19448
19449
19450
19461
19462
19463
19464
19465
19466
19467
19468
19469
19470
19497
19498
19499
19527
19528
19529
19530
19531
19532
19533
19534
19535
19536
19537
19538
19539
19540
19541
19542
19543
19544
19545
19546
19547
19548
19549
19550
19551
19552
19553
19554
19555
19556
19557
19558
19559
19560
19561
19562
19563
19564
19606
19607
19608
19609
19610
19611
19612
19613
19614
19615
19631
19632
19637
19638
19647
19648
19649
19667
19668
19669
19670
19671
19672
19673
19674
19675
19696
19697
19698
19699
19700
19701
19702
19703
19704
19705
19722
19723
19724
19725
19745
19746
19747
19748
19749
19750
19751
19752
19756
19757
19758
19759
19760
19761
19762
19764
19765
19768
19769
19770
19774
19775
19776
19785
19788
19801
19802
19803
19804
19812
19826
19827
19828
19829
19830
19831
19832
19833
19836
19852
19863
19864
19865
19866
19867
19868
19869
19870
19871
19872
19873
19874
19875
19876
19877
19878
19879
19880
19881
19906
19914
19917
19924
19928
19929
19930
19931
19946
19947
19948
19956
19963
19964
19970
19973
19974
19976
19984
19985
19986
19987
19988
19989
19990
19991
19992
19993
19994
19995
19996
19997
19998
19999
20007
20008
20009
20010
20011
20012
20013
20014
20015
20016
20017
20045
20046
20047
20048
20049
20050
20051
20052
20053
20054
20055
20056
20057
20058
20059
20060
20061
20062
20063
20078
20079
20080
20098
20099
20100
20117
20118
20119
20120
20121
20122
20123
20124
20125
20126
20127
20128
20129
20130
20131
20155
20156
20157
20158
20159
20160
20161
20162
20163
20164
20165
20166
20167
20168
20169
20170
20171
20174
20175
20176
20177
20178
20179
20180
20221
20222
20223
20224
20225
20226
20227
20228
20229
20259
20260
20261
20262
20263
20264
20265
20266
20267
20268
20269
20270
20271
20272
20273
20274
20275
20276
20277
20278
20291
20292
20293
20294
20295
20296
20297
20298
20299
20300
20301
20302
20303
20304
20305
20306
20307
20308
20352
20353
20354
20355
20356
20357
20358
20359
20360
20361
20379
20404
20405
20406
20407
20408
20409
20410
20411
20412
20413
20414
20415
20416
20417
20418
20419
20420
20421
20422
20423
20424
20425
20426
20427
20428
20429
20430
20431
20432
20433
20434
20435
20436
20437
20438
20439
20440
20441
20442
20443
20444
20445
20487
20488
20489
20490
20491
20492
20493
20494
20495
20496
20497
20498
20499
20500
20501
20502
20521
20522
20523
20524
20525
20526
20541
20542
20543
20544
20545
20558
20559
20560
20580
20581
20582
20583
20584
20585
20586
20587
20588
20589
20590
20591
20592
20593
20594
20595
20596
20597
20621
20627
20628
20629
20630
20631
20632
20633
20634
20635
20636
20637
20638
20639
20640
20663
20664
20665
20666
20667
20668
20693
20694
20695
20696
20697
20698
20699
20700
20701
20702
20703
20704
20705
20706
20707
20713
20714
20715
20716
20717
20718
20719
20720
20721
20722
20723
20724
20725
20728
20757
20760
20761
20762
20763
20764
20765
20767
20768
20769
20780
20783
20784
20785
20799
20800
20801
20802
20803
20804
20805
20832
20833
20834
20835
20836
20837
20838
20872
20873
20874
20875
20876
20877
20878
20879
20880
20881
20882
20883
20884
20885
20886
20887
20888
20889
20914
20915
20916
20917
20918
20919
20920
20921
20929
20937
20938
20939
20952
20971
20972
20973
20974
20975
20977
20978
20981
20982
20983
20984
20985
20986
20987
20988
20989
20990
20991
20992
20994
20995
20996
20997
21001
21010
21015
21016
21035
21036
21037
21038
21039
21040
21041
21042
21043
21044
21045
21046
21047
21079
21080
21081
21082
21083
21084
21111
21112
21113
21114
21115
21116
21117
21118
21119
21120
21121
21122
21123
21124
21125
21136
21137
21138
21139
21140
21141
21142
21143
21144
21145
21174
21175
21176
21177
21178
21182
21183
21206
21207
21208
21209
21210
21211
21212
21213
21214
21215
21216
21217
21218
21219
21220
21221
21222
21223
21224
21225
21226
21227
21228
21229
21230
21231
21232
21233
21234
21235
21236
21237
21238
21239
21240
21241
21242
21281
21282
21283
21284
21285
21286
21287
21288
21289
21290
21291
21292
21293
21294
21306
21307
21308
21318
21319
21320
21332
21333
21334
21352
21353
21354
21355
21356
21357
21358
21359
21360
21361
21362
21363
21364
21365
21387
21388
21389
21390
21391
21392
21404
21405
21420
21421
21422
21423
21424
21425
21426
21427
21432
21433
21434
21435
21436
21437
21438
21439
21441
21443
21444
21445
21446
21447
21448
21457
21458
21463
21464
21471
21472
21473
21474
21475
21485
21486
21487
21488
21489
21490
21491
21492
21493
21494
21495
21496
21511
21515
21527
21529
21531
21532
21533
21534
21540
21546
21549
21550
21551
21552
21566
21567
21568
21569
21570
21571
21581
21582
21583
21585
21592
21596
21600
21606
21607
21608
21609
21613
21614
21615
21616
21621
21625
21637
21655
21656
21669
21670
21671
21672
21675
21676
21677
21685
21686
21703
21704
21705
21706
21707
21708
21709
21710
21711
21712
21713
21714
21744
21745
21746
21747
21760
21761
21785
21788
21793
21794
21795
21796
21807
21808
21809
21816
21821
21827
21828
21829
21830
21831
21832
21833
21834
21835
21836
21837
21838
21839
21840
21841
21842
21843
21844
21845
21851
21852
21853
21864
21865
21893
21894
21895
21896
21897
21911
21930
21931
21932
21933
21934
21935
21936
21937
21938
21957
21982
21983
21984
21985
21986
21987
22007
22008
22009
22010
22011
22012
22013
22014
22015
22051
22052
22053
22056
22057
22058
22059
22060
22061
22062
22063
22064
22065
22066
22067
22068
22069
22070
22071
22092
22093
22094
22095
22096
22097
22098
22099
22100
22101
22102
22103
22104
22105
22106
22107
22108
22109
22110
22154
22171
22172
22173
22174
22175
22176
22177
22178
22179
22191
22197
22198
22201
22202
22203
22204
22205
22206
22207
22208
22209
22210
22211
22212
22213
22214
22215
22216
22217
22218
22219
22240
22241
22242
22263
22264
22265
22266
22267
22268
22269
22270
22281
22282
22298
22299
22300
22301
22302
22303
22304
22319
22320
22331
22333
22338
22339
22346
22351
22352
22361
22370
22371
22372
22373
22374
22375
22376
22377
22378
22379
22380
22381
22382
22383
22384
22385
22386
22387
22388
22389
22397
22398
22399
22400
22407
22434
22435
22436
22437
22438
22439
22440
22441
22487
22503
22504
22530
22531
22532
22533
22534
22535
22536
22537
22538
22539
22540
22541
22542
22566
22567
22604
22605
22606
22607
22608
22609
22610
22611
22612
22613
22614
22615
22620
22643
22644
22645
22646
22647
22648
22649
22650
22651
22652
22653
22654
22655
22656
22657
22707
22708
22713
22714
22715
22716
22717
22718
22719
22720
22721
22722
22723
22724
22725
22726
22727
22728
22729
22730
22731
22732
22755
22756
22757
22758
22759
22760
22761
22762
22763
22764
22765
22766
22767
22768
22769
22770
22771
22772
22773
22774
22775
22776
22830
22831
22857
22858
22859
22860
22861
22862
22863
22864
22865
22866
22867
22868
22869
22870
22896
22897
22898
22911
22919
22920
22921
22922
22923
22924
22925
22926
22927
22928
22929
22930
22931
22932
22933
22934
22935
22936
22937
22938
22939
22940
22941
22942
22965
22966
22967
22968
22969
22970
22971
22996
22997
22998
22999
23000
23001
23002
23003
23004
23005
23006
23007
23008
23026
23027
23028
23029
23030
23050
23051
23052
23053
23054
23055
23056
23057
23058
23059
23060
23061
23062
23063
23087
23088
23089
23090
23091
23092
23110
23111
23112
23113
23114
23115
23122
23123
23124
23125
23126
23127
23128
23129
23130
23131
23132
23133
23134
23135
23136
23137
23138
23141
23146
23173
23174
23175
23176
23177
23203
23204
23205
23211
23216
23217
23218
23219
23220
23221
23222
23223
23224
23242
23243
23244
23245
23246
23247
23248
23249
23250
23251
23264
23274
23275
23276
23277
23283
23284
23285
23287
23288
23289
23290
23291
23314
23318
23327
23328
23329
23339
23345
23351
23355
23356
23360
23361
23362
23363
23364
23365
23366
23367
23368
23369
23370
23371
23372
23373
23374
23375
23376
23385
23386
23414
23415
23416
23417
23418
23419
23432
23441
23442
23450
23451
23452
23459
23460
23461
23462
23463
23464
23465
23466
23467
23468
23469
23470
23484
23485
23486
23487
23488
23489
23490
23491
23492
23493
23494
23517
23533
23534
23535
23536
23537
23542
23547
23548
23549
23550
23551
23552
23553
23554
23555
23556
23566
23567
23568
23569
23582
23594
23595
23607
23608
23609
23610
23611
23618
23625
23626
23641
23642
23646
23647
23648
23649
23650
23651
23652
23658
23659
23672
23676
23685
23687
23688
23689
23691
23693
23694
23696
23699
23709
23711
23712
23713
23719
23726
23727
23734
23743
23744
23745
23746
23747
23748
23749
23750
23751
23752
23753
23754
23755
23756
23757
23758
23759
23760
23761
23762
23768
23769
23770
23795
23796
23797
23798
23799
23800
23801
23802
23839
23840
23841
23842
23843
23844
23877
23878
23879
23880
23881
23882
23883
23884
23885
23907
23908
23933
23934
23935
23936
23938
23960
23961
23962
23963
23964
23965
23966
23967
23968
23969
23970
23971
23989
23999
24002
24003
24004
24005
24006
24007
24008
24009
24010
24011
24012
24013
24014
24015
24016
24017
24018
24040
24041
24042
24043
24044
24045
24046
24047
24048
24049
24050
24051
24052
24053
24054
24055
24056
24057
24058
24059
24109
24110
24111
24131
24132
24133
24134
24135
24136
24137
24138
24139
24140
24141
24158
24159
24160
24172
24177
24178
24179
24180
24181
24182
24183
24184
24185
24186
24187
24188
24189
24190
24191
24192
24193
24194
24214
24215
24216
24217
24239
24240
24241
24242
24243
24244
24245
24246
24247
24258
24275
24276
24277
24278
24279
24280
24281
24282
24283
24284
24285
24286
24301
24302
24311
24312
24316
24317
24318
24319
24320
24321
24322
24324
24332
24346
24347
24348
24349
24368
24375
24376
24377
24382
24383
24384
24385
24386
24387
24401
24402
24403
24404
24405
24406
24407
24408
24438
24439
24440
24443
24444
24449
24450
24451
24452
24453
24454
24455
24456
24468
24469
24470
24481
24482
24483
24494
24495
24498
24511
24513
24514
24515
24517
24525
24526
24527
24528
24529
24530
24531
24532
24533
24534
24537
24538
24541
24545
24556
24570
24571
24572
24590
24591
24602
24603
24611
24612
24613
24614
24615
24616
24617
24618
24619
24620
24632
24633
24634
24635
24636
24637
24638
24639
24640
24641
24642
24658
24668
24675
24676
24677
24678
24692
24693
24706
24707
24716
24721
24734
24737
24738
24739
24740
24743
24744
24745
24746
24757
24768
24769
24770
24771
24783
24784
24785
24786
24787
24801
24802
24803
24804
24805
24811
24812
24825
24830
24838
24839
24840
24841
24842
24843
24844
24845
24846
24847
24848
24849
24850
24851
24852
24853
24854
24855
24856
24857
24865
24866
24877
24887
24888
24889
24890
24891
24892
24920
24947
24948
24949
24950
24951
24952
24953
24954
24955
24956
24977
24978
25007
25008
25009
25010
25011
25012
25013
25014
25015
25034
25035
25036
25037
25038
25039
25040
25041
25057
25058
25067
25068
25070
25071
25072
25073
25074
25075
25076
25077
25078
25079
25080
25081
25082
25083
25084
25085
25086
25087
25088
25089
25090
25113
25114
25115
25116
25117
25118
25119
25120
25121
25122
25123
25124
25125
25126
25127
25128
25129
25130
25131
25132
25185
25205
25206
25207
25208
25209
25210
25211
25212
25213
25214
25215
25216
25217
25218
25237
25238
25254
25255
25256
25257
25258
25259
25260
25261
25262
25263
25264
25265
25266
25267
25268
25269
25270
25271
25272
25294
25295
25296
25297
25320
25321
25322
25323
25324
25325
25326
25327
25328
25329
25330
25331
25332
25333
25345
25346
25362
25363
25364
25365
25366
25367
25368
25369
25370
25371
25407
25408
25409
25410
25411
25412
25413
25414
25415
25416
25417
25418
25419
25420
25431
25456
25457
25458
25459
25460
25461
25462
25463
25464
25465
25466
25490
25491
25503
25504
25505
25506
25507
25508
25509
25519
25520
25521
25522
25523
25524
25525
25526
25527
25528
25529
25530
25531
25544
25545
25546
25547
25548
25549
25550
25551
25552
25553
25554
25555
25556
25572
25584
25585
25586
25587
25588
25592
25596
25597
25598
25599
25600
25601
25602
25603
25614
25615
25623
25624
25631
25632
25640
25641
25642
25643
25644
25663
25676
25679
25683
25687
25691
25696
25699
25704
25711
25712
25713
25714
25715
25716
25717
25718
25719
25720
25721
25722
25723
25724
25725
25726
25727
25728
25729
25730
25738
25739
25740
25765
25766
25767
25768
25769
25770
25771
25772
25810
25811
25812
25830
25854
25855
25856
25857
25858
25859
25860
25861
25862
25863
25864
25865
25888
25919
25920
25921
25940
25941
25942
25943
25944
25945
25946
25947
25948
25949
25950
25951
25952
25973
25989
25990
25993
25994
25995
25996
25997
25998
25999
26000
26001
26002
26003
26004
26005
26006
26007
26008
26009
26010
26011
26012
26013
26014
26015
26038
26039
26040
26041
26042
26043
26044
26045
26046
26047
26048
26049
26050
26051
26052
26053
26054
26055
26056
26057
26058
26059
26107
26108
26109
26130
26131
26132
26133
26134
26135
26136
26137
26138
26139
26140
26141
26142
26143
26144
26163
26164
26165
26166
26188
26189
26190
26191
26192
26193
26194
26195
26196
26197
26198
26199
26200
26201
26202
26203
26204
26205
26206
26207
26208
26231
26232
26233
26234
26257
26258
26259
26260
26261
26277
26278
26279
26304
26305
26306
26307
26308
26309
26310
26311
26312
26313
26314
26315
26316
26331
26347
26348
26351
26353
26354
26363
26370
26371
26372
26373
26380
26384
26386
26388
26389
26390
26391
26392
26393
26400
26406
26413
26414
26415
26416
26417
26418
26427
26428
26429
26430
26431
26439
26440
26441
26442
26443
26455
26458
26469
26470
26471
26472
26480
26490
26491
26492
26493
26502
26504
26507
26508
26509
26510
26522
26523
26524
26525
26526
26545
26546
26547
26550
26551
26552
26553
26554
26576
26583
26584
26585
26586
26588
26591
26592
26593
26594
26595
26596
26597
26598
26599
26600
26601
26602
26603
26604
26605
26606
26607
26608
26609
26610
26617
26618
26619
26620
26630
26641
26642
26684
26685
26686
26703
26727
26728
26729
26730
26731
26732
26733
26734
26735
26736
26785
26786
26787
26788
26789
26790
26815
26816
26817
26818
26819
26820
26821
26822
26823
26824
26825
26826
26827
26828
26829
26830
26856
26857
26858
26875
26876
26879
26880
26881
26882
26883
26884
26885
26886
26887
26888
26889
26890
26891
26892
26893
26894
26914
26915
26916
26917
26918
26919
26920
26921
26922
26923
26924
26925
26926
26927
26928
26929
26930
26931
26932
26982
26983
26984
27006
27007
27008
27009
27010
27011
27012
27013
27014
27015
27027
27038
27039
27042
27043
27044
27045
27046
27047
27048
27049
27050
27051
27052
27053
27054
27055
27056
27057
27058
27059
27081
27082
27083
27084
27085
27110
27111
27112
27113
27114
27115
27116
27117
27135
27136
27154
27155
27156
27157
27158
27159
27160
27161
27162
27163
27164
27186
27187
27188
27212
27213
27214
27215
27216
27217
27218
27219
27220
27221
27222
27223
27224
27229
27261
27262
27263
27288
27290
27299
27300
27301
27302
27303
27304
27305
27309
27313
27314
27315
27316
27317
27318
27319
27320
27335
27336
27337
27338
27339
27340
27341
27342
27343
27344
27345
27382
27383
27384
27385
27386
27393
27394
27395
27396
27397
27398
27399
27414
27415
27416
27417
27431
27432
27444
27445
27446
27460
27461
27462
27463
27464
27465
27466
27467
27468
27469
27470
27471
27472
27473
27474
27475
27476
27477
27482
27483
27484
27494
27495
27496
27524
27525
27526
27527
27556
27557
27558
27559
27560
27561
27562
27563
27564
27565
27566
27567
27568
27590
27591
27611
27612
27625
27626
27627
27628
27629
27630
27647
27648
27658
27659
27660
27661
27662
27663
27664
27665
27666
27667
27668
27669
27670
27671
27672
27673
27674
27675
27690
27691
27692
27693
27694
27695
27696
27697
27698
27699
27700
27701
27702
27703
27704
27738
27750
27751
27752
27753
27754
27755
27756
27757
27770
27771
27772
27780
27781
27782
27783
27784
27785
27786
27787
27788
27789
27790
27791
27792
27793
27794
27795
27796
27813
27814
27815
27816
27817
27818
27819
27838
27839
27840
27841
27849
27850
27851
27863
27864
27865
27866
27867
27878
27879
27880
27887
27888
27889
27890
27891
27892
27893
27894
27895
27896
27897
27898
27899
27900
27901
27902
27903
27904
27905
27906
27907
27909
27946
27947
27948
27949
27950
27951
27952
27953
27954
27971
27986
27987
27988
27989
28002
28003
28004
28005
28006
28007
28009
28017
28018
28019
28020
28021
28022
28023
28024
28025
28026
28027
28028
28048
28049
28050
28051
28052
28053
28054
28055
28056
28057
28058
28059
28060
28061
28062
28104
28105
28106
28107
28108
28116
28117
28120
28121
28122
28123
28124
28125
28126
28127
28128
28129
28130
28131
28132
28151
28152
28170
28171
28172
28173
28174
28192
28193
28194
28206
28207
28208
28209
28210
28211
28212
28213
28214
28215
28216
28217
28218
28219
28220
28221
28222
28223
28230
28244
28245
28246
28247
28248
28277
28278
28305
28306
28307
28308
28309
28310
28311
28312
28313
28351
28352
28353
28354
28355
28371
28372
28373
28374
28375
28376
28377
28378
28379
28396
28408
28409
28410
28411
28412
28413
28414
28415
28416
28417
28418
28419
28420
28421
28422
28423
28424
28445
28446
28447
28448
28449
28450
28451
28452
28453
28454
28455
28456
28457
28458
28459
28460
28461
28462
28511
28512
28513
28514
28515
28516
28517
28518
28519
28520
28532
28539
28540
28546
28547
28548
28549
28550
28551
28552
28553
28554
28555
28556
28557
28558
28559
28560
28561
28583
28584
28585
28605
28606
28607
28608
28609
28610
28611
28612
28620
28631
28632
28633
28634
28635
28636
28648
28649
28659
28660
28661
28662
28666
28668
28669
28670
28671
28684
28699
28700
28703
28704
28705
28706
28710
28711
28712
28713
28723
28724
28727
28728
28729
28730
28736
28743
28746
28752
28753
28754
28755
28756
28757
28758
28759
28760
28761
28762
28763
28764
28765
28766
28767
28768
28769
28781
28813
28821
28822
28845
28846
28847
28848
28849
28850
28851
28852
28853
28876
28898
28899
28900
28920
28921
28922
28923
28924
28925
28926
28927
28928
28934
28954
28956
28957
28958
28959
28960
28961
28962
28963
28964
28965
28966
28967
28968
28969
28970
28971
28972
28973
28998
28999
29000
29001
29002
29003
29004
29005
29006
29007
29008
29009
29010
29011
29012
29013
29014
29015
29016
29017
29018
29056
29057
29075
29076
29077
29078
29079
29080
29081
29082
29083
29084
29085
29086
29087
29088
29110
29115
29116
29117
29118
29119
29120
29121
29122
29123
29124
29125
29126
29127
29147
29148
29149
29150
29151
29152
29153
29173
29174
29175
29176
29177
29178
29179
29192
29207
29208
29209
29210
29211
29212
29213
29225
29235
29242
29243
29244
29245
29246
29247
29248
29249
29250
29251
29252
29253
29254
29255
29256
29257
29258
29259
29260
29264
29265
29266
29274
29288
29289
29290
29291
29292
29293
29294
29326
29327
29359
29360
29361
29362
29363
29364
29365
29386
29387
29409
29410
29411
29414
29431
29432
29433
29434
29435
29436
29437
29438
29439
29440
29471
29472
29474
29475
29476
29477
29478
29479
29480
29481
29482
29483
29484
29485
29486
29487
29488
29489
29490
29491
29492
29512
29513
29514
29515
29516
29517
29518
29519
29520
29521
29522
29523
29524
29525
29526
29527
29528
29529
29568
29569
29589
29590
29591
29592
29593
29594
29595
29596
29597
29598
29599
29600
29623
29624
29629
29630
29631
29632
29633
29634
29635
29636
29637
29638
29639
29640
29641
29642
29663
29664
29665
29666
29667
29668
29669
29670
29692
29693
29694
29695
29696
29697
29698
29699
29719
29720
29721
29722
29734
29742
29745
29746
29747
29748
29749
29750
29751
29752
29753
29754
29755
29756
29757
29758
29759
29763
29766
29771
29801
29802
29803
29813
29832
29833
29834
29835
29836
29837
29838
29839
29840
29841
29842
29860
29876
29877
29878
29893
29894
29895
29896
29897
29898
29899
29900
29901
29920
29921
29929
29930
29931
29932
29933
29934
29935
29936
29937
29938
29939
29940
29941
29942
29943
29959
29960
29961
29962
29963
29964
29965
29966
29967
29968
29969
29970
29971
29972
29973
29974
29975
30012
30013
30029
30030
30031
30032
30033
30034
30035
30036
30049
30050
30051
30058
30059
30060
30061
30062
30063
30064
30065
30066
30067
30068
30069
30070
30091
30092
30093
30094
30095
30096
30097
30113
30114
30132
30133
30134
30135
30136
30147
30157
30158
30159
30163
30164
30165
30166
30167
30168
30169
30171
30189
30190
30191
30208
30210
30214
30215
30222
30223
30240
30243
30257
30263
30264
30272
30278
30279
30280
30281
30282
30283
30284
30285
30286
30287
30288
30289
30290
30291
30292
30293
30294
30295
30296
30297
30305
30306
30307
30310
30326
30327
30328
30329
30367
30368
30369
30370
30383
30405
30406
30407
30408
30409
30410
30411
30412
30413
30414
30457
30458
30459
30460
30461
30462
30463
30464
30465
30468
30487
30488
30489
30490
30491
30492
30493
30494
30495
30496
30497
30498
30499
30500
30530
30531
30532
30533
30534
30535
30536
30537
30538
30539
30540
30541
30542
30543
30544
30545
30546
30547
30548
30549
30570
30571
30572
30573
30574
30575
30576
30577
30578
30579
30580
30581
30582
30583
30584
30585
30586
30587
30588
30589
30631
30632
30633
30651
30652
30653
30654
30655
30656
30657
30658
30659
30660
30661
30662
30686
30689
30690
30691
30692
30693
30694
30695
30696
30697
30698
30699
30700
30701
30702
30703
30704
30705
30706
30724
30725
30726
30752
30753
30754
30755
30756
30757
30758
30759
30760
30761
30762
30763
30764
30765
30766
30767
30781
30782
30802
30803
30804
30805
30806
30807
30823
30824
30825
30840
30841
30846
30868
30869
30870
30871
30872
30873
30874
30875
30876
30877
30878
30879
30880
30902
30903
30904
30905
30906
30930
30931
30932
30939
30940
30941
30942
30943
30944
30945
30960
30961
30962
30963
30964
30965
30966
30967
30968
30969
30987
30995
31003
31004
31005
31006
31007
31008
31009
31018
31029
31030
31031
31039
31040
31047
31048
31051
31052
31060
31065
31066
31067
31068
31069
31070
31071
31072
31073
31074
31075
31076
31077
31078
31079
31080
31081
31084
31085
31086
31090
31097
31098
31099
31100
31101
31124
31125
31126
31127
31156
31157
31158
31159
31160
31161
31162
31196
31197
31198
31209
31226
31227
31228
31229
31230
31231
31232
31233
31234
31235
31236
31237
31238
31256
31257
31258
31259
31260
31261
31262
31263
31264
31265
31266
31267
31268
31269
31270
31319
31320
31321
31322
31323
31324
31330
31331
31339
31344
31345
31346
31347
31348
31349
31350
31351
31352
31353
31354
31355
31356
31357
31358
31377
31378
31379
31380
31381
31401
31402
31403
31404
31405
31420
31421
31422
31423
31433
31435
31438
31440
31442
31443
31451
31487
31514
31532
31533
31534
31535
31536
31537
31538
31539
31540
31541
31542
31567
31584
31585
31595
31597
31598
31599
31600
31601
31602
31603
31604
31605
31606
31607
31608
31609
31610
31611
31612
31613
31614
31615
31616
31617
31641
31642
31643
31644
31645
31646
31647
31648
31649
31650
31651
31652
31722
31740
31741
31742
31743
31744
31745
31746
31754
31761
31762
31782
31783
31784
31785
31786
31787
31788
31789
31809
31810
31811
31812
31813
31814
31815
31816
31817
31840
31841
31842
31847
31848
31869
31918
31926
31932
31943
31957
31966
32050
32074
32075
32076
32077
32078
32079
32080
32081
32082
32083
32084
32085
32086
32087
32088
32153
32154
32155
32156
32157
32158
32181
32182
32183
32191
32192
32193
32194
32195
32196
32197
32198
32199
32200
32201
32202
32203
32204
32205
32206
32207
32208
32209
32232
32233
32234
32235
32236
32237
32238
32239
32240
32241
32242
32243
32244
32245
32246
32247
32324
32325
32326
32327
32350
32351
32352
32353
32354
32355
32356
32357
32358
32359
32360
32361
32362
32363
32364
32365
32378
32390
32391
32392
32417
32418
32419
32420
32421
32422
32423
32442
32443
32444
32445
32446
32447
32448
32449
32450
32451
32452
32453
32454
32481
32482
32483
32488
32489
32570
32571
32572
32573
32585
32586
32587
32588
32589
32598
32599
32600
32601
32658
32659
32660
32672
32673
32674
32675
32676
32677
32694
32695
32696
32697
32698
32699
32700
32735
32753
32754
32755
32767
32772
32773
32794
32802
32803
32810
32856
32868
32869
32870
32871
32872
32873
32874
32875
32876
32894
32895
32939
32947
32948
32949
32950
32994
33007
33015
33028
33042
33043
33051
33053
33071
33075
33084
33085
33098
33203
33204
33226
33227
33228
33229
33230
33231
33232
33233
33234
33235
33236
33237
33238
33239
33280
33281
33289
33290
33291
33292
33293
33294
33295
33296
33297
33298
33299
33300
33301
33302
33303
33304
33305
33329
33330
33331
33332
33333
33334
33335
33336
33405
33406
33419
33420
33421
33422
33430
33431
33439
33461
33462
33463
33464
33465
33485
33486
33487
33488
33489
33490
33491
33492
33493
33494
33495
33496
33497
33498
33499
33500
33501
33553
33608
33609
33610
33611
33612
33652
33660
33661
33662
33663
33670
33671
33672
33673
33674
33675
33676
33677
33678
33693
33694
33695
33739
33740
33753
33754
33755
33756
33757
33764
33802
33803
33804
33818
33819
33854
33869
33870
33880
33881
33882
33883
33901
33904
33905
33906
33907
33908
33909
33910
33911
33912
33913
33914
33915
33916
33934
33935
33936
33937
33938
33960
33961
33969
33971
33986
33987
33988
34003
34004
34005
34006
34007
34043
34066
34074
34075
34088
34106
34114
34115
34116
34122
34123
34124
34233
34234
34235
34236
34237
34238
34239
34240
34241
34242
34243
34244
34245
34246
34247
34285
34299
34300
34301
34302
34303
34304
34305
34306
34307
34308
34309
34310
34311
34312
34313
34314
34315
34316
34317
34318
34342
34343
34344
34345
34346
34347
34348
34349
34350
34351
34352
34353
34444
34445
34446
34447
34448
34449
34450
34451
34464
34475
34476
34501
34502
34503
34504
34505
34506
34507
34508
34528
34529
34530
34531
34532
34533
34534
34535
34536
34537
34538
34539
34540
34541
34542
34543
34573
34574
34575
34576
34577
34590
34591
34592
34628
34668
34669
34670
34671
34672
34673
34674
34675
34679
34680
34684
34688
34689
34740
34741
34752
34753
34754
34755
34756
34757
34781
34782
34783
34784
34785
34786
34787
34788
34806
34807
34808
34809
34810
34865
34866
34867
34878
34880
34897
34898
34899
34900
34909
34910
34911
34923
34924
34960
34961
34965
34969
34990
34991
34995
35010
35019
35020
35111
35135
35136
35137
35138
35139
35140
35141
35142
35143
35144
35145
35146
35147
35148
35149
35150
35207
35208
35209
35210
35223
35224
35225
35226
35227
35228
35229
35230
35231
35232
35233
35234
35235
35236
35237
35238
35239
35240
35241
35242
35243
35268
35269
35270
35271
35272
35273
35274
35275
35276
35277
35278
35279
35280
35281
35282
35283
35284
35285
35366
35367
35368
35388
35389
35390
35391
35392
35393
35394
35395
35396
35397
35398
35413
35414
35430
35451
35452
35453
35454
35455
35456
35457
35458
35459
35460
35482
35483
35484
35485
35486
35487
35488
35489
35490
35491
35492
35493
35494
35495
35496
35532
35561
35562
35563
35564
35625
35633
35634
35639
35673
35693
35698
35699
35700
35705
35721
35738
35742
35743
35772
35773
35774
35775
35787
35810
35828
35829
35835
35877
35913
35935
35936
35937
35938
35939
35940
35941
35942
35943
35944
35945
35946
35947
35948
35949
35950
35951
35952
36002
36003
36015
36016
36021
36022
36023
36024
36025
36026
36027
36028
36029
36030
36031
36032
36033
36034
36035
36036
36037
36038
36039
36040
36062
36063
36064
36065
36066
36067
36068
36069
36070
36071
36072
36073
36074
36075
36076
36077
36078
36171
36172
36173
36174
36175
36176
36177
36178
36179
36199
36200
36224
36225
36226
36227
36228
36229
36230
36231
36232
36233
36234
36235
36236
36255
36256
36257
36258
36259
36260
36261
36262
36263
36264
36265
36266
36292
36293
36294
36295
36296
36297
36303
36376
36377
36378
36379
36380
36385
36386
36400
36462
36463
36464
36465
36485
36486
36487
36488
36489
36490
36491
36492
36493
36494
36495
36496
36514
36515
36516
36517
36518
36519
36520
36521
36557
36558
36564
36565
36566
36572
36589
36590
36591
36592
36604
36605
36606
36607
36619
36720
36721
36722
36723
36724
36725
36758
36759
36760
36761
36762
36763
36764
36765
36766
36767
36768
36769
36770
36791
36792
36793
36794
36795
36796
36797
36798
36855
36856
36867
36875
36897
36898
36899
36900
36914
36915
36916
36917
36918
36919
36920
36921
36922
36942
36943
37005
37012
37014
37086
37087
37088
37089
37090
37091
37092
37093
37094
37095
37096
37097
37122
37125
37126
37127
37128
37129
37130
37131
37132
37133
37134
37153
37154
37155
37156
37157
37158
37159
37160
37161
37162
37163
37213
37221
37222
37223
37224
37229
37250
37263
37264
37265
37266
37267
37268
37269
37270
37276
37313
37314
37315
37320
37324
37392
37413
37414
37415
37416
37417
37418
37419
37420
37421
37452
37453
37454
37465
37466
37467
37468
37470
37471
37472
37473
37474
37475
37476
37477
37478
37479
37480
37481
37482
37483
37504
37505
37506
37507
37508
37509
37510
37511
37512
37513
37514
37570
37571
37572
37582
37583
37584
37585
37586
37587
37599
37610
37629
37630
37631
37632
37646
37647
37648
37649
37650
37651
37652
37653
37670
37671
37736
37769
37778
37779
37780
37781
37782
37789
37790
37802
37809
37896
37897
37917
37918
37919
37920
37921
37922
37923
37924
37925
37926
37963
37964
37965
37973
37974
37977
37978
37979
37980
37981
37982
37983
37984
37985
37986
37987
37988
37989
37990
37991
37992
38014
38015
38016
38017
38018
38019
38020
38021
38022
38023
38024
38025
38026
38027
38028
38094
38095
38110
38111
38112
38113
38114
38115
38116
38117
38156
38157
38158
38159
38160
38161
38162
38180
38181
38182
38183
38184
38185
38186
38187
38210
38211
38212
38220
38221
38225
38293
38294
38295
38301
38303
38380
38381
38396
38397
38398
38399
38400
38401
38402
38403
38404
38405
38406
38447
38456
38457
38458
38459
38460
38461
38462
38463
38464
38465
38466
38467
38468
38469
38470
38471
38472
38473
38474
38497
38498
38499
38500
38501
38502
38503
38504
38505
38506
38507
38588
38589
38590
38591
38592
38593
38627
38644
38645
38646
38647
38648
38649
38650
38651
38652
38653
38654
38668
38669
38670
38739
38784
38807
38824
38825
38826
38827
38828
38859
38865
38866
38867
38868
38869
38870
38871
38872
38873
38874
38875
38876
38877
38878
38879
38880
38904
38905
38906
38907
38908
38909
38910
38911
38912
38913
38914
38915
38985
38986
38997
39012
39013
39031
39032
39033
39034
39035
39036
39037
39038
39039
39056
39112
39114
39115
39143
39144
39145
39146
39165
39166
39167
39168
39187
39188
39192
39210
39293
39315
39316
39317
39318
39319
39320
39321
39322
39323
39324
39325
39326
39327
39328
39329
39378
39379
39380
39392
39393
39396
39397
39398
39399
39400
39401
39402
39403
39404
39405
39406
39407
39408
39409
39410
39411
39412
39413
39414
39437
39438
39439
39440
39441
39442
39443
39444
39445
39446
39447
39448
39449
39450
39451
39452
39453
39521
39522
39523
39539
39540
39541
39542
39543
39544
39545
39546
39564
39565
39566
39586
39587
39588
39589
39590
39591
39592
39593
39594
39595
39597
39615
39616
39617
39618
39619
39620
39621
39622
39623
39624
39625
39626
39627
39628
39629
39656
39657
39739
39740
39746
39758
39760
39769
39775
39779
39814
39815
39816
39817
39818
39831
39832
39833
39834
39835
39836
39837
39838
39847
39848
39885
39889
39890
39891
39932
39983
39998
39999
40000
40001
40002
40003
40004
40005
40006
40007
40038
40039
40040
40041
40042
40043
40044
40045
40046
40047
40048
40049
40050
40073
40074
40075
40076
40077
40078
40079
40080
40140
40141
40142
40143
40144
40167
40168
40169
40170
40186
40187
40188
40189
40190
40191
40192
40205
40206
40260
40265
40278
40284
40285
40298
40299
40300
40301
40302
40303
40304
40305
40306
40307
40308
40309
40310
40315
40316
40317
40318
40323
40324
40341
40342
40348
40366
40367
40404
40405
40406
40422
40423
40424
40425
40440
40442
40443
40444
40445
40446
40447
40448
40449
40450
40451
40452
40467
40468
40469
40470
40471
40472
40473
40474
40475
40505
40516
40517
40518
40519
40520
40539
40540
40541
40542
40543
40544
40545
40546
40547
40548
40549
40585
40599
40600
40601
40607
40610
40611
40612
40613
40614
40615
40616
40617
40618
40619
40620
40621
40622
40644
40645
40646
40682
40683
40684
40685
40686
40687
40688
40689
40690
40691
40692
40693
40694
40695
40696
40717
40738
40752
40767
40768
40769
40770
40771
40772
40773
40774
40775
40776
40777
40778
40779
40799
40800
40801
40802
40803
40804
40805
40806
40807
40808
40848
40849
40850
40861
40862
40863
40869
40870
40871
40872
40873
40874
40875
40892
40893
40916
40917
40918
40919
40920
40921
40922
40923
40924
40925
40926
40943
40944
40946
40950
40967
40968
40969
40970
40971
40972
40973
40974
40975
40976
40977
40978
40987
40988
40989
40990
40991
41013
41049
41050
41051
41057
41058
41059
41060
41061
41062
41077
41078
41079
41080
41081
41082
41083
41110
41111
41121
41122
41123
41126
41140
41144
41145
41146
41147
41148
41149
41150
41158
41159
41160
41161
41162
41173
41175
41179
41183
41191
41193
41198
41199
41201
41202
41203
41208
41210
41217
41218
41219
41220
41221
41222
41223
41224
41225
41226
41249
41257
41281
41295
41296
41301
41302
41303
41304
41305
41306
41307
41308
41309
41319
41320
41321
41322
41323
41324
41325
41326
41344
41351
41352
41353
41358
41359
41360
41361
41362
41363
41364
41365
41366
41378
41393
41396
41401
41402
41411
41412
41413
41414
41415
41416
41417
41418
41470
41477
41478
41480
41481
41482
41483
41484
41485
41486
41496
41497
41498
41499
41525
41527
41528
41529
41530
41551
41556
41557
41558
41562
41563
41564
41565
41566
41567
41568
41569
41570
41571
41572
41573
41574
41575
41576
41577
41588
41599
41612
41613
41614
41615
41616
41641
41642
41660
41661
41662
41663
41664
41665
41666
41667
41668
41669
41670
41671
41694
41695
41696
41712
41713
41729
41730
41731
41732
41733
41741
41747
41748
41749
41750
41751
41752
41753
41754
41755
41756
41757
41758
41759
41760
41761
41776
41777
41778
41779
41780
41781
41782
41783
41784
41785
41786
41787
41788
41789
41827
41828
41829
41830
41831
41844
41845
41846
41847
41848
41849
41850
41851
41852
41853
41854
41855
41856
41857
41858
41859
41878
41879
41895
41896
41897
41898
41905
41921
41922
41923
41924
41925
41937
41949
41959
41961
41962
41963
41964
41978
41983
41984
41985
41986
41997
41998
41999
42000
42004
42010
42011
42012
42013
42014
42015
42016
42017
42018
42028
42040
42055
42062
42080
42081
42082
42083
42084
42085
42086
42087
42088
42089
42126
42135
42136
42137
42138
42139
42140
42141
42142
42158
42159
42160
42161
42184
42193
42194
42198
42205
42206
42207
42208
42209
42210
42240
42241
42254
42255
42266
42268
42269
42270
42285
42288
42294
42295
42296
42297
42298
42299
42300
42301
42302
42303
42304
42305
42306
42307
42308
42309
42310
42311
42312
42316
42317
42318
42319
42320
42321
42322
42323
42324
42325
42338
42339
42340
42341
42364
42365
42366
42367
42396
42397
42398
42399
42400
42401
42402
42457
42458
42459
42460
42461
42477
42478
42479
42480
42481
42482
42483
42484
42485
42517
42519
42520
42521
42522
42523
42524
42525
42526
42527
42528
42529
42530
42531
42550
42551
42552
42553
42554
42555
42556
42557
42558
42559
42560
42561
42562
42563
42564
42565
42603
42604
42605
42606
42623
42624
42625
42626
42627
42628
42629
42630
42631
42644
42648
42649
42650
42651
42652
42653
42654
42655
42656
42657
42658
42659
42660
42661
42680
42681
42682
42683
42704
42705
42706
42707
42722
42723
42724
42725
42726
42738
42745
42751
42759
42768
42782
42784
42787
42790
42791
42792
42793
42794
42795
42796
42797
42798
42799
42800
42801
42802
42803
42804
42805
42819
42835
42836
42837
42859
42885
42886
42887
42888
42889
42890
42891
42892
42893
42894
42895
42896
42897
42917
42927
42928
42936
42937
42938
42959
42960
42961
42962
42963
42964
42965
42966
42967
42968
42969
42970
42971
42972
42973
42974
42993
42994
42995
42996
42997
42998
42999
43000
43001
43002
43003
43004
43005
43006
43007
43008
43009
43010
43043
43058
43059
43060
43061
43062
43063
43064
43070
43080
43081
43082
43083
43084
43085
43086
43087
43088
43089
43090
43091
43109
43110
43111
43130
43131
43132
43133
43134
43135
43146
43147
43163
43164
43165
43166
43167
43168
43169
43170
43171
43179
43186
43187
43188
43189
43190
43191
43192
43201
43202
43215
43216
43217
43218
43253
43254
43255
43256
43257
43258
43262
43281
43282
43283
43297
43298
43302
43303
43305
43306
43307
43308
43310
43314
43315
43316
43317
43318
43319
43320
43321
43332
43333
43352
43353
43354
43355
43356
43357
43386
43396
43397
43398
43399
43400
43415
43416
43417
43418
43419
43420
43421
43422
43423
43443
43448
43452
43453
43454
43455
43456
43457
43458
43459
43460
43461
43462
43463
43469
43470
43471
43472
43485
43486
43487
43488
43495
43503
43506
43515
43516
43517
43518
43519
43520
43521
43540
43560
43568
43569
43576
43577
43578
43589
43590
43591
43592
43608
43609
43610
43611
43614
43617
43618
43627
43628
43635
43641
43644
43645
43646
43647
43648
43649
43650
43651
43668
43680
43681
43686
43687
43688
43696
43697
43698
43699
43700
43705
43706
43711
43712
43713
43714
43724
43742
43743
43744
43745
43746
43747
43753
43754
43755
43758
43763
43784
43785
43786
43787
43788
43791
43792
43795
43797
43798
43799
43800
43801
43802
43803
43804
43805
43815
43816
43817
43818
43819
43832
43833
43842
43845
43846
43847
43848
43849
43850
43859
43868
43869
43870
43871
43884
43885
43886
43887
43888
43889
43890
43891
43892
43893
43903
43904
43917
43931
43932
43959
43961
43973
43974
43975
43976
43984
43987
43988
43989
43990
43991
43992
43993
44010
44011
44012
44013
44014
44015
44038
44039
44045
44050
44057
44058
44059
44060
44061
44062
44063
44064
44065
44078
44100
44104
44110
44112
44116
44117
44118
44119
44120
44121
44122
44123
44124
44125
44126
44127
44128
44156
44157
44158
44159
44160
44161
44162
44163
44164
44192
44212
44213
44214
44215
44216
44217
44218
44219
44220
44221
44222
44223
44224
44225
44226
44227
44228
44229
44230
44285
44286
44287
44288
44289
44290
44307
44308
44309
44321
44322
44323
44324
44325
44326
44327
44328
44329
44330
44331
44332
44333
44334
44335
44354
44355
44356
44357
44358
44359
44360
44361
44362
44363
44364
44365
44366
44415
44416
44417
44418
44419
44420
44421
44422
44423
44424
44433
44434
44435
44441
44442
44443
44444
44445
44446
44447
44448
44449
44495
44496
44497
44498
44499
44500
44501
44505
44519
44520
44521
44522
44523
44524
44525
44526
44533
44538
44541
44542
44543
44544
44545
44546
44547
44548
44574
44575
44576
44577
44616
44617
44618
44619
44620
44628
44631
44632
44633
44643
44644
44645
44646
44647
44648
44661
44662
44665
44666
44667
44668
44703
44704
44705
44719
44720
44721
44722
44723
44724
44725
44726
44727
44728
44729
44730
44731
44732
44733
44734
44735
44736
44745
44765
44766
44781
44782
44818
44819
44820
44821
44822
44860
44861
44862
44863
44864
44865
44866
44867
44868
44869
44891
44909
44910
44917
44935
44936
44937
44938
44939
44940
44941
44942
44943
44944
44958
44973
44974
44979
44980
44981
44982
44983
44984
44985
44986
44987
44988
44989
44990
44991
44992
44993
44994
44995
44996
44997
45016
45017
45018
45019
45020
45021
45022
45023
45024
45025
45026
45027
45028
45029
45030
45031
45032
45033
45034
45069
45070
45083
45084
45085
45086
45087
45088
45089
45090
45091
45092
45093
45106
45107
45108
45117
45118
45125
45126
45127
45128
45129
45130
45131
45132
45133
45134
45135
45136
45137
45138
45139
45140
45141
45163
45186
45187
45188
45202
45203
45204
45222
45223
45224
45225
45226
45227
45228
45229
45230
45231
45232
45233
45258
45274
45275
45295
45296
45297
45298
45299
45300
45301
45302
45305
45306
45309
45319
45359
45360
45361
45362
45373
45374
45375
45376
45377
45378
45379
45389
45390
45391
45392
45393
45410
45411
45412
45416
45421
45422
45423
45424
45425
45444
45445
45463
45464
45465
45466
45467
45468
45469
45470
45471
45472
45473
45474
45475
45476
45477
45478
45479
45480
45481
45482
45493
45494
45495
45496
45497
45498
45499
45500
45501
45507
45520
45527
45528
45550
45585
45586
45587
45588
45606
45607
45608
45609
45610
45611
45612
45613
45629
45630
45631
45632
45633
45634
45635
45636
45637
45638
45639
45640
45641
45642
45643
45662
45663
45664
45665
45666
45667
45668
45669
45670
45671
45672
45673
45674
45675
45676
45677
45706
45707
45708
45709
45722
45723
45731
45735
45736
45737
45738
45739
45740
45741
45742
45743
45744
45745
45746
45747
45763
45764
45765
45780
45781
45782
45783
45784
45785
45786
45787
45788
45797
45810
45811
45812
45813
45824
45830
45831
45832
45833
45834
45852
45863
45878
45881
45883
45895
45897
45900
45901
45902
45910
45911
45916
45917
45918
45919
45920
45921
45922
45923
45924
45946
45947
45960
45961
45966
45968
45969
45970
45971
45972
45973
45974
45975
45976
45984
45985
45986
45987
45988
45989
46001
46002
46003
46006
46007
46008
46009
46010
46011
46026
46035
46036
46041
46043
46052
46055
46056
46157
46158
46177
46178
46179
46180
46181
46182
46183
46184
46185
46186
46187
46241
46242
46243
46244
46245
46246
46247
46259
46260
46261
46262
46263
46264
46265
46266
46267
46268
46269
46270
46271
46272
46273
46274
46275
46276
46277
46301
46302
46303
46304
46305
46306
46307
46308
46309
46310
46311
46312
46313
46392
46393
46394
46410
46411
46412
46413
46414
46415
46416
46417
46418
46419
46451
46452
46453
46454
46474
46475
46476
46477
46478
46479
46480
46481
46482
46483
46484
46515
46516
46606
46607
46608
46694
46714
46715
46716
46717
46718
46719
46720
46761
46762
46763
46764
46765
46766
46767
46768
46769
46770
46771
46772
46773
46774
46775
46776
46777
46778
46779
46780
46781
46782
46805
46806
46807
46808
46809
46810
46811
46812
46813
46814
46815
46816
46817
46818
46888
46889
46904
46905
46906
46907
46935
46936
46937
46938
46939
46940
46941
46942
46943
46964
46965
46966
46967
46968
46969
46970
46971
46972
46973
46974
46975
46976
46977
46978
47003
47006
47027
47080
47081
47090
47104
47174
47192
47193
47194
47195
47196
47197
47198
47199
47200
47201
47202
47203
47204
47236
47237
47238
47239
47249
47250
47251
47252
47253
47254
47255
47256
47257
47258
47259
47260
47261
47262
47263
47264
47265
47288
47289
47290
47291
47292
47293
47294
47295
47296
47297
47298
47299
47382
47383
47384
47385
47386
47387
47400
47416
47417
47418
47419
47435
47436
47437
47438
47439
47440
47441
47442
47443
47444
47445
47462
47463
47530
47531
47532
47533
47534
47547
47571
47602
47613
47614
47615
47616
47617
47625
47626
47627
47628
47629
47630
47631
47632
47633
47634
47645
47684
47685
47686
47703
47710
47711
47712
47811
47812
47813
47814
47815
47816
47817
47818
47819
47852
47858
47859
47860
47862
47863
47864
47865
47866
47867
47868
47891
47892
47893
47955
47956
47964
47965
47966
47967
47973
47974
47986
47987
47988
48000
48001
48002
48003
48004
48005
48006
48016
48072
48073
48074
48075
48076
48105
48106
48111
48112
48113
48114
48115
48116
48117
48118
48126
48127
48147
48148
48149
48150
48169
48230
48240
48241
48242
48243
48244
48266
48267
48268
48269
48270
48271
48272
48273
48296
48297
48298
48299
48300
48301
48351
48352
48361
48362
48365
48366
48367
48378
48391
48392
48393
48394
48395
48396
48397
48398
48399
48400
48412
48417
48456
48502
48503
48504
48505
48506
48507
48508
48509
48527
48528
48529
48530
48563
48566
48567
48581
48590
48591
48592
48615
48702
48703
48718
48719
48720
48721
48722
48740
48741
48742
48743
48744
48775
48776
48780
48802
48803
48804
48805
48806
48835
48836
48846
48850
48851
48860
48861
48893
48902
48903
48967
48968
48969
48970
48971
48987
48988
48989
48990
48991
48992
48993
48994
49032
49033
49034
49045
49046
49047
49050
49051
49052
49053
49054
49055
49056
49057
49058
49059
49060
49061
49062
49063
49064
49065
49066
49087
49088
49089
49090
49091
49092
49093
49094
49095
49096
49097
49098
49099
49100
49170
49183
49184
49185
49186
49187
49188
49194
49201
49235
49236
49237
49238
49239
49240
49241
49242
49243
49244
49245
49246
49267
49268
49273
49348
49413
49414
49427
49428
49429
49430
49431
49432
49451
49452
49453
49454
49455
49456
49457
49458
49459
49460
49461
49462
49463
49464
49465
49466
49467
49489
49490
49491
49492
49493
49494
49495
49496
49497
49558
49562
49581
49582
49599
49600
49601
49602
49603
49612
49646
49676
49681
49682
49683
49684
49697
49698
49699
49775
49776
49795
49796
49797
49798
49799
49800
49801
49802
49803
49804
49805
49806
49807
49857
49858
49859
49860
49861
49862
49870
49871
49872
49873
49874
49875
49876
49877
49878
49879
49880
49881
49882
49883
49884
49908
49909
49910
49911
49912
49913
49914
49915
49916
49917
49918
49919
49920
49921
49922
50019
50020
50021
50022
50023
50024
50025
50026
50027
50028
50048
50070
50071
50072
50073
50074
50075
50076
50077
50098
50099
50100
50101
50102
50103
50104
50105
50106
50107
50108
50109
50110
50124
50208
50209
50215
50220
50221
50222
50224
50225
50226
50227
50228
50229
50230
50231
50232
50233
50234
50235
50236
50237
50238
50281
50282
50315
50316
50317
50318
50343
50344
50345
50346
50347
50348
50349
50350
50351
50352
50353
50354
50355
50356
50357
50358
50359
50428
50429
50430
50454
50457
50458
50459
50460
50461
50462
50463
50464
50465
50466
50467
50468
50469
50470
50471
50472
50473
50474
50475
50476
50501
50502
50503
50504
50505
50506
50507
50508
50509
50510
50511
50512
50513
50514
50515
50516
50517
50518
50519
50564
50606
50607
50608
50609
50610
50611
50632
50633
50634
50635
50636
50637
50638
50639
50640
50641
50642
50681
50696
50697
50698
50725
50726
50727
50728
50729
50730
50750
50751
50752
50753
50754
50755
50756
50757
50758
50759
50760
50761
50762
50763
50789
50790
50791
50792
50806
50807
50808
50829
50830
50831
50832
50833
50898
50899
50900
50901
50912
50917
50923
50924
50925
50926
50927
50928
50929
50930
50931
51006
51007
51008
51009
51010
51011
51012
51013
51014
51015
51016
51055
51057
51058
51059
51060
51061
51062
51063
51064
51065
51066
51067
51068
51069
51091
51092
51093
51094
51095
51096
51097
51098
51099
51100
51182
51183
51184
51185
51186
51187
51188
51211
51228
51229
51230
51247
51248
51249
51250
51251
51252
51253
51254
51255
51291
51332
51333
51347
51384
51385
51400
51401
51402
51449
51454
51456
51457
51458
51474
51475
51510
51527
51528
51529
51539
51554
51608
51609
51610
51611
51612
51613
51630
51631
51632
51633
51660
51661
51680
51681
51685
51720
51721
51722
51723
51820
51821
51844
51845
51846
51847
51848
51849
51850
51851
51852
51853
51854
51855
51856
51857
51911
51912
51913
51914
51923
51924
51925
51926
51927
51928
51929
51930
51931
51932
51933
51934
51935
51936
51937
51938
51939
51940
51941
51942
51943
51967
51968
51969
51970
51971
51972
51973
51974
51975
51976
51977
51978
51979
51980
52058
52077
52078
52079
52080
52081
52082
52083
52084
52085
52086
52127
52128
52129
52130
52131
52132
52133
52154
52155
52156
52157
52158
52159
52160
52161
52162
52163
52164
52165
52166
52167
52168
52202
52203
52204
52205
52206
52207
52208
52238
52239
52240
52241
52301
52304
52309
52340
52352
52357
52358
52369
52370
52371
52372
52385
52386
52387
52421
52424
52434
52435
52436
52443
52445
52467
52474
52478
52487
52501
52505
52527
52555
52564
52566
52570
52642
52643
52644
52645
52646
52647
52648
52674
52675
52681
52683
52684
52685
52686
52687
52688
52689
52690
52691
52692
52693
52694
52713
52714
52715
52716
52717
52718
52719
52790
52791
52792
52793
52794
52805
52806
52824
52825
52826
52827
52841
52842
52843
52844
52845
52846
52847
52859
52916
52919
52921
52932
52957
52958
52966
52967
52968
52969
52983
52984
52985
52998
53003
53019
53020
53043
53048
53050
53051
53056
53057
53058
53062
53063
53064
53108
53145
53146
53147
53165
53166
53167
53168
53169
53170
53171
53223
53224
53225
53226
53238
53239
53240
53241
53242
53243
53244
53245
53246
53247
53248
53249
53250
53251
53252
53253
53254
53255
53256
53257
53258
53282
53283
53284
53285
53286
53287
53288
53289
53290
53291
53292
53293
53294
53295
53296
53297
53371
53372
53373
53374
53375
53391
53392
53393
53394
53395
53396
53397
53398
53408
53431
53432
53433
53434
53435
53436
53456
53457
53458
53459
53460
53461
53462
53463
53464
53465
53466
53467
53468
53469
53470
53471
53491
53493
53576
53577
53578
53579
53580
53581
53587
53663
53664
53665
53666
53675
53676
53677
53702
53708
53709
53710
53711
53712
53713
53714
53715
53716
53717
53718
53719
53742
53743
53744
53745
53746
53747
53748
53798
53803
53804
53814
53827
53828
53836
53837
53846
53847
53851
53899
53904
53993
53994
53995
53996
53997
54029
54030
54038
54039
54040
54041
54042
54043
54044
54045
54046
54047
54048
54049
54050
54051
54073
54074
54075
54076
54077
54078
54079
54080
54081
54082
54083
54084
54085
54140
54141
54154
54155
54156
54157
54178
54179
54194
54195
54196
54197
54198
54199
54200
54220
54221
54274
54298
54305
54313
54314
54315
54316
54330
54331
54369
54431
54441
54442
54443
54444
54445
54446
54447
54466
54467
54468
54469
54470
54471
54472
54473
54474
54475
54476
54477
54478
54479
54495
54496
54497
54498
54499
54558
54559
54563
54587
54588
54596
54597
54598
54607
54700
54708
54709
54710
54735
54736
54737
54738
54739
54740
54741
54742
54743
54744
54745
54746
54769
54770
54771
54772
54773
54774
54816
54821
54829
54830
54845
54846
54847
54848
54849
54850
54886
