1
2
13
23
24
34
37
38
40
43
51
55
63
64
72
82
83
84
88
89
94
97
98
105
106
115
116
122
128
134
135
140
154
155
156
166
167
177
178
188
189
198
204
205
206
216
217
218
227
228
238
239
244
251
252
257
258
264
265
266
276
277
286
287
297
298
305
312
313
314
321
330
331
332
342
343
353
354
355
364
365
366
376
377
384
385
389
390
394
395
399
404
405
411
412
414
417
418
425
426
427
437
438
447
448
449
459
460
469
478
479
488
489
490
500
501
502
512
513
514
524
525
526
535
536
544
545
553
554
564
565
569
572
577
578
584
585
590
599
606
618
626
627
628
638
639
647
648
657
658
666
667
668
678
679
683
689
693
694
709
717
718
721
729
730
731
741
761
762
772
773
782
783
791
792
797
801
804
805
809
814
816
817
823
824
825
833
834
837
841
847
848
852
859
876
877
885
898
905
919
920
930
931
940
941
950
951
954
955
962
963
972
973
974
983
984
994
995
1000
1007
1019
1020
1021
1031
1032
1040
1041
1049
1050
1058
1065
1068
1074
1075
1084
1085
1093
1094
1103
1104
1114
1115
1116
1126
1127
1133
1138
1144
1147
1148
1154
1155
1160
1161
1162
1165
1166
1173
1174
1175
1185
1186
1187
1196
1197
1207
1208
1209
1217
1218
1228
1229
1238
1239
1240
1250
1251
1261
1262
1272
1273
1274
1288
1289
1298
1299
1308
1309
1314
1319
1330
1335
1346
1347
1354
1355
1363
1364
1375
1376
1386
1387
1396
1397
1406
1407
1416
1417
1427
1428
1429
1435
1442
1443
1451
1460
1461
1470
1471
1476
1480
1481
1487
1495
1496
1505
1506
1514
1515
1524
1525
1531
1537
1538
1550
1559
1560
1566
1567
1576
1577
1580
1592
1593
1599
1604
1608
1609
1613
1616
1625
1631
1637
1638
1645
1646
1652
1657
1658
1670
1671
1679
1680
1693
1699
1700
1706
1712
1713
1722
1723
1733
1734
1735
1744
1745
1746
1754
1755
1771
1772
1773
1782
1783
1791
1792
1802
1803
1809
1815
1829
1830
1831
1841
1842
1850
1859
1860
1867
1869
1870
1879
1880
1890
1891
1900
1901
1910
1919
1920
1921
1930
1931
1940
1941
1944
1956
1957
1959
1962
1969
1970
1971
1980
1981
1982
1992
1993
1994
2003
2004
2005
2015
2016
2024
2025
2033
2034
2035
2045
2046
2047
2057
2058
2068
2069
2085
2092
2093
2102
2103
2111
2120
2121
2123
2125
2130
2131
2138
2139
2144
2145
2149
2150
2158
2159
2168
2169
2170
2179
2180
2189
2190
2191
2200
2201
2211
2212
2213
2224
2225
2226
2228
2230
2233
2240
2247
2255
2256
2260
2264
2267
2270
2277
2278
2288
2289
2297
2298
2305
2306
2312
2319
2320
2324
2331
2341
2345
2348
2357
2363
2365
2383
2395
2398
2399
2406
2409
2422
2423
2430
2431
2437
2445
2446
2453
2454
2458
2462
2469
2470
2479
2480
2485
2490
2505
2506
2509
2516
2517
2523
2530
2531
2533
2539
2548
2549
2559
2560
2568
2574
2575
2579
2583
2584
2591
2592
2602
2603
2611
2618
2622
2627
2628
2631
2632
2634
2644
2655
2660
2664
2669
2677
2678
2687
2705
2710
2711
2719
2720
2724
2725
2729
2730
2731
2732
2745
2748
2758
2761
2765
2767
2774
2775
2781
2785
2796
2797
2799
2800
2803
2805
2807
2810
2811
2817
2818
2830
2835
2841
2845
2852
2853
2854
2863
2864
2870
2871
2878
2879
2884
2890
2891
2892
2899
2907
2908
2916
2917
2925
2932
2940
2941
2951
2952
2961
2962
2969
2970
2977
2978
2980
2981
2983
2987
2988
2994
3001
3002
3010
3011
3019
3020
3028
3029
3036
3041
3043
3052
3053
3054
3063
3064
3073
3083
3084
3097
3105
3106
3114
3115
3116
3125
3126
3136
3137
3138
3145
3149
3154
3155
3161
3162
3173
3180
3200
3201
3210
3211
3218
3224
3225
3227
3234
3235
3236
3246
3247
3253
3256
3260
3268
3269
3277
3278
3281
3285
3286
3291
3292
3293
3300
3301
3307
3308
3314
3315
3317
3320
3327
3330
3331
3334
3337
3348
3349
3357
3367
3371
3378
3379
3383
3387
3392
3396
3397
3399
3403
3404
3414
3415
3423
3424
3429
3436
3437
3439
3442
3447
3448
3455
3456
3461
3462
3468
3473
3474
3485
3487
3500
3503
3506
3511
3516
3517
3519
3526
3527
3537
3542
3543
3548
3549
3551
3554
3561
3562
3566
3573
3575
3576
3586
3587
3596
3597
3605
3612
3617
3618
3625
3626
3633
3634
3635
3641
3642
3650
3655
3656
3664
3665
3670
3671
3677
3678
3680
3681
3684
3693
3694
3701
3707
3708
3713
3714
3715
3719
3730
3731
3740
3741
3742
3751
3752
3762
3763
3764
3772
3773
3779
3780
3788
3789
3790
3799
3800
3808
3809
3818
3819
3824
3829
3830
3836
3843
3846
3852
3867
3869
3871
3876
3877
3882
3887
3894
3902
3903
3904
3913
3914
3921
3922
3928
3931
3937
3938
3943
3948
3949
3958
3961
3962
3968
3970
3975
3979
3992
3997
3999
4003
4008
4011
4012
4013
4016
4018
4024
4025
4026
4034
4035
4036
4041
4046
4048
4058
4059
4071
4079
4087
4088
4096
4100
4105
4106
4108
4113
4114
4117
4118
4124
4125
4126
4136
4137
4147
4148
4156
4164
4171
4172
4176
4177
4183
4184
4191
4192
4201
4202
4203
4212
4218
4221
4222
4229
4237
4245
4248
4257
4263
4264
4268
4269
4274
4275
4282
4283
4293
4304
4313
4319
4321
4338
4339
4349
4351
4355
4360
4366
4373
4374
4379
4388
4391
4399
4400
4405
4407
4414
4415
4426
4431
4437
4444
4445
4448
4455
4462
4477
4483
4486
4487
4489
4494
4495
4502
4503
4509
4516
4517
4525
4531
4532
4533
4543
4544
4552
4558
4559
4567
4572
4577
4587
4588
4592
4593
4600
4610
4622
4628
4631
4634
4635
4641
4648
4651
4659
4664
4669
4672
4673
4678
4684
4691
4693
4696
4698
4699
4704
4705
4706
4707
4713
4719
4720
4724
4725
4730
4737
4740
4741
4751
4766
4767
4768
4771
4773
4775
4779
4785
4796
4797
4804
4810
4815
4827
4828
4831
4838
4840
4847
4848
4857
4858
4859
4864
4868
4869
4876
4877
4878
4885
4893
4894
4903
4909
4914
4919
4920
4926
4927
4934
4935
4944
4945
4955
4956
4964
4965
4973
4974
4977
4981
4988
4997
4998
5007
5008
5009
5019
5020
5025
5030
5034
5035
5044
5045
5046
5056
5057
5066
5067
5076
5077
5087
5098
5099
5108
5109
5116
5125
5126
5136
5137
5145
5146
5147
5152
5157
5161
5168
5171
5177
5188
5189
5190
5200
5201
5202
5212
5213
5214
5224
5225
5233
5239
5240
5249
5250
5251
5261
5262
5272
5273
5274
5283
5284
5292
5299
5300
5307
5314
5315
5322
5325
5329
5331
5338
5347
5348
5355
5356
5357
5364
5365
5375
5376
5385
5386
5395
5396
5401
5404
5411
5412
5419
5420
5428
5429
5438
5439
5457
5458
5467
5471
5477
5484
5487
5494
5503
5504
5511
5512
5518
5519
5521
5528
5533
5543
5563
5571
5586
5587
5588
5598
5599
5607
5608
5616
5617
5624
5625
5626
5635
5636
5637
5646
5647
5656
5657
5677
5678
5687
5688
5696
5697
5703
5704
5715
5716
5725
5726
5735
5736
5745
5746
5747
5757
5758
5767
5768
5773
5777
5778
5783
5784
5791
5795
5803
5804
5805
5815
5816
5825
5826
5827
5837
5838
5839
5848
5849
5850
5857
5858
5859
5867
5868
5878
5879
5880
5890
5891
5901
5902
5903
5911
5912
5919
5920
5929
5935
5936
5939
5941
5942
5944
5947
5952
5953
5956
5957
5968
5969
5976
5977
5984
5985
5994
5995
6003
6004
6005
6014
6015
6016
6025
6026
6027
6040
6049
6050
6051
6059
6060
6065
6069
6071
6072
6079
6080
6090
6091
6092
6102
6106
6110
6114
6125
6132
6138
6147
6148
6155
6165
6172
6176
6179
6181
6184
6188
6190
6191
6193
6204
6212
6213
6216
6219
6224
6230
6231
6247
6248
6257
6258
6264
6268
6269
6270
6277
6278
6283
6290
6291
6296
6303
6304
6313
6314
6315
6324
6325
6334
6335
6336
6345
6346
6349
6356
6363
6364
6365
6375
6376
6385
6386
6387
6397
6398
6406
6407
6412
6422
6427
6428
6436
6437
6447
6448
6449
6459
6460
6470
6471
6479
6480
6486
6487
6489
6495
6496
6505
6506
6514
6515
6524
6525
6533
6534
6544
6545
6559
6569
6575
6576
6584
6585
6598
6599
6600
6610
6611
6612
6621
6631
6632
6633
6643
6644
6645
6655
6656
6664
6665
6666
6676
6677
6687
6688
6689
6699
6700
6701
6708
6709
6718
6726
6727
6728
6736
6737
6738
6743
6747
6753
6754
6756
6760
6764
6772
6773
6780
6785
6791
6799
6800
6809
6810
6820
6821
6822
6832
6833
6834
6843
6844
6845
6855
6856
6857
6863
6867
6868
6878
6879
6884
6885
6890
6891
6892
6897
6904
6905
6906
6915
6916
6917
6921
6935
6936
6937
6946
6947
6955
6962
6963
6976
6977
6992
6998
6999
7000
7009
7010
7011
7019
7020
7026
7027
7030
7032
7034
7041
7042
7043
7045
7053
7054
7063
7064
7073
7074
7075
7084
7093
7097
7105
7106
7107
7115
7116
7121
7122
7126
7131
7135
7139
7143
7151
7152
7160
7161
7171
7172
7180
7181
7182
7192
7193
7194
7198
7199
7206
7207
7217
7218
7219
7228
7229
7239
7240
7246
7247
7253
7257
7268
7269
7270
7280
7281
7282
7291
7292
7293
7303
7304
7305
7313
7314
7320
7321
7322
7333
7334
7343
7344
7354
7355
7356
7366
7367
7375
7376
7386
7387
7398
7399
7408
7414
7415
7419
7421
7429
7430
7431
7441
7442
7443
7452
7453
7454
7464
7465
7466
7476
7477
7478
7488
7489
7498
7499
7500
7510
7511
7512
7522
7523
7524
7534
7535
7536
7545
7546
7555
7556
7565
7566
7576
7577
7584
7585
7595
7601
7602
7608
7617
7620
7630
7631
7640
7641
7647
7652
7657
7659
7660
7667
7668
7678
7679
7688
7689
7699
7700
7709
7710
7711
7721
7722
7723
7736
7742
7743
7751
7754
7760
7761
7762
7772
7773
7774
7780
7784
7785
7789
7790
7797
7805
7806
7816
7817
7826
7827
7836
7837
7838
7843
7850
7851
7860
7861
7867
7868
7872
7873
7879
7886
7887
7893
7894
7903
7904
7908
7910
7913
7924
7925
7932
7936
7940
7942
7944
7949
7950
7951
7958
7967
7968
7980
7981
7990
7991
7992
7999
8000
8005
8006
8012
8013
8021
8028
8029
8036
8037
8042
8043
8047
8051
8062
8063
8064
8073
8074
8075
8085
8086
8095
8096
8107
8113
8119
8125
8126
8135
8143
8153
8154
8160
8162
8176
8177
8186
8187
8188
8198
8199
8209
8217
8218
8225
8226
8227
8236
8237
8247
8248
8256
8257
8266
8267
8268
8280
8288
8289
8295
8296
8297
8303
8305
8311
8317
8318
8325
8329
8331
8338
8339
8347
8348
8360
8368
8369
8379
8380
8381
8385
8387
8388
8391
8396
8403
8404
8405
8414
8419
8423
8427
8428
8435
8436
8445
8446
8452
8464
8466
8474
8476
8483
8485
8487
8497
8510
8511
8514
8520
8521
8525
8529
8531
8535
8536
8543
8551
8558
8559
8564
8569
8570
8571
8572
8582
8584
8585
8598
8602
8608
8609
8613
8628
8632
8639
8640
8657
8658
8668
8669
8676
8678
8687
8696
8701
8702
8706
8708
8711
8712
8719
8724
8729
8746
8754
8755
8760
8771
8776
8783
8784
8792
8793
8801
8803
8809
8817
8824
8825
8832
8833
8840
8845
8846
8852
8856
8858
8861
8867
8874
8878
8889
8895
8900
8903
8908
8916
8919
8921
8924
8926
8930
8931
8932
8934
8938
8940
8942
8946
8958
8962
8975
8976
8983
8984
8985
8994
9001
9004
9026
9027
9037
9038
9050
9051
9061
9077
9078
9079
9086
9087
9089
9094
9100
9101
9102
9111
9112
9119
9127
9134
9140
9146
9147
9154
9155
9163
9164
9165
9173
9174
9177
9178
9187
9188
9191
9193
9194
9202
9207
9216
9217
9224
9234
9235
9241
9245
9250
9251
9260
9263
9264
9269
9271
9272
9275
9276
9278
9285
9286
9287
9295
9296
9306
9307
9312
9313
9317
9319
9324
9326
9327
9328
9335
9336
9344
9345
9355
9356
9365
9366
9373
9376
9380
9387
9388
9396
9397
9402
9409
9418
9419
9429
9430
9431
9440
9441
9451
9452
9457
9464
9465
9466
9476
9477
9486
9487
9488
9497
9498
9505
9506
9517
9522
9529
9530
9540
9541
9542
9551
9552
9562
9563
9571
9572
9580
9581
9587
9593
9594
9604
9605
9614
9615
9616
9626
9627
9637
9638
9639
9649
9650
9657
9662
9669
9693
9694
9695
9705
9706
9716
9717
9718
9728
9729
9730
9741
9742
9743
9753
9754
9764
9765
9775
9776
9777
9787
9788
9789
9799
9800
9810
9811
9820
9821
9830
9831
9840
9841
9848
9851
9856
9861
9862
9867
9872
9877
9884
9885
9893
9894
9897
9900
9901
9903
9910
9911
9920
9921
9922
9931
9932
9933
9943
9944
9953
9954
9955
9965
9966
9967
9979
9987
9988
9998
9999
10009
10010
10016
10017
10023
10031
10038
10039
10040
10050
10051
10060
10061
10070
10071
10075
10079
10080
10085
10086
10093
10094
10099
10112
10133
10136
10137
10140
10141
10144
10145
10148
10151
10157
10173
10177
10178
10180
10181
10187
10197
10204
10205
10211
10217
10218
10223
10224
10228
10235
10243
10250
10259
10262
10264
10265
10268
10270
10275
10280
10289
10290
10297
10302
10308
10310
10316
10319
10322
10324
10325
10330
10332
10335
10336
10339
10341
10343
10349
10352
10359
10361
10362
10367
10369
10378
10389
10390
10395
10398
10405
10406
10408
10416
10417
10421
10425
10428
10431
10433
10434
10439
10445
10451
10454
10457
10461
10464
10472
10473
10486
10488
10489
10490
10491
10499
10503
10506
10509
10512
10515
10519
10520
10527
10531
10534
10537
10538
10539
10542
10549
10550
10551
10558
10560
10568
10569
10577
10583
10587
10593
10594
10599
10601
10603
10610
10611
10621
10622
10623
10630
10636
10637
10638
10640
10646
10653
10654
10662
10663
10672
10673
10679
10683
10685
10687
10694
10695
10696
10705
10706
10707
10715
10722
10723
10730
10733
10735
10742
10751
10757
10758
10759
10765
10774
10781
10782
10786
10790
10806
10807
10816
10817
10826
10827
10836
10837
10845
10846
10859
10860
10869
10870
10879
10880
10890
10891
10901
10902
10910
10911
10915
10916
10917
10920
10921
10924
10925
10927
10935
10936
10947
10948
10955
10956
10963
10968
10969
10977
10978
10979
10989
10990
10991
10996
10999
11003
11012
11013
11020
11021
11028
11032
11033
11038
11044
11045
11047
11052
11066
11071
11072
11078
11080
11081
11104
11107
11119
11120
11125
11126
11142
11145
11156
11162
11166
11172
11177
11184
11189
11203
11213
11214
11225
11237
11244
11245
11252
11253
11260
11263
11267
11268
11269
11275
11285
11296
11297
11305
11306
11309
11319
11322
11324
11329
11334
11336
11338
11339
11341
11343
11344
11345
11351
11354
11360
11366
11367
11375
11376
11386
11387
11388
11392
11397
11402
11403
11409
11410
11416
11420
11429
11432
11435
11443
11444
11448
11456
11465
11466
11471
11477
11484
11492
11499
11500
11509
11510
11515
11527
11528
11536
11537
11546
11547
11552
11553
11562
11563
11564
11574
11575
11576
11584
11585
11592
11593
11601
11605
11606
11612
11613
11622
11623
11631
11632
11642
11643
11644
11650
11661
11662
11673
11674
11675
11685
11686
11687
11696
11697
11698
11707
11715
11716
11717
11723
11733
11734
11744
11745
11753
11754
11764
11765
11766
11776
11777
11786
11787
11792
11803
11811
11814
11820
11827
11828
11829
11839
11840
11841
11851
11852
11853
11863
11864
11867
11874
11875
11885
11886
11895
11896
11897
11907
11908
11909
11919
11920
11921
11931
11932
11933
11943
11944
11953
11954
11964
11965
11975
11976
11979
11982
12005
12006
12013
12017
12031
12032
12042
12043
12052
12053
12054
12062
12063
12072
12073
12074
12084
12085
12086
12090
12096
12100
12107
12113
12114
12122
12123
12132
12133
12142
12150
12157
12158
12168
12169
12178
12179
12186
12187
12194
12195
12206
12207
12213
12214
12216
12221
12224
12227
12231
12233
12237
12250
12251
12252
12257
12264
12268
12272
12273
12275
12280
12283
12286
12291
12294
12296
12300
12302
12304
12314
12315
12323
12324
12332
12335
12341
12347
12348
12354
12362
12363
12367
12370
12372
12379
12387
12388
12393
12394
12403
12410
12417
12421
12422
12430
12431
12456
12457
12467
12468
12477
12478
12487
12488
12501
12502
12510
12519
12527
12528
12529
12538
12539
12540
12544
12548
12558
12559
12564
12566
12571
12575
12579
12580
12582
12587
12588
12593
12594
12599
12600
12607
12608
12616
12617
12626
12635
12638
12644
12645
12657
12658
12665
12666
12676
12681
12682
12687
12695
12696
12703
12704
12714
12720
12728
12730
12734
12740
12749
12750
12760
12768
12769
12779
12780
12781
12789
12796
12799
12815
12816
12824
12825
12835
12836
12843
12850
12858
12859
12868
12869
12870
12879
12880
12888
12889
12892
12893
12897
12898
12907
12914
12915
12924
12932
12933
12941
12942
12947
12954
12967
12968
12978
12979
12988
12989
12999
13000
13008
13014
13023
13024
13034
13035
13044
13045
13054
13055
13056
13061
13065
13072
13073
13082
13083
13087
13090
13093
13102
13106
13108
13113
13114
13118
13123
13126
13131
13132
13133
13141
13149
13150
13157
13166
13167
13168
13178
13179
13180
13194
13199
13200
13210
13216
13223
13224
13232
13238
13245
13246
13250
13251
13256
13265
13270
13271
13280
13281
13282
13286
13295
13296
13318
13319
13323
13329
13331
13332
13334
13347
13353
13354
13355
13363
13364
13370
13371
13377
13383
13388
13393
13405
13413
13414
13419
13435
13436
13439
13444
13450
13451
13456
13467
13472
13473
13482
13488
13493
13498
13499
13500
13504
13510
13512
13515
13518
13525
13535
13536
13543
13546
13552
13558
13563
13564
13565
13573
13574
13582
13588
13591
13607
13608
13617
13623
13632
13633
13642
13643
13650
13651
13658
13659
13663
13665
13670
13674
13682
13683
13689
13697
13698
13711
13712
13715
13723
13724
13732
13733
13742
13743
13748
13749
13755
13756
13761
13768
13769
13777
13778
13788
13789
13797
13800
13801
13805
13812
13816
13817
13825
13832
13833
13840
13847
13848
13849
13859
13860
13861
13866
13869
13871
13877
13878
13887
13895
13896
13903
13904
13917
13918
13930
13933
13935
13936
13942
13943
13945
13951
13958
13959
13960
13969
13970
13971
13975
13982
13983
13989
13996
14002
14003
14006
14007
14011
14016
14017
14024
14045
14048
14054
14055
14061
14069
14079
14080
14089
14090
14091
14097
14103
14107
14111
14118
14119
14120
14129
14130
14138
14139
14140
14149
14150
14161
14162
14173
14178
14179
14196
14197
14198
14207
14208
14211
14218
14224
14226
14233
14237
14238
14243
14247
14256
14259
14263
14267
14268
14280
14285
14286
14287
14291
14292
14297
14298
14305
14312
14316
14319
14321
14326
14327
14335
14336
14348
14349
14355
14356
14363
14364
14368
14374
14382
14383
14393
14394
14395
14403
14404
14411
14418
14427
14434
14442
14449
14450
14451
14453
14457
14458
14462
14469
14470
14477
14478
14487
14488
14497
14498
14504
14513
14519
14520
14529
14530
14537
14546
14551
14558
14561
14562
14565
14568
14570
14574
14577
14579
14580
14586
14587
14595
14596
14599
14606
14614
14623
14624
14632
14636
14641
14647
14651
14660
14661
14669
14676
14687
14692
14698
14699
14705
14710
14716
14717
14720
14722
14724
14725
14727
14737
14742
14749
14754
14776
14786
14787
14788
14795
14796
14797
14805
14810
14815
14821
14822
14823
14829
14830
14839
14840
14844
14846
14851
14852
14860
14861
14866
14872
14873
14881
14882
14888
14892
14898
14903
14910
14915
14923
14928
14937
14938
14947
14948
14957
14967
14968
14973
14980
14987
14988
14989
14997
14998
15007
15017
15018
15024
15030
15031
15035
15036
15040
15046
15050
15055
15056
15065
15078
15079
15086
15095
15096
15100
15108
15109
15115
15118
15120
15123
15129
15130
15137
15138
15143
15148
15154
15162
15168
15169
15174
15176
15179
15188
15194
15195
15200
15201
15202
15207
15208
15213
15216
15217
15218
15220
15225
15231
15232
15234
15244
15252
15253
15257
15260
15266
15273
15279
15282
15296
15297
15305
15311
15312
15320
15321
15331
15336
15345
15346
15347
15352
15357
15359
15365
15366
15369
15375
15381
15383
15386
15391
15392
15393
15402
15403
15407
15411
15413
15418
15423
15440
15441
15446
15447
15448
15449
15452
15458
15465
15470
15472
15477
15478
15486
15495
15503
15504
15509
15513
15519
15520
15523
15526
15527
15532
15533
15541
15545
15546
15552
15554
15555
15557
15561
15562
15566
15567
15579
15580
15590
15591
15599
15606
15612
15613
15617
15621
15626
15630
15631
15638
15639
15647
15663
15664
15669
15678
15687
15692
15693
15699
15703
15710
15711
15712
15719
15720
15723
15731
15732
15733
15739
15740
15750
15756
15760
15764
15769
15771
15773
15776
15782
15783
15785
15787
15792
15802
15804
15810
15811
15821
15822
15823
15829
15830
15837
15838
15848
15849
15854
15859
15860
15867
15868
15876
15877
15882
15885
15886
15888
15896
15905
15906
15912
15913
15921
15945
15946
15955
15956
15961
15967
15972
15975
15976
15980
15995
15996
16006
16007
16013
16021
16027
16028
16033
16034
16035
16041
16050
16051
16052
16054
16055
16056
16061
16062
16063
16072
16073
16074
16078
16079
16087
16088
16093
16101
16109
16110
16116
16117
16118
16126
16133
16134
16136
16137
16138
16140
16149
16150
16159
16160
16161
16171
16172
16181
16182
16191
16197
16198
16206
16207
16216
16217
16226
16227
16237
16238
16245
16253
16270
16275
16276
16283
16284
16290
16298
16299
16309
16310
16320
16321
16322
16326
16328
16331
16335
16344
16359
16360
16369
16381
16383
16386
16388
16397
16405
16409
16412
16415
16422
16425
16428
16429
16430
16433
16439
16443
16444
16451
16453
16460
16465
16469
16480
16481
16485
16493
16503
16509
16512
16517
16536
16541
16543
16546
16550
16554
16555
16561
16562
16563
16571
16589
16590
16591
16599
16600
16606
16607
16610
16612
16614
16615
16618
16623
16624
16627
16628
16633
16634
16636
16638
16641
16649
16650
16659
16660
16663
16664
16670
16671
16674
16675
16679
16680
16684
16685
16692
16693
16701
16702
16708
16709
16713
16717
16729
16735
16740
16746
16754
16755
16763
16764
16765
16773
16780
16781
16787
16788
16804
16809
16811
16812
16818
16820
16822
16828
16832
16833
16843
16850
16851
16853
16861
16866
16868
16871
16872
16876
16877
16880
16883
16890
16891
16896
16898
16902
16907
16913
16914
16924
16936
16941
16942
16948
16952
16953
16960
16961
16971
16972
16980
16981
16990
16991
16992
16998
17003
17004
17014
17015
17021
17022
17031
17032
17048
17055
17056
17065
17066
17074
17075
17076
17085
17086
17093
17098
17107
17108
17114
17121
17122
17128
17135
17136
17145
17146
17149
17153
17155
17158
17174
17175
17185
17186
17195
17196
17205
17206
17214
17215
17224
17225
17233
17234
17243
17244
17245
17255
17256
17257
17266
17267
17276
17283
17291
17299
17304
17308
17312
17313
17316
17319
17324
17329
17332
17340
17341
17347
17348
17354
17362
17363
17371
17380
17381
17387
17393
17394
17396
17403
17404
17412
17416
17420
17425
17426
17434
17439
17445
17446
17450
17455
17458
17460
17466
17467
17469
17481
17483
17487
17492
17493
17495
17499
17509
17511
17512
17513
17518
17527
17538
17543
17545
17549
17550
17552
17557
17558
17560
17561
17576
17577
17579
17586
17587
17588
17597
17598
17604
17613
17614
17621
17622
17628
17633
17634
17642
17643
17656
17657
17665
17666
17672
17673
17680
17681
17684
17690
17691
17696
17697
17702
17707
17708
17718
17719
17724
17733
17735
17742
17743
17744
17753
17754
17763
17764
17773
17774
17783
17789
17790
17796
17797
17806
17807
17816
17817
17826
17827
17832
17835
17836
17842
17843
17844
17852
17860
17865
17866
17870
17871
17878
17879
17886
17887
17888
17894
17905
17906
17907
17915
17916
17917
17920
17924
17928
17935
17936
17943
17944
17950
17954
17960
17961
17964
17969
17970
17971
17982
17984
17987
17988
17993
17994
18003
18019
18020
18023
18026
18031
18037
18044
18051
18065
18072
18078
18079
18085
18086
18090
18091
18095
18098
18104
18108
18121
18126
18127
18131
18134
18138
18141
18145
18147
18148
18150
18162
18165
18166
18171
18174
18178
18179
18181
18182
18185
18186
18189
18190
18201
18209
18220
18229
18235
18238
18246
18247
18255
18256
18263
18272
18273
18287
18288
18289
18293
18294
18301
18302
18309
18310
18311
18318
18323
18324
18327
18329
18339
18345
18351
18352
18363
18369
18370
18381
18383
18384
18388
18400
18411
18412
18416
18417
18419
18420
18423
18437
18438
18439
18442
18445
18457
18458
18463
18464
18466
18474
18480
18485
18491
18492
18497
18503
18505
18508
18511
18517
18518
18525
18526
18531
18534
18537
18543
18544
18547
18548
18554
18555
18563
18564
18569
18570
18574
18581
18582
18587
18604
18607
18614
18620
18623
18626
18631
18632
18644
18645
18650
18655
18657
18661
18671
18676
18677
18683
18685
18690
18693
18696
18699
18707
18708
18712
18719
18723
18726
18731
18732
18735
18738
18744
18745
18746
18747
18748
18756
18761
18769
18771
18772
18775
18777
18781
18785
18792
18793
18796
18801
18805
18806
18807
18813
18814
18817
18820
18822
18827
18832
18833
18849
18851
18855
18863
18864
18866
18867
18869
18873
18881
18883
18886
18889
18890
18898
18902
18903
18908
18915
18919
18924
18928
18929
18933
18934
18940
18949
18953
18969
18971
18987
18988
18991
18993
18995
18996
18999
19008
19016
19017
19022
19029
19042
19043
19047
19055
19056
19064
19065
19068
19072
19075
19077
19080
19083
19087
19097
19098
19110
19111
19119
19120
19127
19128
19134
19135
19142
19149
19155
19156
19164
19171
19172
19179
19180
19181
19184
19189
19190
19193
19197
19205
19207
19210
19211
19216
19217
19229
19230
19238
19239
19242
19246
19247
19254
19257
19267
19268
19271
19273
19283
19284
19291
19307
19311
19312
19320
19335
19336
19342
19351
19352
19361
19362
19369
19370
19371
19377
19378
19385
19386
19394
19395
19396
19402
19403
19410
19426
19435
19436
19443
19447
19448
19453
19458
19468
19478
19485
19494
19495
19503
19504
19511
19512
19522
19523
19533
19542
19543
19551
19560
19561
19562
19571
19572
19581
19582
19591
19592
19593
19602
19603
19612
19613
19620
19621
19628
19629
19645
19655
19662
19663
19674
19682
19683
19692
19693
19700
19709
19710
19718
19733
19734
19735
19742
19743
19747
19751
19763
19768
19774
19784
19787
19792
19793
19798
19811
19817
19822
19823
19827
19830
19831
19835
19842
19843
19848
19854
19857
19861
19862
19868
19871
19875
19880
19886
19894
19903
19904
19908
19909
19912
19913
19915
19919
19920
19923
19924
19926
19929
19931
19935
19936
19942
19945
19947
19949
19953
19961
19965
19967
19969
19973
19974
19980
19988
19989
19997
19998
20002
20006
20010
20016
20019
20025
20029
20033
20037
20040
20050
20051
20059
20060
20066
20068
20069
20087
20095
20096
20105
20109
20114
20115
20121
20122
20129
20138
20139
20149
20150
20151
20160
20161
20168
20169
20173
20175
20179
20180
20186
20187
20196
20197
20198
20207
20208
20217
20218
20224
20228
20234
20235
20243
20244
20254
20255
20256
20265
20274
20275
20283
20290
20297
20305
20306
20315
20316
20317
20326
20327
20328
20336
20337
20347
20348
20356
20359
20363
20367
20372
20373
20378
20387
20388
20389
20398
20399
20400
20410
20411
20421
20422
20432
20442
20443
20452
20453
20463
20464
20473
20474
20483
20484
20490
20491
20499
20500
20508
20509
20518
20519
20521
20526
20532
20537
20538
20541
20544
20551
20556
20559
20562
20568
20569
20577
20578
20585
20586
20595
20604
20605
20615
20616
20617
20624
20626
20631
20632
20633
20638
20639
20643
20650
20658
20659
20665
20679
20680
20689
20690
20697
20698
20705
20706
20710
20712
20717
20718
20724
20729
20730
20732
20738
20744
20761
20764
20772
20776
20779
20790
20791
20796
20800
20805
20809
20817
20821
20822
20829
20830
20836
20837
20842
20848
20852
20857
20861
20869
20870
20873
20878
20879
20884
20888
20894
20899
20900
20901
20907
20908
20917
20920
20936
20937
20941
20947
20951
20953
20956
20961
20963
20966
20973
20979
20984
20985
20990
20992
20993
21004
21009
21010
21022
21023
21031
21032
21038
21045
21051
21052
21061
21068
21076
21077
21080
21098
21099
21107
21108
21116
21117
21122
21123
21127
21131
21135
21145
21150
21151
21152
21159
21160
21165
21166
21172
21173
21189
21190
21191
21201
21202
21203
21212
21221
21222
21229
21230
21239
21240
21248
21249
21257
21258
21259
21267
21268
21277
21278
21292
21298
21303
21304
21312
21313
21319
21325
21341
21342
21349
21350
21357
21364
21372
21373
21383
21384
21389
21396
21397
21404
21409
21410
21418
21419
21422
21426
21427
21442
21445
21446
21447
21448
21455
21460
21465
21466
21469
21470
21472
21474
21477
21488
21491
21493
21496
21503
21508
21513
21519
21520
21531
21536
21541
21543
21545
21548
21549
21556
21557
21559
21560
21563
21571
21579
21592
21597
21601
21607
21619
21623
21625
21633
21634
21641
21647
21653
21662
21666
21667
21671
21674
21677
21678
21681
21684
21688
21692
21699
21700
21718
21724
21732
21733
21741
21742
21744
21747
21749
21751
21754
21755
21760
21764
21772
21773
21776
21782
21786
21788
21795
21797
21803
21807
21810
21812
21814
21815
21817
21821
21824
21833
21842
21843
21856
21876
21882
21883
21889
21890
21895
21899
21901
21909
21911
21916
21917
21926
21927
21933
21934
21938
21944
21945
21954
21955
21962
21969
21970
21978
21979
21984
21985
21995
21996
22004
22014
22033
22034
22037
22043
22048
22049
22055
22061
22069
22070
22077
22078
22087
22088
22089
22098
22099
22108
22109
22113
22124
22125
22134
22135
22142
22143
22151
22152
22158
22161
22168
22177
22190
22191
22193
22198
22206
22207
22216
22217
22218
22226
22227
22236
22237
22249
22250
22251
22259
22260
22269
22274
22279
22283
22290
22291
22296
22300
22301
22306
22310
22314
22317
22319
22324
22325
22329
22330
22332
22338
22351
22353
22366
22367
22375
22376
22385
22386
22387
22391
22396
22402
22410
22420
22421
22430
22431
22447
22448
22455
22456
22457
22466
22467
22473
22474
22483
22484
22487
22489
22490
22491
22492
22499
22500
22505
22513
22514
22515
22524
22525
22526
22535
22541
22550
22551
22552
22562
22563
22578
22587
22588
22589
22599
22600
22601
22613
22626
22627
22628
22638
22639
22640
22647
22648
22656
22660
22664
22670
22671
22680
22685
22688
22695
22696
22704
22705
22711
22718
22719
22729
22730
22739
22740
22750
22751
22761
22762
22772
22773
22781
22782
22788
22796
22797
22798
22807
22808
22817
22818
22826
22827
22833
22841
22842
22843
22853
22854
22860
22861
22867
22868
22873
22874
22878
22884
22885
22892
22893
22900
22901
22909
22910
22914
22925
22926
22927
22937
22938
22939
22949
22950
22951
22961
22962
22965
22966
22978
22979
22980
22990
22991
22994
23000
23007
23014
23015
23016
23022
23023
23040
23047
23048
23054
23061
23062
23073
23074
23082
23083
23088
23091
23092
23093
23095
23099
23100
23106
23107
23108
23111
23115
23120
23126
23127
23136
23137
23139
23151
23152
23160
23161
23170
23171
23179
23183
23198
23204
23222
23230
23231
23232
23240
23245
23250
23251
23263
23267
23272
23277
23291
23295
23301
23302
23307
23308
23322
23324
23325
23329
23330
23331
23351
23352
23353
23364
23365
23372
23379
23382
23388
23389
23392
23394
23395
23397
23402
23403
23411
23415
23416
23428
23429
23432
23435
23443
23448
23451
23454
23455
23462
23468
23469
23475
23476
23482
23489
23493
23494
23501
23506
23512
23523
23524
23531
23537
23541
23556
23560
23561
23564
23569
23572
23578
23579
23583
23585
23591
23597
23599
23600
23604
23607
23611
23622
23625
23629
23630
23633
23636
23648
23663
23669
23674
23692
23695
23696
23698
23703
23717
23719
23721
23727
23730
23732
23733
23734
23736
23740
23741
23749
23750
23759
23760
23764
23776
23777
23782
23786
23792
23793
23797
23801
23802
23804
23809
23810
23817
23818
23825
23826
23835
23836
23840
23845
23846
23855
23863
23873
23874
23882
23883
23891
23892
23893
23902
23903
23904
23910
23913
23914
23919
23920
23929
23930
23945
23946
23947
23956
23957
23964
23969
23974
23979
23984
23991
23996
24007
24015
24016
24025
24026
24036
24037
24044
24045
24055
24056
24057
24063
24066
24074
24075
24085
24086
24094
24095
24103
24104
24105
24111
24114
24119
24128
24134
24140
24148
24149
24155
24156
24160
24161
24165
24166
24171
24172
24182
24183
24191
24192
24201
24202
24210
24211
24224
24225
24235
24236
24242
24247
24251
24264
24272
24277
24285
24293
24294
24300
24306
24310
24311
24315
24337
24342
24343
24347
24357
24358
24363
24367
24385
24386
24391
24398
24403
24406
24407
24411
24416
24421
24424
24428
24436
24437
24451
24455
24459
24466
24468
24476
24487
24488
24491
24501
24504
24514
24516
24520
24524
24540
24541
24543
24550
24553
24555
24556
24557
24561
24568
24569
24576
24577
24583
24584
24586
24589
24593
24597
24601
24602
24609
24610
24613
24616
24624
24629
24630
24636
24637
24640
24641
24644
24647
24651
24655
24661
24662
24665
24666
24670
24672
24674
24683
24684
24696
24697
24705
24710
24711
24715
24716
24720
24732
24733
24734
24744
24749
24762
24763
24774
24775
24781
24782
24789
24792
24795
24798
24800
24802
24810
24823
24826
24835
24844
24845
24854
24855
24861
24867
24870
24877
24885
24889
24890
24898
24904
24905
24910
24918
24932
24933
24942
24943
24944
24951
24952
24963
24964
24973
24974
24981
24985
24993
24994
25003
25004
25009
25014
25022
25023
25031
25032
25040
25041
25042
25043
25045
25046
25060
25076
25077
25078
25087
25088
25096
25097
25098
25108
25109
25119
25120
25129
25136
25144
25145
25153
25154
25155
25164
25165
25174
25181
25182
25193
25194
25201
25202
25208
25209
25216
25222
25225
25229
25230
25237
25239
25240
25259
25260
25270
25279
25280
25290
25291
25304
25305
25315
25316
25317
25325
25326
25332
25338
25343
25351
25358
25359
25369
25373
25382
25383
25392
25398
25403
25412
25419
25421
25423
25426
25433
25437
25447
25452
25453
25461
25472
25477
25478
25484
25489
25495
25501
25503
25504
25508
25510
25512
25515
25521
25522
25529
25530
25541
25547
25548
25554
25555
25566
25571
25577
25581
25590
25603
25607
25612
25614
25619
25621
25630
25634
25639
25644
25648
25654
25657
25660
25667
25673
25682
25689
25691
25693
25696
25706
25708
25717
25718
25727
25728
25735
25744
25754
25755
25761
25762
25766
25767
25771
25774
25775
25779
25784
25785
25795
25800
25801
25807
25808
25811
25813
25814
25815
25820
25826
25827
25838
25839
25849
25850
25859
25860
25872
25873
25883
25884
25885
25888
25895
25896
25905
25906
25915
25916
25920
25928
25929
25936
25937
25945
25951
25952
25959
25964
25968
25971
25986
25987
25999
26000
26001
26011
26012
26022
26023
26024
26033
26034
26035
26044
26045
26055
26056
26063
26069
26077
26078
26079
26089
26090
26098
26099
26105
26111
26117
26118
26127
26128
26134
26135
26142
26143
26146
26147
26150
26151
26156
26160
26161
26165
26170
26176
26177
26181
26187
26194
26195
26205
26206
26215
26216
26217
26227
26228
26232
26234
26241
26242
26252
26253
26261
26267
26274
26290
26291
26300
26301
26307
26308
26314
26317
26322
26328
26344
26354
26356
26364
26368
26369
26373
26375
26376
26383
26399
26402
26405
26408
26418
26428
26448
26453
26460
26472
26473
26485
26486
26492
26495
26499
26500
26501
26502
26505
26514
26518
26519
26522
26525
26532
26533
26538
26541
26544
26546
26550
26551
26559
26560
26565
26567
26570
26575
26576
26590
26597
26598
26599
26607
26608
26616
26620
26621
26624
26628
26632
26639
26653
26654
26662
26663
26672
26673
26682
26684
26690
26692
26699
26700
26703
26704
26711
26712
26713
26722
26723
26724
26731
26744
26745
26755
26756
26757
26773
26774
26781
26782
26789
26801
26802
26803
26812
26821
26822
26828
26829
26846
26853
26856
26857
26863
26864
26871
26872
26876
26878
26883
26884
26892
26893
26901
26910
26920
26921
26929
26930
26937
26938
26942
26948
26958
26959
26969
26978
26979
26983
26987
26994
26995
27002
27003
27014
27020
27023
27039
27047
27048
27056
27057
27066
27067
27077
27078
27092
27093
27103
27104
27105
27117
27121
27122
27131
27132
27141
27150
27151
27157
27163
27166
27174
27175
27182
27183
27191
27192
27198
27203
27211
27215
27216
27222
27223
27235
27243
27248
27257
27258
27268
27275
27276
27286
27287
27292
27298
27300
27305
27306
27311
27314
27315
27320
27325
27344
27353
27360
27361
27362
27369
27370
27376
27384
27389
27391
27396
27399
27405
27406
27416
27427
27428
27435
27442
27445
27452
27456
27457
27464
27465
27474
27475
27483
27486
27493
27496
27498
27503
27504
27510
27511
27516
27521
27524
27526
27536
27537
27543
27544
27545
27552
27559
27560
27566
27575
27576
27585
27586
27587
27598
27607
27617
27622
27633
27634
27638
27644
27647
27657
27659
27662
27663
27672
27673
27680
27681
27686
27687
27695
27696
27711
27717
27724
27725
27729
27736
27738
27748
27757
27768
27771
27777
27785
27794
27795
27801
27802
27803
27810
27811
27818
27826
27827
27835
27848
27854
27859
27860
27861
27867
27875
27880
27894
27895
27903
27904
27908
27910
27914
27917
27920
27923
27932
27933
27942
27943
27949
27950
27959
27967
27968
27980
27981
27982
27993
27999
28006
28014
28020
28021
28025
28026
28034
28035
28044
28045
28052
28053
28061
28072
28073
28083
28084
28088
28095
28101
28107
28125
28130
28137
28138
28146
28147
28157
28163
28164
28165
28169
28177
28184
28185
28190
28191
28199
28200
28205
28211
28212
28222
28226
28234
28242
28243
28248
28249
28253
28262
28263
28264
28269
28270
28274
28277
28281
28285
28293
28302
28303
28310
28318
28319
28327
28328
28341
28348
28361
28369
28379
28382
28390
28391
28395
28396
28398
28407
28414
28421
28422
28431
28432
28441
28449
28450
28459
28460
28469
28475
28484
28485
28486
28492
28495
28501
28502
28507
28508
28514
28517
28518
28523
28531
28532
28536
28540
28545
28551
28552
28560
28568
28569
28570
28580
28581
28585
28592
28600
28601
28608
28611
28615
28619
28628
28635
28644
28647
28651
28656
28657
28662
28664
28673
28684
28686
28691
28692
28694
28709
28713
28716
28717
28719
28726
28728
28729
28730
28748
28749
28757
28758
28767
28768
28772
28774
28775
28783
28785
28788
28789
28796
28797
28803
28804
28810
28811
28813
28815
28818
28819
28822
28823
28824
28830
28831
28840
28841
28848
28849
28860
28861
28871
28872
28873
28876
28879
28880
28888
28894
28895
28907
28908
28916
28917
28928
28933
28934
28937
28938
28940
28942
28943
28947
28948
28952
28954
28962
28963
28971
28972
28980
28981
28982
28992
28993
28994
29004
29005
29015
29016
29020
29022
29029
29030
29031
29039
29040
29049
29050
29055
29063
29064
29071
29072
29079
29080
29085
29086
29090
29091
29094
29096
29103
29108
29113
29119
29134
29135
29144
29153
29160
29161
29169
29170
29175
29184
29185
29197
29204
29205
29209
29213
29218
29219
29222
29229
29233
29241
29247
29248
29257
29258
29261
29262
29269
29273
29280
29287
29299
29300
29307
29308
29312
29313
29314
29322
29323
29332
29333
29338
29344
29345
29355
29356
29364
29372
29373
29382
29383
29394
29398
29399
29405
29406
29410
29411
29419
29420
29428
29435
29444
29445
29447
29450
29453
29462
29463
29468
29469
29472
29480
29481
29490
29498
29499
29508
29509
29518
29519
29527
29531
29534
29541
29542
29550
29551
29558
29559
29566
29569
29576
29577
29585
29586
29590
29591
29597
29598
29602
29603
29609
29622
29633
29634
29641
29648
29649
29659
29660
29666
29677
29678
29687
29688
29689
29695
29696
29699
29702
29711
29712
29718
29727
29732
29750
29761
29764
29769
29770
29771
29772
29773
29777
29782
29783
29791
29792
29793
29798
29803
29812
29820
29821
29829
29830
29837
29846
29847
29855
29856
29863
29868
29874
29878
29885
29891
29892
29895
29900
29901
29911
29918
29926
29927
29932
29933
29941
29942
29949
29950
29957
29958
29965
29973
29974
29979
29986
29987
29997
29998
30002
30009
30010
30020
30027
30028
30031
30036
30039
30043
30044
30047
30050
30052
30057
30061
30068
30076
30077
30078
30086
30087
30088
30097
30103
30104
30109
30110
30114
30116
30117
30122
30123
30126
30130
30131
30135
30136
30142
30147
30155
30161
30166
30169
30174
30175
30176
30178
30181
30186
30192
30196
30202
30203
30204
30207
30213
30215
30219
30221
30229
30235
30249
30251
30255
30256
30257
30259
30262
30264
30271
30275
30283
30284
30294
30295
30299
30300
30303
30305
30307
30309
30310
30313
30314
30323
30324
30328
30331
30339
30345
30346
30353
30354
30364
30370
30372
30375
30382
30389
30390
30391
30401
30402
30409
30410
30411
30414
30420
30421
30431
30432
30439
30440
30447
30448
30453
30454
30464
30474
30475
30483
30484
30492
30493
30494
30500
30504
30507
30514
30515
30520
30526
30535
30536
30545
30546
30556
30557
30565
30566
30567
30575
30576
30577
30586
30587
30593
30602
30603
30612
30613
30620
30621
30628
30640
30648
30653
30660
30665
30675
30695
30696
30704
30705
30712
30713
30714
30720
30721
30732
30733
30734
30744
30745
30746
30751
30755
30756
30765
30766
30773
30774
30777
30778
30781
30782
30783
30791
30792
30799
30804
30812
30813
30820
30821
30828
30832
30838
30844
30847
30853
30856
30859
30864
30871
30877
30878
30882
30890
30896
30897
30898
30906
30911
30918
30919
30922
30923
30924
30928
30930
30932
30935
30937
30941
30944
30949
30950
30955
30956
30957
30965
30969
30974
30980
30981
30982
30986
31002
31005
31011
31016
31017
31027
31030
31034
31048
31052
31058
31064
31070
31078
31079
31080
31082
31088
31096
31101
31102
31120
31135
31139
31146
31147
31155
31160
31161
31168
31177
31178
31187
31188
31195
31204
31207
31231
31232
31238
31245
31246
31253
31254
31261
31269
31273
31276
31280
31281
31289
31290
31298
31303
31309
31316
31317
31322
31323
31326
31329
31332
31348
31353
31354
31355
31363
31372
31373
31374
31381
31388
31389
31397
31399
31408
31413
31414
31418
31421
31422
31425
31430
31432
31433
31434
31436
31440
31441
31442
31447
31455
31456
31457
31466
31475
31476
31483
31484
31492
31493
31501
31502
31508
31511
31518
31519
31520
31528
31529
31534
31541
31554
31555
31556
31563
31564
31568
31571
31576
31577
31582
31586
31602
31603
31604
31613
31614
31615
31624
31625
31635
31636
31637
31646
31647
31651
31658
31659
31669
31670
31676
31684
31685
31694
31695
31705
31706
31707
31713
31718
31719
31730
31737
31738
31746
31750
31763
31770
31778
31779
31789
31795
31796
31797
31805
31806
31811
31816
31821
31827
31828
31830
31831
31836
31837
31840
31843
31846
31847
31854
31855
31863
31864
31865
31869
31876
31877
31884
31885
31893
31901
31902
31906
31907
31914
31915
31918
31920
31924
31928
31931
31932
31934
31937
31939
31942
31946
31965
31973
31974
31984
31985
31994
31995
32005
32006
32007
32016
32017
32027
32028
32029
32037
32038
32039
32046
32047
32052
32058
32059
32060
32070
32071
32078
32085
32086
32092
32097
32098
32107
32108
32117
32118
32125
32126
32134
32135
32142
32143
32150
32151
32157
32161
32162
32170
32171
32178
32179
32181
32182
32189
32197
32198
32206
32207
32216
32217
32227
32228
32229
32236
32237
32245
32246
32253
32254
32263
32264
32271
32272
32282
32283
32293
32294
32303
32304
32312
32313
32322
32326
32336
32337
32346
32347
32355
32363
32364
32373
32377
32382
32387
32388
32391
32396
32403
32404
32405
32413
32414
32419
32422
32429
32437
32438
32439
32446
32453
32457
32465
32472
32478
32479
32487
32488
32496
32497
32506
32507
32508
32518
32526
32527
32536
32546
32547
32556
32557
32565
32566
32567
32572
32573
32576
32579
32581
32583
32586
32592
32596
32602
32605
32608
32611
32615
32616
32617
32622
32628
32633
32637
32643
32646
32649
32655
32656
32661
32674
32675
32683
32684
32696
32703
32710
32711
32726
32728
32734
32736
32737
32741
32742
32750
32751
32758
32759
32777
32778
32790
32793
32799
32809
32816
32817
32824
32829
32834
32835
32838
32841
32846
32852
32855
32861
32862
32863
32875
32881
32882
32890
32891
32894
32898
32904
32905
32910
32913
32916
32921
32933
32938
32945
32949
32953
32955
32959
32967
32968
32975
32978
32981
32984
32988
32989
32992
32994
33003
33004
33012
33013
33014
33015
33018
33025
33030
33031
33037
33047
33048
33051
33056
33057
33061
33066
33070
33075
33078
33079
33083
33087
33092
33101
33105
33107
33109
33111
33115
33122
33131
33141
33142
33151
33152
33162
33163
33164
33173
33174
33183
33184
33191
33192
33200
33212
33213
33222
33223
33229
33236
33237
33242
33248
33249
33258
33259
33265
33271
33272
33277
33278
33283
33284
33286
33287
33295
33296
33304
33312
33313
33314
33324
33325
33326
33331
33342
33343
33352
33353
33360
33361
33367
33368
33375
33376
33385
33386
33393
33394
33402
33406
33412
33417
33418
33421
33422
33424
33431
33437
33438
33439
33446
33447
33457
33458
33465
33471
33472
33481
33482
33489
33490
33498
33499
33510
33514
33519
33520
33526
33529
33532
33538
33539
33548
33549
33550
33560
33561
33568
33569
33570
33578
33579
33588
33589
33596
33604
33605
33610
33614
33617
33624
33629
33630
33637
33642
33656
33658
33659
33662
33671
33677
33685
33690
33694
33701
33709
33710
33719
33723
33724
33729
33737
33744
33750
33751
33763
33773
33775
33786
33787
33790
33791
33796
33807
33810
33813
33823
33824
33826
33827
33828
33830
33833
33834
33837
33838
33839
33845
33846
33849
33852
33856
33861
33862
33866
33869
33874
33875
33878
33879
33882
33883
33884
33892
33893
33915
33922
33923
33931
33940
33943
33946
33955
33956
33958
33963
33970
33977
33982
33983
33988
33993
34000
34001
34002
34007
34017
34024
34031
34035
34037
34038
34046
34052
34054
34055
34060
34064
34073
34074
34079
34090
34095
34096
34098
34101
34104
34110
34114
34115
34120
34131
34133
34135
34136
34144
34151
34152
34161
34162
34163
34172
34173
34182
34183
34190
34191
34198
34199
34205
34206
34211
34218
34219
34228
34229
34230
34237
34245
34246
34257
34265
34266
34273
34278
34284
34289
34305
34306
34315
34316
34325
34326
34327
34337
34338
34346
34347
34352
34359
34360
34361
34371
34379
34380
34387
34388
34396
34397
34398
34408
34409
34415
34416
34424
34425
34433
34434
34440
34441
34447
34449
34450
34454
34456
34462
34463
34465
34473
34478
34479
34486
34487
34497
34498
34503
34507
34508
34515
34516
34525
34526
34532
34533
34534
34541
34555
34568
34569
34570
34585
34588
34592
34599
34600
34601
34611
34612
34618
34624
34625
34628
34635
34636
34646
34647
34656
34657
34664
34665
34674
34680
34689
34698
34699
34703
34704
34710
34711
34717
34718
34725
34735
34738
34744
34749
34750
34755
34756
34761
34768
34776
34777
34779
34788
34794
34795
34802
34803
34804
34806
34815
34821
34828
34839
34845
34850
34853
34862
34863
34870
34871
34875
34880
34888
34895
34903
34904
34907
34911
34916
34921
34928
34932
34933
34942
34948
34949
34953
34954
34959
34963
34967
34977
34979
34982
34987
34991
35000
35001
35005
35018
35019
35020
35034
35035
35045
35046
35047
35056
35057
35058
35068
35069
35078
35079
35080
35090
35091
35099
35100
35106
35107
35120
35121
35130
35131
35132
35140
35141
35149
35152
35164
35165
35175
35176
35180
35187
35188
35195
35196
35204
35205
35210
35214
35215
35221
35230
35231
35240
35241
35242
35250
35251
35252
35262
35263
35264
35274
35283
35284
35292
35293
35303
35304
35312
35313
35322
35323
35332
35333
35334
35344
35345
35354
35355
35362
35363
35368
35369
35370
35375
35376
35384
35385
35389
35390
35400
35402
35411
35419
35420
35427
35430
35436
35437
35447
35448
35452
35453
35458
35468
35469
35478
35479
35486
35493
35494
35498
35502
35507
35512
35519
35520
35528
35529
35546
35547
35548
35557
35558
35565
35572
35573
35582
35583
35591
35592
35602
35603
35612
35613
35622
35631
35637
35640
35649
35654
35656
35657
35661
35663
35681
35686
35688
35690
35695
35697
35711
35713
35716
35721
35724
35731
35740
35759
35768
35779
35784
35785
35787
35797
35798
35799
35807
35818
35824
35826
35827
35828
35830
35834
35842
35843
35844
35853
35854
35863
35864
35872
35873
35874
35877
35884
35885
35886
35895
35896
35902
35903
35910
35911
35921
35922
35931
35932
35940
35941
35949
35950
35955
35959
35967
35968
35969
35979
35980
35990
35991
35995
35998
35999
36000
36003
36007
36013
36017
36027
36028
36037
36038
36047
36048
36058
36059
36066
36067
36075
36076
36085
36086
36096
36097
36104
36105
36112
36113
36114
36121
36122
36132
36133
36138
36139
36147
36148
36160
36161
36167
36168
36173
36177
36183
36192
36208
36209
36210
36220
36221
36227
36234
36241
36242
36251
36252
36259
36264
36265
36268
36274
36275
36278
36283
36288
36289
36296
36299
36302
36310
36311
36312
36321
36322
36329
36338
36347
36348
36356
36357
36365
36366
36373
36374
36384
36386
36391
36405
36406
36414
36422
36423
36429
36430
36436
36444
36447
36449
36450
36451
36459
36469
36470
36474
36480
36481
36482
36483
36488
36489
36495
36501
36502
36509
36510
36518
36520
36524
36525
36533
36534
36535
36540
36542
36550
36554
36555
36556
36558
36560
36569
36573
36577
36578
36585
36586
36587
36592
36596
36597
36602
36605
36613
36624
36625
36633
36637
36644
36649
36650
36655
36656
36665
36672
36673
36679
36686
36687
36694
36700
36701
36704
36708
36709
36712
36718
36725
36726
36731
36732
36738
36739
36741
36744
36749
36756
36760
36761
36768
36769
36776
36777
36786
36787
36794
36798
36802
36803
36804
36813
36814
36815
36820
36821
36828
36829
36835
36836
36843
36844
36848
36849
36853
36856
36864
36865
36867
36877
36883
36884
36893
36894
36905
36911
36912
36917
36920
36921
36926
36930
36931
36936
36937
36940
36941
36944
36953
36954
36960
36967
36973
36980
36981
36989
36994
36995
37001
37002
37008
37021
37022
37030
37037
37045
37046
37053
37054
37059
37060
37070
37075
37083
37089
37090
37096
37104
37110
37115
37121
37127
37141
37142
37150
37151
37155
37156
37162
37167
37168
37169
37187
37188
37193
37197
37202
37203
37212
37215
37216
37222
37237
37238
37239
37247
37254
37260
37275
37278
37282
37283
37290
37294
37299
37305
37312
37314
37318
37333
37334
37340
37341
37342
37351
37352
37362
37363
37371
37372
37373
37381
37382
37391
37400
37401
37408
37409
37419
37420
37428
37429
37430
37436
37440
37441
37444
37445
37450
37453
37456
37459
37462
37467
37469
37474
37475
37482
37483
37490
37491
37500
37501
37507
37508
37514
37521
37522
37532
37533
37537
37540
37546
37547
37555
37556
37562
37568
37569
37572
37579
37586
37591
37596
37597
37599
37601
37604
37605
37617
37618
37626
37627
37636
37637
37642
37643
37647
37648
37654
37662
37664
37669
37671
37676
37683
37684
37692
37693
37698
37699
37703
37712
37722
37729
37730
37733
37734
37736
37750
37754
37756
37759
37763
37768
37772
37779
37780
37783
37787
37792
37798
37799
37800
37801
37802
37808
37810
37831
37832
37833
37843
37844
37853
37862
37863
37871
37872
37873
37881
37882
37888
37894
37895
37903
37904
37905
37914
37915
37919
37920
37925
37927
37937
37938
37939
37947
37948
37957
37961
37965
37966
37968
37972
37981
37982
37989
37990
37991
37999
38000
38010
38011
38019
38025
38026
38035
38036
38037
38047
38048
38056
38057
38064
38071
38079
38080
38087
38093
38099
38100
38107
38108
38116
38122
38127
38128
38134
38137
38143
38144
38153
38159
38160
38162
38167
38168
38176
38177
38186
38187
38191
38192
38196
38199
38203
38204
38208
38209
38212
38213
38214
38217
38219
38220
38223
38230
38231
38239
38240
38241
38249
38264
38265
38266
38276
38277
38283
38290
38291
38292
38299
38302
38304
38318
38319
38328
38329
38338
38339
38349
38350
38358
38366
38367
38372
38373
38377
38378
38386
38393
38394
38405
38406
38409
38415
38416
38417
38426
38427
38433
38436
38439
38444
38445
38451
38462
38463
38464
38471
38472
38481
38482
38492
38493
38494
38504
38505
38514
38515
38516
38525
38526
38533
38534
38535
38543
38549
38550
38551
38559
38560
38567
38568
38574
38575
38579
38580
38586
38587
38593
38602
38603
38606
38613
38614
38623
38624
38632
38633
38641
38651
38652
38656
38658
38659
38661
38664
38669
38672
38680
38681
38682
38690
38691
38694
38701
38702
38708
38709
38718
38719
38728
38729
38740
38741
38742
38744
38749
38756
38757
38765
38766
38772
38773
38780
38781
38787
38788
38797
38812
38813
38820
38821
38825
38830
38839
38840
38847
38855
38862
38864
38869
38870
38878
38887
38888
38898
38899
38900
38907
38913
38914
38915
38921
38922
38931
38932
38939
38944
38951
38952
38959
38960
38962
38968
38969
38974
38978
38982
38987
38994
38998
39003
39010
39017
39018
39019
39028
39029
39035
39042
39046
39054
39056
39062
39068
39069
39077
39078
39084
39091
39092
39099
39104
39105
39110
39112
39118
39119
39125
39129
39133
39134
39142
39153
39159
39163
39166
39170
39197
39206
39207
39208
39225
39226
39235
39236
39237
39246
39247
39257
39258
39267
39268
39269
39275
39276
39285
39286
39290
39294
39302
39303
39312
39313
39320
39327
39328
39332
39333
39340
39341
39349
39350
39358
39364
39370
39377
39379
39381
39388
39391
39392
39393
39394
39395
39401
39402
39411
39412
39421
39422
39423
39433
39434
39441
39442
39450
39451
39460
39461
39468
39469
39478
39479
39485
39494
39495
39503
39504
39512
39513
39517
39518
39521
39527
39528
39536
39537
39540
39541
39545
39546
39548
39554
39561
39573
39574
39582
39583
39590
39591
39594
39596
39597
39603
39611
39612
39620
39621
39626
39627
39633
39638
39643
39648
39649
39656
39659
39660
39672
39673
39682
39683
39692
39693
39700
39701
39710
39711
39720
39721
39729
39736
39737
39751
39758
39763
39765
39766
39770
39778
39789
39796
39800
39801
39807
39812
39813
39817
39818
39822
39825
39829
39830
39834
39840
39844
39847
39851
39855
39859
39864
39866
39868
39880
39881
39882
39887
39890
39892
39905
39906
39909
39916
39917
39924
39925
39926
39947
39954
39962
39963
39968
39977
39981
39984
39994
39995
39996
40005
40006
40009
40016
40017
40025
40026
40031
40042
40057
40058
40059
40068
40069
40070
40075
40086
40087
40095
40096
40097
40105
40106
40113
40118
40119
40120
40132
40140
40148
40149
40157
40158
40164
40165
40167
40169
40175
40182
40183
40192
40201
40204
40213
40214
40219
40220
40221
40227
40228
40235
40236
40242
40243
40250
40258
40273
40275
40281
40282
40294
40295
40296
40302
40303
40304
40308
40325
40327
40328
40331
40336
40340
40341
40343
40354
40355
40362
40363
40367
40372
40373
40379
40380
40388
40396
40397
40402
40405
40406
40407
40412
40413
40419
40420
40427
40429
40434
40439
40445
40446
40458
40459
40464
40474
40480
40481
40490
40491
40496
40498
40504
40510
40515
40519
40520
40527
40529
40536
40542
40543
40548
40555
40556
40565
40573
40582
40583
40587
40588
40602
40604
40607
40609
40614
40620
40623
40624
40631
40640
40641
40651
40652
40658
40664
40665
40671
40678
40679
40687
40693
40694
40703
40704
40713
40714
40717
40720
40730
40735
40736
40740
40741
40751
40760
40761
40771
40772
40778
40786
40795
40796
40800
40806
40812
40813
40817
40828
40829
40845
40846
40850
40858
40868
40872
40875
40881
40882
40892
40900
40909
40910
40915
40918
40923
40924
40927
40936
40940
40941
40948
40952
40954
40957
40965
40971
40977
40978
40985
40986
40992
40994
41002
41009
41010
41018
41019
41024
41025
41034
41039
41047
41054
41056
41059
41067
41074
41075
41082
41085
41086
41087
41094
41104
41105
41109
41110
41111
41112
41119
41123
41134
41138
41165
41169
41184
41194
41197
41198
41202
41220
41224
41231
41232
41237
41246
41247
41252
41259
41263
41264
41270
41271
41279
41285
41286
41293
41295
41296
41300
41304
41308
41312
41313
41322
41326
41338
41339
41344
41347
41360
41371
41382
41383
41384
41389
41390
41391
41403
41408
41409
41410
41417
41418
41422
41430
41438
41445
41446
41452
41453
41455
41461
41464
41470
41477
41478
41479
41483
41492
41493
41498
41507
41514
41516
41519
41521
41522
41523
41524
41525
41532
41539
41540
41548
41549
41551
41554
41557
41566
41575
41580
41585
41594
41597
41603
41608
41609
41615
41616
41617
41618
41620
41623
41629
41630
41638
41649
41657
41662
41663
41668
41669
41678
41679
41680
41690
41691
41702
41703
41709
41710
41719
41720
41725
41726
41731
41732
41733
41736
41743
41751
41752
41753
41759
41760
41766
41772
41773
41779
41780
41788
41796
41797
41802
41803
41810
41811
41820
41825
41826
41831
41832
41834
41838
41849
41850
41856
41857
41866
41867
41875
41884
41885
41892
41893
41906
41911
41918
41919
41927
41931
41935
41947
41951
41953
41955
41958
41959
41960
41964
41967
41968
41975
41982
41986
41996
42003
42006
42008
42012
42019
42021
42023
42027
42028
42032
42037
42038
42047
42052
42053
42055
42059
42068
42069
42078
42079
42083
42096
42097
42105
42106
42107
42110
42111
42115
42120
42125
42126
42128
42130
42133
42137
42149
42150
42156
42157
42158
42160
42169
42170
42173
42174
42177
42181
42182
42191
42195
42203
42204
42208
42216
42217
42225
42226
42227
42232
42233
42237
42238
42241
42251
42252
42255
42258
42265
42270
42278
42279
42286
42289
42300
42301
42309
42310
42317
42318
42324
42327
42330
42331
42341
42345
42346
42357
42372
42382
42392
42393
42398
42410
42411
42412
42420
42421
42422
42431
42438
42439
42447
42448
42455
42459
42466
42467
42474
42475
42484
42487
42491
42494
42495
42501
42508
42512
42515
42517
42522
42529
42537
42538
42547
42554
42555
42562
42563
42570
42571
42578
42579
42585
42586
42593
42594
42600
42601
42606
42607
42612
42613
42619
42620
42623
42629
42642
42644
42651
42652
42658
42659
42668
42669
42676
42677
42681
42689
42690
42698
42699
42703
42711
42712
42713
42719
42720
42726
42727
42731
42735
42745
42746
42751
42752
42753
42758
42759
42762
42764
42771
42772
42775
42779
42783
42785
42794
42801
42802
42808
42816
42825
42826
42833
42836
42838
42842
42846
42851
42853
42866
42872
42873
42882
42883
42890
42895
42896
42903
42904
42913
42914
42918
42921
42925
42926
42935
42939
42945
42952
42963
42972
42973
42980
42981
42990
42997
42998
42999
43007
43008
43012
43015
43019
43020
43028
43029
43039
43040
43046
43047
43048
43056
43060
43073
43074
43077
43084
43085
43090
43096
43097
43105
43106
43116
43125
43126
43133
43135
43139
43145
43153
43159
43160
43169
43170
43175
43181
43182
43183
43184
43186
43198
43200
43201
43202
43208
43224
43225
43231
43232
43241
43245
43248
43249
43254
43279
43295
43296
43297
43298
43308
43309
43312
43318
43324
43331
43333
43339
43340
43341
43349
43350
43356
43357
43361
43368
43376
43378
43382
43386
43394
43397
43400
43412
43417
43423
43431
43436
43446
43447
43455
43456
43462
43465
43482
43483
43497
43501
43508
43509
43512
43525
43528
43534
43537
43544
43557
43564
43567
43569
43572
43575
43582
43587
43590
43598
43599
43603
43609
43613
43614
43618
43627
43634
43636
43638
43639
43641
43642
43646
43647
43650
43651
43652
43656
43657
43666
43668
43670
43672
43677
43679
43681
43682
43684
43687
43688
43689
43695
43699
43701
43703
43705
43707
43714
43722
43724
43729
43732
43733
43734
43738
43742
43746
43747
43755
43767
43772
43779
43781
43799
43803
43804
43814
43815
43818
43823
43827
43829
43836
43840
43842
43849
43854
43858
43863
43867
43872
43875
43879
43892
43895
43900
43901
43908
43910
43915
43918
43923
43930
43934
43941
43942
43945
43950
43955
43960
43961
43964
43970
43979
43989
43999
44000
44007
44008
44009
44012
44014
44019
44024
44027
44037
44053
44060
44075
44076
44083
44089
44090
44093
44095
44096
44103
44114
44120
44121
44127
44133
44138
44139
44145
44153
44164
44165
44167
44171
44172
44182
44183
44185
44186
44193
44201
44202
44208
44209
44217
44218
44226
44227
44237
44238
44248
44249
44250
44256
44262
44263
44268
44269
44276
44281
44282
44287
44289
44290
44293
44303
44304
44309
44313
44314
44317
44325
44331
44332
44341
44342
44351
44352
44363
44364
44374
44375
44383
44384
44390
44391
44392
44397
44412
44413
44422
44423
44443
44447
44448
44454
44455
44464
44465
44472
44480
44481
44488
44491
44492
44497
44503
44510
44516
44521
44526
44527
44530
44538
44542
44548
44552
44553
44557
44564
44566
44568
44569
44572
44575
44576
44579
44580
44586
44587
44597
44602
44604
44609
44613
44626
44627
44628
44631
44633
44639
44642
44646
44648
44651
44673
44674
44675
44682
44689
44691
44695
44708
44709
44724
44733
44734
44738
44742
44750
44751
44752
44757
44758
44763
44765
44766
44768
44772
44779
44783
44784
44792
44793
44802
44803
44809
44810
44816
44817
44818
44821
44822
44825
44826
44829
44835
44837
44845
44846
44855
44856
44857
44864
44876
44877
44886
44887
44888
44897
44898
44906
44923
44924
44925
44933
44938
44939
44944
44951
44955
44956
44963
44971
44972
44976
44978
44984
44985
44986
44996
45003
45012
45013
45022
45023
45024
45031
45032
45038
45041
45042
45046
45047
45048
45054
45055
45060
45061
45066
45067
45070
45074
45080
45081
45084
45085
45091
45092
45104
45114
45123
45130
45138
45139
45148
45149
45158
45159
45160
45170
45171
45178
45179
45185
45188
45193
45194
45200
45203
45211
45219
45232
45238
45244
45245
45250
45251
45258
45265
45270
45273
45278
45285
45286
45288
45291
45297
45300
45301
45303
45304
45306
45308
45325
45333
45337
45338
45341
45347
45348
45349
45352
45358
45360
45362
45372
45377
45378
45381
45385
45386
45391
45392
45395
45402
45403
45408
45412
45414
45419
45422
45424
45433
45435
45436
45442
45444
45446
45451
45459
45460
45469
45479
45480
45487
45488
45495
45501
45509
45512
45517
45524
45525
45528
45529
45530
45536
45537
45546
45547
45556
45557
45564
45565
45569
45573
45577
45583
45590
45591
45596
45597
45598
45603
45604
45608
45612
45613
45614
45616
45619
45625
45627
45633
45634
45641
45642
45649
45650
45657
45658
45659
45666
45667
45675
45676
45679
45686
45687
45694
45695
45700
45701
45706
45707
45713
45714
45720
45722
45723
45724
45725
45730
45731
45738
45745
45752
45753
45765
45769
45770
45777
45787
45791
45795
45797
45801
45807
45808
45812
45813
45817
45820
45821
45829
45831
45835
45838
45843
45847
45848
45864
45868
45869
45881
45898
45901
45910
45918
45924
45926
45930
45932
45938
45941
45947
45954
45972
45976
45978
45983
45985
45992
45995
46015
46016
46019
46024
46025
46027
46030
46044
46056
46058
46065
46072
46081
46089
46090
46099
46100
46109
46110
46120
46121
46131
46132
46141
46142
46150
46163
46164
46172
46173
46174
46178
46184
46185
46188
46191
46197
46198
46199
46208
46209
46214
46215
46221
46222
46228
46229
46237
46238
46245
46254
46257
46258
46265
46274
46275
46284
46285
46286
46296
46297
46298
46305
46306
46311
46320
46321
46322
46332
46333
46342
46343
46353
46354
46363
46364
46365
46375
46376
46384
46385
46395
46401
46407
46408
46414
46417
46418
46424
46436
46437
46438
46447
46448
46459
46460
46461
46471
46472
46477
46484
46490
46493
46496
46503
46504
46505
46511
46512
46516
46518
46521
46537
46538
46548
46549
46553
46557
46558
46564
46572
46579
46580
46588
46589
46596
46597
46602
46603
46606
46607
46609
46616
46629
46630
46631
46641
46642
46651
46652
46661
46662
46670
46671
46681
46682
46686
46691
46701
46702
46710
46711
46719
46732
46733
46741
46742
46749
46752
46755
46768
46769
46770
46779
46780
46789
46790
46791
46801
46802
46810
46811
46817
46825
46826
46827
46837
46838
46846
46847
46854
46855
46864
46865
46871
46877
46884
46885
46888
46889
46894
46895
46900
46901
46905
46906
46911
46920
46921
46922
46930
46931
46942
46949
46950
46951
46960
46961
46969
46976
46977
46981
46985
46986
47001
47003
47005
47006
47013
47014
47023
47024
47032
47033
47042
47043
47051
47052
47062
47069
47070
47076
47077
47090
47093
47094
47095
47100
47101
47110
47111
47120
47121
47130
47131
47140
47141
47150
47151
47152
47159
47167
47171
47172
47174
47181
47182
47183
47188
47189
47197
47198
47212
47213
47219
47223
47230
47239
47244
47247
47253
47254
47255
47264
47265
47272
47273
47274
47283
47284
47291
47292
47298
47299
47306
47307
47308
47318
47319
47320
47328
47338
47339
47349
47350
47360
47361
47362
47366
47373
47379
47380
47383
47388
47400
47405
47406
47413
47417
47423
47424
47432
47433
47437
47443
47444
47454
47473
47474
47482
47483
47491
47502
47503
47509
47510
47519
47520
47525
47535
47538
47539
47542
47548
47549
47551
47553
47558
47561
47563
47573
47575
47580
47585
47590
47592
47597
47598
47601
47606
47620
47624
47629
47633
47634
47638
47643
47645
47648
47654
47659
47660
47663
47664
47669
47683
47692
47693
47700
47701
47706
47709
47710
47712
47713
47716
47719
47721
47722
47723
47729
47734
47736
47737
47739
47743
47749
47750
47757
47758
47767
47768
47778
47779
47784
47785
47786
47791
47796
47800
47801
47808
47809
47814
47818
47819
47823
47829
47830
47838
47842
47848
47852
47853
47855
47858
47867
47875
47876
47877
47887
47888
47891
47893
47899
47907
47908
47917
47926
47927
47935
47936
47944
47945
47963
47967
47968
47982
47985
47993
47997
48003
48005
48010
48011
48014
48016
48018
48023
48024
48033
48034
48040
48045
48051
48052
48060
48061
48066
48079
48084
48090
48095
48099
48103
48106
48113
48116
48120
48124
48140
48160
48165
48175
48181
48189
48190
48191
48198
48199
48207
48208
48215
48221
48226
48229
48238
48249
48265
48268
48272
48280
48281
48291
48292
48296
48307
48314
48318
48325
48332
48343
48350
48356
48371
48376
48381
48389
48392
48401
48406
48410
48411
48415
48420
48421
48427
48428
48434
48439
48440
48450
48454
48457
48459
48464
48465
48468
48472
48479
48484
48485
48491
48504
48508
48514
48515
48523
48524
48535
48542
48550
48555
48561
48562
48579
48584
48588
48590
48592
48596
48599
48600
48604
48605
48611
48612
48620
48624
48625
48629
48633
48635
48636
48642
48645
48657
48669
48670
48675
48676
48677
48683
48684
48692
48699
48700
48708
48717
48722
48727
48728
48738
48739
48748
48751
48755
48762
48768
48769
48774
48776
48777
48780
48784
48785
48792
48797
48801
48803
48806
48809
48814
48815
48820
48821
48822
48825
48829
48836
48840
48842
48843
48848
48853
48856
48857
48861
48866
48867
48870
48885
48887
48888
48892
48897
48903
48907
48908
48917
48918
48927
48928
48938
48939
48946
48947
48954
48955
48965
48972
48975
48984
48992
49003
49010
49011
49019
49025
49030
49032
49033
49040
49043
49044
49047
49055
49056
49063
49064
49073
49074
49083
49084
49091
49098
49107
49108
49117
49118
49126
49127
49135
49136
49145
49146
49156
49157
49163
49169
49172
49176
49181
49188
49191
49200
49208
49209
49215
49216
49222
49223
49231
49232
49239
49240
49245
49249
49253
49264
49279
49280
49288
49289
49293
49296
49300
49301
49310
49311
49319
49320
49327
49328
49339
49344
49346
49348
49352
49357
49358
49367
49368
49376
49377
49385
49386
49391
49399
49400
49401
49406
49407
49411
49418
49424
49425
49428
49430
49431
49433
49443
49448
49450
49457
49466
49474
49475
49485
49486
49490
49495
49504
49511
49512
49520
49521
49528
49529
49535
49536
49543
49546
49550
49553
49556
49560
49569
49570
49571
49579
49581
49589
49595
49596
49603
49611
49613
49617
49624
49625
49629
49634
49635
49641
49642
49643
49652
49653
49661
49662
49668
49673
49674
49687
49688
49693
49694
49705
49715
49716
49725
49726
49736
49737
49738
49748
49749
49758
49759
49766
49771
49782
49783
49791
49800
49801
49808
49818
49819
49828
49829
49836
49837
49838
49845
49850
49855
49858
49861
49863
49869
49875
49881
49882
49891
49892
49893
49903
49904
49913
49920
49921
49928
49929
49930
49940
49941
49951
49952
49962
49963
49964
49973
49974
49984
49985
49993
49998
49999
50002
50006
50007
50016
50017
50020
50021
50027
50032
50034
50035
50041
50047
50056
50057
50066
50077
50084
50085
50094
50095
50109
50119
50123
50129
50136
50137
50146
50147
50151
50153
50158
50159
50168
50177
50178
50187
50188
50196
50197
50204
50205
50206
50209
50212
50214
50217
50223
50228
50229
50235
50236
50245
50246
50256
50257
50258
50267
50268
50277
50278
50289
50290
50298
50299
50300
50306
50312
50313
50314
50317
50318
50322
50329
50330
50331
50339
50340
50347
50348
50349
50356
50357
50364
50366
50373
50374
50384
50385
50393
50402
50403
50412
50413
50414
50424
50425
50430
50434
50437
50443
50450
50451
50463
50464
50473
50474
50483
50484
50485
50495
50496
50497
50507
50508
50516
50517
50526
50527
50537
50538
50539
50549
50550
50560
50561
50571
50572
50581
50582
50592
50593
50602
50603
50620
50621
50630
50635
50641
50647
50648
50649
50658
50659
50664
50671
50689
50690
50695
50701
50708
50709
50710
50719
50720
50721
50727
50729
50730
50737
50746
50747
50753
50760
50761
50768
50771
50776
50786
50787
50800
50802
50814
50815
50825
50826
50837
50844
50845
50853
50854
50864
50865
50866
50876
50877
50886
50887
50895
50896
50899
50909
50914
50915
50917
50918
50928
50929
50931
50947
50948
50955
50964
50971
50972
50980
50981
50992
50993
51002
51003
51007
51013
51014
51020
51027
51028
51034
51035
51041
51042
51046
51047
51049
51052
51053
51055
51056
51061
51068
51076
51077
51087
51088
51094
51095
51096
51098
51106
51114
51115
51123
51124
51133
51134
51142
51143
51152
51153
51161
51169
51177
51178
51179
51186
51187
51195
51200
51203
51207
51217
51218
51224
51225
51236
51237
51244
51253
51257
51259
51269
51270
51277
51278
51287
51288
51298
51299
51310
51318
51319
51320
51326
51335
51337
51342
51343
51344
51345
51368
51372
51378
51381
51384
51389
51391
51394
51397
51398
51400
51401
51414
51419
51423
51429
51431
51436
51444
51455
51457
51463
51464
51472
51480
51490
51493
51497
51499
51500
51504
51506
51507
51509
51510
51513
51522
51523
51529
51549
51550
51557
51559
51561
51562
51563
51564
51570
51571
51576
51577
51583
51590
51595
51603
51605
51613
51619
51628
51631
51632
51637
51638
51647
51648
51652
51655
51657
51666
51670
51671
51676
51690
51691
51695
51696
51700
51712
51713
51715
51719
51723
51728
51729
51738
51739
51747
51748
51758
51759
51760
51770
51771
51781
51782
51783
51793
51794
51804
51805
51811
51812
51818
51819
51823
51830
51840
51841
51854
51855
51867
51868
51869
51878
51879
51886
51887
51899
51900
51909
51921
51930
51931
51932
51940
51941
51950
51951
51952
51962
51963
51964
51970
51971
51979
51987
51988
51989
51999
52000
52009
52010
52019
52020
52028
52029
52039
52040
52047
52048
52049
52056
52057
52067
52068
52074
52075
52084
52089
52091
52096
52101
52110
52111
52112
52122
52123
52132
52140
52141
52150
52151
52158
52166
52167
52170
52171
52172
52174
52179
52180
52188
52189
52198
52199
52203
52204
52208
52213
52214
52216
52218
52225
52226
52234
52235
52250
52251
52260
52261
52269
52270
52271
52280
52281
52290
52298
52306
52309
52314
52321
52326
52332
52333
52338
52339
52359
52362
52363
52367
52370
52377
52383
52386
52389
52394
52399
52405
52406
52412
52413
52415
52426
52433
52436
52441
52449
52450
52454
52462
52464
52465
52476
52477
52482
52485
52494
52497
52499
52500
52501
52502
52504
52507
52512
52518
52522
52525
52539
52544
52553
52554
52555
52556
52558
52560
52566
52567
52568
52572
52577
52578
52579
52585
52586
52594
52595
52604
52605
52612
52613
52621
52622
52626
52628
52635
52639
52644
52646
52653
52658
52659
52661
52664
52667
52668
52672
52673
52675
52679
52686
52687
52693
52701
52702
52709
52710
52719
52724
52725
52726
52735
52736
52737
52744
52745
52753
52760
52761
52770
52771
52776
52780
52785
52789
52791
52800
52804
52805
52813
52820
52821
52825
52833
52852
52857
52866
52873
52874
52883
52884
52890
52891
52899
52911
52925
52930
52931
52932
52933
52935
52955
52968
52974
52975
52985
52990
52992
52993
52997
53002
53003
53007
53017
53022
53027
53028
53033
53034
53038
53042
53043
53044
53045
53046
53052
53054
53056
53058
53070
53071
53081
53082
53091
53092
53102
53103
53104
53115
53116
53117
53127
53128
53129
53136
53142
53154
53155
53162
53166
53181
53182
53192
53193
53205
53212
53213
53221
53223
53227
53235
53236
53243
53244
53254
53255
53265
53266
53267
53277
53278
53286
53294
53295
53304
53305
53315
53316
53324
53325
53335
53336
53345
53355
53356
53362
53369
53383
53398
53399
53405
53407
53408
53410
53417
53418
53427
53428
53436
53442
53443
53452
53453
53459
53460
53468
53469
53473
53474
53477
53488
53489
53499
53500
53510
53511
53515
53519
53526
53534
53535
53544
53545
53554
53555
53562
53563
53571
53572
53580
53582
53587
53602
53605
53606
53609
53615
53616
53625
53626
53633
53634
53641
53646
53647
53652
53653
53660
53661
53663
53664
53666
53673
53674
53678
53691
53696
53704
53711
53717
53718
53726
53727
53737
53738
53753
53754
53762
53763
53774
53782
53783
53791
53794
53799
53802
53804
53809
53810
53812
53817
53818
53823
53824
53830
53834
53836
53845
53862
53863
53874
53875
53882
53883
53891
53895
53897
53907
53913
53921
53930
53931
53939
53940
53941
53947
53954
53955
53963
53970
53974
53980
53989
53995
53997
54000
54003
54012
54013
54018
54020
54025
54043
54050
54057
54058
54059
54068
54069
54077
54083
54091
54098
54099
54105
54112
54113
54121
54122
54130
54131
54132
54147
54148
54152
54156
54158
54167
54168
54175
54185
54190
54191
54197
54200
54203
54210
54211
54217
54220
54234
54235
54237
54243
54249
54253
54254
54255
54262
54263
54269
54272
54274
54283
54286
54289
54292
54295
54302
54311
54312
54315
54316
54320
54326
54327
54331
54333
54337
54341
54344
54349
54357
54358
54360
54364
54372
54381
54390
54397
54398
54406
54407
54413
54414
54421
54427
54439
54447
54449
54452
54459
54460
54469
54477
54484
54485
54492
54495
54505
54513
54514
54522
54523
54529
54530
54531
54537
54538
54546
54547
54551
54555
54556
54557
54558
54559
54566
54567
54570
54572
54577
54578
54584
54585
54595
54598
54602
54605
54612
54613
54619
54620
54624
54633
54634
54641
54642
54651
54652
54657
54662
54663
54664
54671
54672
54680
54685
54686
54690
54699
54706
54709
54713
54722
54731
54732
54739
54744
54745
54753
54754
54755
54765
54766
54771
54772
54785
54788
54793
54794
54798
54799
54808
54810
54814
54828
54835
54840
54841
54842
54849
54864
54870
54876
54880
