957
958
959
960
961
962
963
964
965
966
967
968
969
970
972
973
974
975
976
977
978
979
980
983
984
985
986
988
989
990
991
992
993
994
995
996
997
999
1000
1001
1002
1003
1005
1006
1007
1008
1009
1010
1011
1012
1014
1015
1016
1017
1018
1019
1020
1021
1022
1023
1024
1025
1026
1027
1028
1029
1030
1032
1033
1036
1038
1040
1041
1042
1043
1044
1045
1046
1047
1048
1049
1051
1052
1053
1054
1056
1057
1058
1059
1060
1066
1068
1069
1073
1074
1075
1076
1077
1078
1079
1080
1081
1082
1083
1084
1085
1086
1087
1088
1089
1090
1091
1092
1093
1094
1095
1096
1097
1098
1099
1100
1101
1102
1103
1104
1105
1106
1107
1108
1109
1110
1111
1112
1113
1114
1115
1117
1118
1119
1120
1121
1122
1123
1124
1125
1126
1127
1128
1129
1130
1131
1132
1133
1134
1135
1136
1137
1138
1139
1140
1141
1142
1143
1144
1145
1146
1147
1148
1149
1150
1151
1152
1153
1154
1155
1156
1157
1158
1159
1160
1162
1163
1164
1165
1166
1168
1169
1170
1172
1173
1174
1175
1176
1177
1178
1179
1180
1181
1182
1183
1184
1185
1186
1187
1188
1189
1190
1191
1192
1193
1194
1195
1196
1197
1198
1199
1200
1201
1202
1203
1204
1205
1206
1207
1209
1210
1211
1213
1214
1215
1216
1217
1218
1219
1220
1221
1222
1223
1224
1225
1226
1227
1228
1229
1230
1232
1233
1234
1235
1236
1238
1239
1241
1242
1243
1244
1245
1246
1248
1249
1250
1251
1252
1253
1254
1255
1256
1257
1259
1260
1261
1262
1263
1264
1265
1266
1267
1268
1269
1270
1271
1272
1273
1274
1275
1277
1278
1279
1280
1281
1282
1283
1284
1285
1286
1287
1288
1289
1290
1291
1292
1293
1294
1295
1296
1297
1298
1299
1300
1301
1302
1303
1304
1305
1306
1308
1310
1312
1313
1314
1315
1317
1318
1319
1320
1322
1323
1325
1327
1328
1329
1330
1331
1332
1335
1336
1337
1338
1340
1342
1343
1344
1345
1346
1348
1349
1352
1353
1354
1355
1356
1357
1358
1359
1360
1361
1362
1363
1364
1365
1366
1367
1368
1369
1370
1371
1372
1373
1374
1375
1376
1377
1378
1379
1380
1381
1382
1383
1384
1385
1386
1387
1388
1389
1390
1391
1392
1393
1394
1395
1396
1397
1398
1399
1400
1401
1402
1403
1404
1405
1406
1407
1408
1409
1410
1411
1412
1413
1414
1415
1416
1417
1418
1419
1420
1421
1422
1423
1424
1425
1426
1427
1428
1429
1430
1431
1432
1433
1434
1435
1436
1437
1438
1439
1440
1441
1442
1443
1444
1445
1446
1447
1448
1450
1451
1452
1453
1454
1455
1456
1457
1458
1459
1460
1461
1462
1463
1464
1465
1466
1467
1468
1469
1470
1472
1473
1475
1477
1478
1479
1480
1481
1482
1483
1484
1485
1486
1487
1488
1489
1490
1491
1492
1493
1494
1495
1496
1497
1498
1499
1500
1501
1502
1503
1504
1507
1508
1509
1510
1512
1513
1514
1516
1517
1518
1519
1520
1521
1523
1524
1526
1528
1529
1530
1531
1535
1536
1538
1539
1540
1542
1543
1545
1547
1549
1550
1551
1552
1553
1554
1555
1556
1557
1558
1559
1560
1562
1563
1564
1565
1566
1567
1569
1570
1571
1572
1573
1575
1576
1577
1578
1579
1580
1581
1582
1583
1584
1585
1586
1587
1588
1589
1590
1591
1592
1593
1594
1595
1596
1597
1598
1599
1600
1601
1602
1603
1604
1605
1606
1607
1608
1609
1610
1611
1612
1613
1614
1615
1617
1618
1619
1620
1621
1622
1623
1624
1625
1626
1627
1628
1629
1630
1631
1632
1633
1634
1635
1636
1637
1638
1639
1640
1641
1642
1643
1644
1645
1646
1647
1648
1649
1651
1652
1653
1654
1655
1656
1657
1658
1659
1660
1661
1663
1665
1667
1668
1670
1671
1672
1673
1674
1675
1676
1677
1679
1680
1681
1682
1683
1684
1685
1686
1688
1689
1690
1691
1692
1693
1694
1695
1696
1698
1699
1700
1701
1703
1706
1707
1708
1709
1710
1711
1712
1713
1714
1715
1716
1717
1718
1720
1721
1722
1723
1724
1725
1726
1727
1728
1729
1730
1731
1733
1734
1735
1736
1737
1738
1739
1740
1741
1742
1743
1744
1745
1746
1747
1748
1749
1750
1751
1753
1754
1755
1756
1758
1759
1760
1761
1762
1765
1766
1767
1768
1770
1771
1773
1774
1775
1776
1778
1779
1780
1781
1783
1784
2787
2788
2789
2790
2791
2792
2794
2795
2797
2798
2799
2800
2803
2804
2805
2806
2807
2810
2813
2818
2819
2820
2821
2822
2823
2824
2825
2826
2827
2828
2830
2831
2832
2833
2834
2835
2836
2837
2839
2840
2842
2843
2846
2848
2849
2850
2851
2852
2853
2854
2855
2856
2857
2858
2859
2860
2861
2863
2864
2865
2866
2867
2870
2872
2873
2874
2876
2877
2878
2879
2880
2881
2882
2884
2885
2886
2887
2888
2889
2890
2891
2892
2894
2895
2896
2899
2900
2902
2904
2905
2907
2913
2915
2916
2917
2918
2919
2920
2921
2922
2923
2924
2926
2927
2928
2929
2930
2931
2933
2935
2936
2937
2938
2939
2940
2941
2943
2944
2945
2946
2947
2949
2950
2951
2952
2953
2955
2956
2957
2958
2959
2960
2961
2962
2964
2965
2966
2968
2970
2971
2972
2973
2974
2975
2977
2978
2979
2980
2981
2982
2984
2985
2986
2987
2989
2990
2991
2992
2993
2996
2998
3000
3002
3004
3007
3008
3009
3011
3012
3015
3016
3017
3018
3019
3020
3022
3023
3024
3025
3026
3027
3028
3029
3030
3031
3032
3033
3034
3035
3036
3037
3038
3039
3040
3041
3042
3044
3045
3047
3048
3049
3050
3051
3053
3054
3055
3056
3060
3061
3062
3063
3064
3065
3066
3067
3068
3069
3070
3071
3072
3073
3074
3075
3076
3077
3078
3079
3080
3081
3082
3083
3084
3085
3086
3087
3088
3090
3091
3093
3094
3095
3096
3097
3098
3100
3101
3102
3103
3104
3105
3107
3108
3113
3114
3116
3117
3119
3120
3121
3122
3123
3125
3127
3129
3130
3131
3133
3134
3135
3137
3139
3140
3141
3142
3144
3145
3146
3147
3148
3149
3150
3151
3152
3153
3155
3156
3157
3159
3161
3162
3163
3164
3165
3168
3169
3170
3171
3172
3173
3174
3175
3176
3177
3178
3179
3180
3181
3182
3183
3184
3185
3186
3187
3188
3189
3190
3191
3192
3194
3195
3196
3198
3199
3200
3202
3204
3205
3206
3210
3213
3214
3215
3216
3218
3222
3224
3226
3227
3228
3229
3230
3231
3232
3233
3234
3235
3236
3237
3238
3239
3241
3242
3243
3244
3247
3248
3249
3251
3252
3254
3257
5135
5136
5138
5139
5140
5141
5142
5144
5145
5146
5147
5148
5150
5154
5155
5157
5159
5161
5162
5163
5165
5167
5168
5172
5173
5174
5175
5177
5178
5180
5183
5184
5187
5190
5191
5192
5193
5194
5195
5196
5198
5199
5200
5201
5202
5203
5204
5205
5206
5207
5208
5209
5211
5212
5213
5214
5215
5216
5218
5219
5221
5222
5223
5225
5226
5228
5230
5231
5232
5233
5234
5236
5237
5238
5240
5241
5243
5244
5245
5246
5247
5248
5249
5250
5252
5253
5254
5256
5257
5258
5259
5261
5263
5264
5266
5267
5268
5269
5270
5271
5272
5273
5274
5275
5276
5278
5279
5280
5281
5282
5283
5285
5290
5291
5293
5294
5295
5298
5300
5301
5302
5303
5304
5305
5306
5307
5309
5314
5315
5318
5319
5320
5323
5324
5328
5330
5331
5332
5333
5334
5335
5336
5337
5340
5341
5342
5343
5347
5357
5358
5359
5360
5361
5362
5363
5364
5365
5366
5367
5368
5369
5370
5371
5372
5373
5374
5375
5376
5377
5378
5379
5380
5382
5383
5384
5385
5387
5388
5390
5392
5393
5394
5395
5396
5398
5399
5400
5401
5402
5403
5404
5405
5406
5407
5408
5410
5411
5413
5414
5415
5416
5417
5418
5419
5420
5421
5422
5423
5424
5425
5427
5428
5429
5430
5431
5432
5433
5434
5435
5436
5437
5438
5439
5441
5442
5443
5444
5445
5446
5447
5448
5450
5451
5452
5456
5457
5458
5459
5461
5463
5465
5466
5467
5468
5469
5470
5471
5472
5473
5476
5477
5478
5479
5480
5483
5484
5485
5487
5488
5489
5490
5491
5492
5494
5495
5496
5497
5499
5500
5501
5502
5503
5504
5505
5506
5507
5508
5509
5510
5511
5512
5513
5514
5515
5516
5518
5521
5523
5524
5525
5526
5528
5529
5531
5532
5535
5536
5537
5538
5539
5540
5541
5542
5543
5544
5545
5546
5547
5548
5549
5550
5551
5553
5554
5555
5556
5557
5558
5559
5560
5561
5565
5566
5569
5571
5572
5573
5574
5575
5576
5577
5578
5579
5582
5584
5586
5587
5588
5589
5591
5594
5596
5597
5598
5599
5600
5601
5604
5605
5606
5607
5608
5609
5610
5611
5612
5614
5615
5616
5617
5618
5620
5621
5622
5624
5626
5631
5632
5633
5635
5637
6196
7436
7437
7438
7439
7440
7441
7442
7443
7445
7446
7447
7448
7449
7450
7451
7452
7453
7454
7455
7456
7457
7458
7459
7460
7461
7462
7463
7464
7465
7467
7468
7470
7471
7472
7473
7475
7477
7478
7479
7480
7481
7482
7483
7484
7485
7487
7488
7490
7491
7492
7493
7494
7498
7501
7502
7503
7505
7506
7507
7508
7509
7511
7512
7513
7514
7516
7518
7519
7520
7521
7522
7523
7524
7525
7527
7528
7529
7530
7531
7533
7536
7537
7538
7539
7540
7541
7542
7543
7544
7545
7546
7547
7548
7549
7550
7551
7552
7553
7554
7555
7556
7557
7558
7559
7560
7561
7562
7563
7564
7565
7566
7567
7568
7569
7570
7571
7572
7574
7575
7576
7578
7579
7580
7581
7582
7583
7584
7585
7586
7587
7588
7589
7590
7591
7592
7593
7594
7595
7596
7597
7598
7599
7600
7601
7602
7603
7604
7605
7606
7607
7608
7609
7610
7611
7612
7613
7614
7615
7616
7617
7618
7619
7620
7621
7622
7623
7624
7625
7627
7629
7631
7632
7633
7634
7635
7636
7637
7638
7639
7640
7641
7642
7643
7644
7645
7646
7647
7648
7649
7650
7651
7652
7653
7654
7655
7656
7657
7658
7659
7660
7661
7663
7665
7666
7667
7668
7669
7670
7671
7672
7673
7675
7677
7679
7680
7681
7683
7684
7685
7686
7687
7688
7689
7690
7691
7692
7693
7694
7695
7696
7697
7698
7699
7700
7701
7702
7703
7704
7705
7706
7707
7708
7709
7710
7711
7712
7714
7715
7716
7717
7718
7719
7720
7721
7722
7723
7724
7725
7726
7727
7728
7729
7730
7731
7732
7733
7734
7735
7736
7737
7738
7739
7740
7741
7742
7744
7745
7746
7747
7748
7749
7751
7752
7754
7755
7756
7757
7758
7759
7760
7761
7762
7763
7764
7765
7766
7767
7769
7770
7771
7772
7773
7774
7775
7776
7777
7778
7779
7780
7781
7782
7783
7784
7785
7786
7787
7788
7789
7790
7791
7792
7793
7794
7795
7796
7797
7798
7799
7800
7801
7802
7803
7804
7805
7806
7807
7808
7809
7810
7811
7812
7813
7814
7815
7816
7817
7818
7819
7820
7822
7823
7824
7825
7826
7828
7829
7830
7831
7832
7833
7834
7835
7836
7837
7838
7839
7840
7841
7842
7843
7844
7845
7846
7847
7848
7849
7850
7851
7852
7853
7854
7855
7856
7857
7858
7859
7860
7861
7862
7863
7864
7865
7867
7868
7869
7870
7871
7872
7873
7874
7875
7876
7877
7878
7879
7880
7881
7882
7883
7884
7885
7886
7887
7888
7889
7890
7891
7892
7893
7894
7895
7896
7897
7898
7899
7900
7901
7902
7903
7904
7905
7906
7907
7908
7909
7911
7912
7913
7914
7915
7916
7917
7918
7919
7922
7923
7926
7927
7929
7930
7931
7932
7933
7935
7936
7939
7940
7942
7943
7944
7945
7946
7947
7948
7949
7950
7951
7952
7953
7954
7956
7957
7960
7962
7964
7965
7966
7967
7968
7969
7971
7972
7974
7975
7976
7978
7979
7980
7981
7982
7983
7984
7985
7986
7987
7988
7989
7990
7991
7992
7993
7994
7995
7996
7997
7998
7999
8000
8001
8002
8003
8004
8005
8006
8007
8008
8009
8010
8011
8013
8014
8015
8016
8017
8018
8019
8020
8021
8022
8023
8024
8025
8026
8027
8028
8029
8030
8031
8032
8035
8038
8040
8041
8043
8044
8045
8046
8047
8048
8049
8050
8051
8052
8053
8054
8056
8057
8058
8059
8060
8061
8062
8063
8064
8065
8066
8067
8068
8069
8070
8072
8074
8075
8077
8078
8079
8080
8081
8082
8083
8084
8085
8086
8087
8088
8089
8090
8091
8092
8093
8094
8095
8096
8097
8098
8099
8100
8101
8103
8104
8107
8108
8110
8111
8112
8113
8114
8115
8117
8118
8119
8120
8121
8122
8123
8124
8125
8126
8127
8129
8130
8131
8132
8133
10192
10193
10195
10196
10197
10199
10201
10202
10204
10205
10206
10207
10208
11006
11007
11036
11037
11044
11046
11050
11051
11053
11055
11059
11062
11064
11069
11071
11087
11101
11102
11107
11109
11113
11115
11117
11118
11121
11125
11128
11130
11131
11132
11134
11136
11137
11138
11140
11143
11147
11149
11151
11154
11160
11166
11171
11173
11175
11176
11178
11181
11182
11184
11188
11189
11190
11191
11192
11193
11195
11196
11197
11198
11199
11200
11201
11203
11204
11205
11207
11208
11211
11214
11217
11218
11219
11223
11228
11231
11234
11235
11236
11237
11240
11243
11244
11250
11251
11254
11255
11265
11266
11268
11274
11278
11280
11288
11290
11297
11299
11300
11302
11309
11312
11314
11317
11318
11319
11320
11322
11323
11324
11325
11326
11330
11332
11335
11337
11340
11343
11344
11345
11346
11347
11348
11349
11350
11355
11358
11359
11361
11366
11367
11375
11378
11390
11395
11397
11399
11400
11401
11402
11403
11404
11409
11410
11411
11412
11414
11415
11416
11417
11418
11419
11420
11421
11423
11426
11431
11435
11437
11439
11440
11441
11442
11443
11444
11446
11447
11451
11453
11454
11455
11456
11458
11459
11460
11461
11465
11466
11467
12020
12021
12022
12023
12024
12025
12028
12030
12031
12032
12034
12036
12041
12042
12043
12045
12047
12048
12049
12052
12053
12055
12059
12060
12061
12062
12065
12066
12067
12070
12071
12073
12074
12075
12077
12081
12082
12083
12084
12085
12088
12089
12090
12091
12092
12093
12094
12095
12096
12097
12098
12099
12100
12101
12102
12103
12104
12105
12106
12107
12108
12109
12111
12112
12113
12114
12115
12117
12118
12119
12120
12121
12122
12124
12125
12126
12128
12130
12131
12133
12134
12135
12137
12138
12139
12140
12141
12142
12143
12145
12146
12148
12149
12150
12151
12152
12153
12154
12155
12156
12157
12158
12159
12160
12161
12162
12163
12164
12165
12166
12167
12168
12169
12170
12171
12173
12174
12175
12177
12178
12179
12180
12181
12183
12184
12186
12187
12188
12189
12190
12193
12194
12196
12197
12199
12201
12202
12203
12204
12205
12207
12208
12211
12212
12213
12214
12216
12217
12219
12220
12221
12222
12223
12224
12225
12226
12227
12228
12229
12231
12232
12234
12235
12236
12237
12242
12243
12244
12246
12247
12248
12249
12250
12251
12252
12253
12254
12255
12256
12257
12258
12259
12260
12261
12262
12263
12264
12265
12266
12267
12269
12270
12271
12273
12274
12275
12276
12277
12278
12279
12280
12281
12282
12283
12284
12285
12286
12287
12288
12289
12291
12292
12293
12295
12296
12297
12298
12299
12301
12302
12303
12304
12305
12306
12307
12308
12309
12312
12313
12314
12315
12316
12318
12319
12320
12321
12322
12323
12324
12325
12326
12327
12329
12330
12331
12332
12333
12334
12335
12336
12339
12344
12346
12347
12348
12349
12350
12352
12356
12357
12358
12359
12360
12361
12364
12365
12367
12368
12370
12373
12374
12375
12379
12380
12381
12382
12383
12384
12385
12387
12388
12391
12392
12393
12395
12397
12398
12399
12401
12402
12403
12404
12405
12406
12407
12408
12409
12410
12412
12413
12414
12415
12416
12417
12418
12419
12420
12421
12422
12423
12424
12429
12430
12431
12434
12435
12438
12439
12440
12441
12442
12443
12447
12448
12449
12450
12451
12452
12453
12455
12456
12457
12458
12459
12460
12464
12466
12467
12468
12469
12470
12471
12472
12473
12474
12475
12476
12478
12480
12481
12482
13890
13891
13892
13893
13895
13896
13898
13899
13975
13976
13977
13984
13988
13992
13993
13997
13998
14000
14002
14005
14008
14011
14012
14013
14017
14018
14019
14020
14024
14025
14029
14033
14047
14049
14050
14054
14055
14057
14061
14062
14065
14067
14073
14077
14079
14080
14081
14082
14086
14087
14089
14091
14093
14100
14102
14103
14105
14106
14111
14112
14113
14114
14115
14116
14117
14118
14120
14121
14130
14131
14134
14137
14139
14141
14142
14143
14146
14148
14149
14204
14208
14214
14215
14221
14225
14226
14228
14229
14230
14243
14244
14245
14246
14248
14251
14252
14255
14256
14260
14263
14264
14265
14269
14270
14271
14273
14283
14289
14294
14299
14303
14306
14307
14310
14314
14318
14319
14320
14327
14333
14334
14335
14345
14349
14351
14360
14361
14363
14365
15152
15153
15155
15161
15162
15164
15166
15169
15171
15173
15176
15178
15179
15182
15183
15185
15187
15189
15191
15195
15199
15200
15201
15202
15203
15204
15205
15206
15207
15208
15209
15210
15211
15214
15215
15216
15218
15219
15220
15221
15222
15223
15225
15227
15228
15233
15234
15241
15244
15246
15247
15250
15251
15252
15255
15260
15262
15264
15266
15267
15268
15269
15270
15273
15275
15276
15277
15278
15279
15280
15283
15284
15285
15287
15289
15290
15292
15293
15294
15295
15296
15299
15300
15301
15302
15304
15308
15309
15310
15312
15313
15314
15316
15317
15318
15319
15321
15322
15324
15325
15326
15328
15332
15336
15337
15341
15344
15345
15346
15347
15348
15349
15350
15351
15353
15355
15356
15357
15358
15359
15360
15361
15362
15363
15364
15365
15366
15367
15368
15369
15370
15371
15374
15375
15376
15377
15381
15383
15384
15387
15389
15392
15394
15395
15396
15397
15398
15399
15401
15402
15404
15405
15406
15407
15408
15409
15410
15411
15412
15413
15414
15416
15417
15418
15419
15420
15421
15422
15424
15425
15426
15428
15431
15432
15434
15441
15448
15456
15457
15464
15468
15470
15471
15472
15473
15474
15475
15476
15477
15479
15480
15481
15485
15486
15488
15489
15491
15492
15493
15494
15495
15497
15499
15500
15501
15502
15503
15504
15505
15506
15507
15508
15509
15511
15512
15514
15515
15516
15517
15519
15522
15524
15525
15526
15527
15530
15534
15538
15539
15540
15543
15544
15548
15549
15550
15554
15555
15557
15559
15562
15563
15566
15583
15584
15585
15586
15587
15589
15590
15591
15592
15593
15594
15595
15596
15597
15598
16688
16689
16698
16701
16702
16703
17314
18089
18091
18092
18094
18099
18103
18107
18110
18111
18113
18115
18116
18117
18120
18121
18125
18126
18127
18129
18132
18134
18135
18136
18137
18138
18139
18140
18141
18142
18143
18144
18145
18146
18147
18148
18151
18152
18153
18154
18156
18157
18158
18159
18171
18172
18173
18174
18177
18178
18179
18180
18181
18185
18187
18188
18189
18199
18200
18202
18204
18207
18208
18211
18212
18213
18214
18216
18219
18222
18226
18228
18232
18234
18236
18238
18239
18240
18246
18248
18250
18251
18254
18259
18260
18270
18273
18275
18278
18279
18280
18281
18282
18283
18284
18286
18287
18288
18289
18290
18291
18292
18293
18295
18296
18297
18298
18300
18301
18302
18303
18304
18305
18306
18307
18310
18312
18313
18314
18315
18317
18318
18319
18321
18322
18323
18324
18326
18327
18328
18329
18331
18333
18334
18335
18336
18337
18338
18339
18341
18346
18347
18349
18350
18352
18353
18355
18356
18357
18358
18359
18360
18361
18363
18365
18366
18367
18373
18374
18376
18377
18382
18383
18384
18385
18387
18388
18392
18397
18399
18400
18401
18403
18404
18406
18407
18408
18413
18415
18416
18418
18419
18422
18423
18425
18426
18428
18429
18430
18431
18433
18435
18437
18438
18440
18442
18443
18445
18451
18452
18453
18454
18456
18457
18458
18459
18460
18465
18467
18469
18470
18471
18473
18474
18477
18478
18481
18482
18484
18486
18487
18490
18494
18495
18496
18499
19210
19816
19817
19818
19819
19820
19821
19822
19823
19825
19826
19827
19828
19829
19830
19831
19832
19835
19836
19837
19839
19840
19842
19843
19844
19845
19846
19849
19850
19852
19853
19854
19855
19856
19858
19859
19860
19861
19864
19865
19866
19867
19868
19869
19871
19872
19873
19874
19875
19876
19877
19878
19880
19881
19882
19883
19884
19885
19887
19888
19889
19890
19891
19892
19893
19894
19895
19896
19897
19898
19899
19900
19901
19902
19903
19905
19906
19907
19908
19909
19910
19911
19912
19913
19914
19915
19916
19917
19918
19919
19920
19923
19924
19925
19926
19927
19928
19930
19931
19932
19933
19938
19939
19940
19941
19942
19943
19944
19945
19946
19947
19948
19949
19950
19951
19952
19953
19954
19955
19956
19957
19958
19959
19960
19961
19962
19963
19964
19965
19966
19967
19968
19969
19971
19972
19973
19974
19976
19978
19980
19981
19982
19983
19984
19985
19986
19988
19989
19990
19991
19992
19993
19994
19996
19997
19999
20000
20001
20002
20006
20007
20008
20009
20010
20012
20013
20014
20015
20017
20018
20019
20021
20022
20023
20024
20025
20026
20028
20029
20030
20031
20032
20033
20034
20035
20036
20037
20038
20044
20045
20046
20047
20048
20049
20050
20051
20052
20053
20054
20055
20056
20058
20060
20061
20062
20063
20064
20065
20066
20067
20068
20069
20070
20072
20073
20074
20075
20076
20077
20078
20079
20080
20081
20082
20083
20084
20085
20086
20087
20088
20089
20090
20091
20092
20093
20094
20095
20096
20097
20098
20099
20100
20101
20102
20103
20104
20105
20106
20107
20108
20109
20110
20111
20112
20113
20114
20115
20116
20117
20118
20119
20120
20121
20122
20123
20124
20125
20126
20127
20128
20129
20130
20131
20133
20135
20136
20137
20138
20140
20142
20143
20144
20145
20146
20147
20148
20149
20152
20153
20156
20157
20158
20160
20161
20162
20163
20165
20166
20168
20171
20172
20173
20175
20176
20178
20180
20182
20183
20184
20185
20186
20187
20188
20190
20191
20192
20193
20194
20195
20196
20197
20198
20199
20200
20201
20202
20203
20204
20205
20206
20207
20209
20211
20212
20213
20214
20215
20216
20217
20218
20221
20222
20223
20224
20225
20226
20227
20228
20229
20230
20231
20232
20233
20234
20235
20236
20238
20239
20240
20242
20244
20245
20246
20247
20248
20250
20253
20254
20255
20256
20257
20259
20260
20261
20263
20264
20265
20267
20268
20269
20270
20271
20272
20273
20274
20275
20276
20277
20278
20281
20282
20283
20285
20286
20287
20288
20290
20291
20292
20293
20296
20297
20298
20299
20302
20303
20304
20963
21477
21479
21481
21482
21484
21487
21499
21505
21506
21507
21948
21949
21950
21956
21957
21958
21962
21964
21971
21972
21973
21974
21975
21976
21977
21978
21979
21980
21981
21985
21988
21989
21991
21992
21993
21994
21995
21996
22003
22004
22006
22007
22013
22014
22017
22018
22024
22028
22029
22030
22032
22034
22035
22039
22040
22043
22046
22050
22052
22054
22055
22057
22058
22060
22061
22062
22063
22064
22065
22066
22067
22068
22069
22070
22071
22072
22073
22074
22075
22076
22077
22078
22079
22080
22081
22082
22083
22085
22086
22087
22088
22089
22090
22091
22092
22093
22094
22095
22097
22098
22099
22100
22101
22102
22103
22105
22106
22107
22108
22109
22110
22111
22112
22114
22116
22117
22119
22120
22121
22122
22123
22125
22126
22127
22128
22129
22130
22131
22132
22133
22134
22135
22136
22137
22138
22139
22140
22141
22143
22144
22145
22148
22150
22151
22152
22153
22155
22158
22160
22161
22162
22163
22167
22168
22170
22171
22172
22173
22174
22180
22181
22182
22183
22184
22185
22186
22187
22188
22189
22190
22191
22192
22193
22194
22195
22200
22201
22202
22204
22206
22208
22211
22212
22214
22215
22217
22218
22219
22220
22221
22222
22226
22229
22230
22233
22235
22236
22240
22917
22918
22919
22929
22935
22940
22944
22945
22946
22947
22948
22949
22951
22952
22957
22958
22963
22964
22966
22971
22972
22973
22977
22981
22985
22989
22991
22993
22995
22998
22999
23000
23003
23004
23008
23010
23013
23014
23021
23022
23029
23032
23033
23034
23038
23039
23041
23043
23044
23046
23049
23053
23056
23058
23065
23066
23070
23071
23072
23074
23076
23077
23078
23080
23082
23089
23095
23096
23099
23100
23104
23106
23107
23108
23109
23110
23111
23112
23114
23115
23117
23119
23120
23121
23122
23123
23124
23125
23127
23130
23131
23134
23136
24575
24576
24577
24578
24580
24581
24582
24583
24584
24585
24586
24587
24588
24589
24590
24591
24654
24655
24656
24657
25315
25316
25615
25616
25617
25619
25620
26061
26063
26776
26781
27067
27069
27070
27076
27077
27078
27079
27080
27082
27085
27086
27087
27088
27089
27090
27092
27093
27094
27095
27097
27100
27101
27102
27103
27104
27105
27106
27108
27109
27110
27111
27112
27113
27114
27115
27116
27117
27118
27120
27123
27125
27126
27127
27128
27129
27130
27131
27133
27134
27135
27136
27139
27140
27141
27142
27143
27144
27146
27147
27149
27151
27152
27153
27154
27155
27156
27157
27158
27160
27162
27163
27165
27166
27167
27168
27169
27170
27171
27173
27174
27175
27176
27177
27178
27179
27181
27183
27184
27185
27186
27187
27188
27189
27192
27193
27197
27199
27202
27203
27205
27206
27207
27208
27210
27211
27213
27214
27215
27216
27217
27220
27221
27222
27223
27224
27225
27226
27227
27230
27231
27232
27233
27234
27239
27240
27241
27242
27243
27244
27245
27247
27248
27249
27250
27251
27253
27254
27255
27256
27257
27258
27259
27260
27262
27263
27264
27265
27266
27268
27269
27270
27271
27272
27273
27274
27275
27276
27277
27278
27279
27280
27281
27282
27284
27285
27286
27287
27288
27289
27291
27292
27293
27294
27295
27296
27297
27298
27299
27301
27302
27303
27304
27306
27307
27308
27309
27310
27312
27313
27314
27315
27316
27317
27318
27319
27320
27321
27323
27324
27325
27326
27327
27328
27329
27330
27332
27333
27334
27335
27337
27338
27340
27341
27342
27343
27345
27347
27348
27349
27351
27353
27355
27357
27358
27360
27362
27363
27364
27365
27366
27367
27368
27369
27370
27371
27372
27373
27374
27375
27382
27383
27386
27387
27388
27389
27390
27391
27392
27393
27394
27395
27396
27397
27398
27399
27400
27401
27402
27403
27404
27405
27406
27407
27414
27415
27416
27417
27418
27419
27420
27421
27422
27425
27427
27428
27429
27431
27432
27433
27434
27436
27440
27441
27444
27445
27446
27447
27449
27450
27453
27456
27459
27460
27461
27462
27464
27465
27467
28553
29527
29528
29569
29570
29571
29573
29574
29576
29577
29578
29582
29583
29584
29585
29590
29592
29594
29598
29599
29602
29603
29604
29605
29607
29610
29611
29612
29613
29614
29615
29616
29617
29618
29619
29620
29621
29623
29624
29625
29626
29628
29629
29631
29632
29633
29634
29635
29636
29637
29638
29639
29641
29642
29644
29645
29648
29650
29651
29652
29653
29655
29656
29657
29659
29660
29661
29662
29663
29664
29665
29666
29667
29670
29671
29672
29674
29676
29677
29678
29680
29685
29688
29690
29691
29692
29694
29695
29696
29698
29699
29700
29701
29702
29703
29704
29707
29708
29709
29711
29713
29714
29718
29719
29720
29721
29723
29724
29725
29726
29727
29728
29729
29730
29731
29733
29734
29736
29737
29738
29739
29740
29741
29742
29743
29744
29745
29747
29748
29749
29750
29751
29752
29753
29754
29755
29756
29757
29759
29760
29761
29762
29763
29764
29765
29766
29767
29768
29770
29771
29772
29773
29774
29775
29776
29778
29780
29781
29782
29783
29784
29786
29787
29788
29789
29791
29794
29797
29799
29800
29802
29803
29804
29807
29810
29811
29816
29818
29819
29820
29821
29825
29827
29829
29830
29834
29835
29836
29838
29839
29840
29842
29843
29844
29845
29846
29850
29851
29853
29854
29855
29857
29858
29861
29863
29864
29866
29867
29868
29869
29870
29871
29872
29874
29876
29877
29878
29879
29880
29881
29882
29883
29885
29888
30547
30549
30550
31263
31271
31272
31273
31275
31278
31280
31281
31282
31290
31293
31296
31298
31300
31302
31303
31304
31306
31307
31309
31310
31311
31318
31320
31322
31324
31325
31326
31328
31331
32006
32007
32009
32010
32011
32012
32014
32015
32016
32019
32975
32976
32978
32979
32981
32982
32983
32984
32985
32986
32987
32988
32989
32990
32991
32992
32993
32994
32996
32997
32998
33000
33003
33004
33005
33007
33009
33013
33014
33018
33023
33024
33025
33032
33034
33035
33036
33037
33038
33039
33040
33041
33042
33043
33044
33045
33046
33047
33048
33049
33050
33051
33053
33054
33055
33058
33059
33061
33062
33065
33066
33067
33068
33069
33070
33073
33074
33075
33076
33078
33079
33080
33081
33082
33085
33086
33087
33089
33090
33092
33094
33095
33096
33097
33099
33100
33101
33102
33103
33106
33107
33108
33109
33110
33112
33114
33115
33121
33122
33123
33124
33125
33127
33128
33129
33130
33131
33132
33133
33134
33135
33136
33137
33138
33139
33140
33142
33143
33144
33145
33148
33149
33150
33152
33153
33154
33156
33157
33158
33159
33160
33165
33168
33169
33170
33172
33173
33174
33175
33177
33180
33182
33184
33186
33187
33189
33192
33193
33194
33195
33196
33198
33199
33201
33202
33203
33205
33207
33213
33214
33215
33216
33217
33218
33219
33220
33223
33226
33227
33228
33229
33231
33232
33233
33235
33237
33238
33240
33241
33242
33244
33245
33248
33249
33250
33251
33252
33253
33254
33255
33257
33258
33261
33263
33266
33267
33268
33270
33271
33272
33273
33275
33276
33278
33279
33280
33281
33282
33284
33286
33287
33288
33289
33290
33291
33293
33295
33296
33297
33299
33300
33301
33303
33304
33306
33308
33309
33336
33337
33338
33339
33340
33341
33342
33343
33345
33347
33348
33349
33350
33352
33353
33354
33355
33356
33358
33360
33361
33363
33364
33365
33367
33370
33372
33374
33375
33376
33379
33380
33381
33382
33387
33388
33396
33397
33398
33400
33401
33402
33403
33404
33405
33406
33407
33408
33409
33410
33412
33413
33414
33415
33416
33418
33419
33420
33421
33422
33423
33424
33425
33428
33429
33430
33431
33432
33433
33435
33437
33438
33439
33441
33442
33443
33444
33445
33446
33447
33448
33452
33453
33454
33455
33457
33459
33461
33463
33465
33467
33468
33470
33472
33475
33480
33485
33487
33488
33489
33491
33492
33493
33494
33495
33496
33497
33498
33499
33500
33501
33503
33504
33505
33506
33507
33508
33509
33511
33512
33513
33515
33516
33518
33519
33520
33521
33522
33523
33524
33525
33527
33528
33531
33532
33534
33539
33540
33542
33543
33544
33545
33547
33548
33549
33551
33553
33554
33555
33556
33557
33558
33560
33562
33563
33566
33567
33569
33570
33571
33572
33574
33575
33576
33577
33578
33580
33581
33582
33583
33585
33586
33587
33588
33589
33592
33594
33595
33598
33600
33601
33602
33604
33606
33607
33610
33611
33612
33613
33615
33616
33617
33618
33619
33620
33622
33623
33626
33628
33629
33630
33631
33634
33635
33640
33642
33644
33645
33646
33647
33649
33650
33651
33654
33655
33656
33657
33658
33659
33660
33661
33662
33663
33665
33668
33669
33670
33671
33673
33675
33676
33678
33679
33680
33682
33683
33684
33685
33688
33692
33694
33696
33697
33698
33701
33841
33843
33847
33849
33853
33859
33861
33870
33876
33877
33878
33879
33880
33881
33884
33888
33892
33896
33900
33903
33905
33909
33913
33916
33918
33919
33922
33925
33929
33933
33934
33935
33945
33948
33958
33959
33960
33961
33963
33966
33974
33979
33980
33983
33989
33991
34785
34786
34787
34789
34791
34792
34793
34794
34795
34802
34803
34809
34810
34812
34819
34820
34824
34826
34828
34829
34830
34831
34832
34833
34834
34836
34837
34838
34839
34840
34841
34842
34844
34845
34846
34847
34848
34849
34850
34852
34853
34854
34855
34857
34858
34859
34860
34861
34863
34865
34868
34869
34870
34871
34874
34875
34876
34878
34880
34881
34882
34885
34886
34888
34893
34894
34896
34899
34900
34903
34905
34908
34909
34910
34911
34912
34913
34914
34915
34916
34917
34918
34919
34920
34922
34923
34924
34925
34926
34927
34928
34929
34930
34931
34932
34933
34934
34935
34936
34937
34938
34939
34940
34942
34943
34944
34945
34946
34948
34949
34950
34951
34952
34953
34956
34957
34958
34959
34960
34964
34967
34968
34969
34970
34973
34974
34976
34979
34980
34982
34983
34985
34987
34988
34992
34994
34995
34996
34999
35000
35001
35002
35003
35004
35006
35007
35009
35010
35012
35013
35014
35016
35018
35019
35022
35024
35025
35026
35027
35028
35029
35030
35031
35033
35034
35037
35038
35042
35043
35044
35045
35046
35047
35050
35051
35055
35056
35057
35059
35060
35066
35067
35072
35142
35551
35552
35553
35709
35710
35711
35712
35713
35714
35715
35716
35717
35718
35719
35720
35721
35722
35723
35724
35725
35726
35727
35728
35729
35730
35731
35732
35733
35734
35735
35736
35737
35738
35740
35741
35743
35744
35745
35746
35748
35749
35750
35752
35753
35754
35755
35756
35757
35758
35760
35761
35762
35763
35764
35768
35771
35772
35774
35775
35777
35778
35779
35780
35781
35784
35789
35790
35791
35792
35794
35796
35798
35799
35801
35802
35803
35805
35806
35807
35809
35810
35812
35814
35815
35817
35818
35819
35820
35821
35822
35823
35825
35828
35830
35833
35839
35841
35843
35848
35849
35850
35851
35852
35853
35854
35855
35856
35857
35858
35859
35860
35861
35862
35864
35865
35866
35867
35868
35869
35871
35872
35873
35875
35876
35877
35878
35879
35882
35883
35884
35885
35886
35887
35888
35889
35890
35891
35892
35893
35894
35895
35896
35897
35898
35899
35900
35901
35902
35903
35904
35905
35908
35909
35910
35911
35912
35913
35914
35915
35916
35917
35918
35919
35920
35921
35922
35923
35924
35925
35926
35927
35929
35930
35931
35932
35933
35934
35935
35936
35937
35939
35940
35941
35942
35944
35945
35947
35949
35952
35953
35954
35955
35956
35957
35958
35959
35960
35961
35962
35963
35965
35966
35968
35969
35970
35972
35974
35978
35980
35982
35983
35984
35985
35986
35988
35992
35994
35995
35996
35997
35998
36000
36002
36003
36004
36005
36007
36008
36010
36014
36016
36019
36022
36024
36025
36026
36028
36029
36030
36033
36034
36038
36039
36040
36041
36042
36043
36044
36045
36046
36047
36048
36049
36050
36051
36052
36053
36054
36055
36056
36057
36058
36059
36060
36061
36062
36063
36064
36065
36066
36067
36068
36069
36070
36071
36072
36073
36074
36075
36076
36077
36078
36079
36080
36081
36082
36083
36084
36085
36086
36087
36088
36089
36090
36091
36092
36093
36094
36095
36096
36097
36098
36100
36101
36102
36103
36104
36105
36107
36108
36109
36110
36111
36112
36113
36114
36115
36116
36117
36118
36119
36120
36121
36122
36123
36124
36125
36126
36127
36128
36129
36130
36131
36132
36133
36134
36135
36136
36137
36138
36139
36140
36141
36142
36143
36144
36145
36147
36148
36149
36150
36151
36152
36153
36154
36155
36156
36157
36159
36160
36161
36162
36163
36164
36165
36167
36168
36170
36172
36173
36174
36175
36176
36178
36179
36180
36181
36182
36183
36184
36186
36187
36188
36190
36191
36192
36193
36194
36195
36196
36197
36198
36199
36200
36201
36202
36203
36204
36205
36206
36207
36208
36209
36210
36211
36212
36213
36214
36218
36219
36220
36221
36222
36224
36225
36226
36228
36230
36231
36233
36234
36235
36236
36239
36240
36241
36242
36243
36245
36246
36247
36248
36249
36250
36251
36252
36253
36254
36255
36256
36257
36258
36259
36260
36261
36262
36263
36264
36265
36266
36267
36268
36269
36270
36271
36272
36273
36274
36275
36276
36277
36278
36279
36280
36281
36282
36283
36284
36285
36287
36291
36292
36293
36294
36295
36296
36297
36298
36299
36300
36301
36302
36303
36304
36305
36306
36307
36308
36309
36310
36311
36312
36313
36314
36316
36317
36318
36319
36320
36321
36322
36323
36324
36326
36328
36329
36331
36332
36334
36335
36336
36338
36341
36342
36343
36346
36348
36349
36350
36354
36355
36356
36357
36358
36360
36362
36363
36364
36365
36366
36367
36368
36369
36370
36372
36375
36377
36378
36379
36380
36381
36382
36383
36384
36385
36386
36387
36388
36389
36390
36392
36393
36394
36395
36396
36397
36399
36400
36401
36402
36404
36405
36406
36407
36409
36411
36414
36416
36417
36424
36425
36426
36430
36431
36433
36436
36441
36444
36910
36913
36914
36915
36916
36943
36944
36945
36946
36947
36948
36949
36950
36951
36952
36961
36963
37807
37810
37811
37813
37879
37881
37883
37884
37888
37895
37909
37914
37915
37918
37921
37924
37926
37929
37933
37934
37936
37939
37945
37951
37953
37956
37958
37962
37963
37965
37966
37967
37968
37970
37971
37972
37973
37976
37977
37978
37979
37980
37982
37984
37985
37987
37989
37992
37994
37996
37999
38000
38001
38004
38021
38023
38025
38026
38030
38031
38032
38033
38034
38035
38036
38037
38038
38040
38041
38042
38043
38047
38049
38055
38059
38061
38064
38070
38076
38098
38104
38107
38113
38114
38117
38120
38122
38125
38126
38128
38131
38132
38133
38134
38136
38137
38138
38140
38142
38146
38148
38149
38150
38151
38154
38155
38157
38158
38164
38167
38170
38172
38177
38183
38186
38189
38191
38196
38198
38200
38204
38205
38206
38207
38208
38210
38211
38213
38214
38215
38216
38218
38220
38222
38223
38225
38229
38232
38233
38234
38235
38236
38237
38238
38239
38240
38243
38248
38249
38252
38253
38256
38258
38259
38262
38263
38264
38266
38271
38273
38274
38275
38277
38278
38280
38281
38282
38283
38284
38285
38286
38287
38289
38291
38294
38295
38301
38303
38307
38308
38309
38310
38311
38312
38313
38316
38320
38327
38328
38331
38332
38336
38337
38338
38339
38342
38349
38352
39145
39146
39147
39148
39149
39150
39151
39152
39155
39156
39157
39158
39159
39160
39161
39162
39163
39164
39166
39167
39168
39169
39173
39178
39181
39182
39183
39185
39187
39188
39191
39192
39193
39194
39195
39197
39198
39199
39200
39201
39202
39203
39204
39205
39206
39207
39208
39209
39210
39211
39212
39213
39214
39216
39219
39221
39222
39223
39224
39226
39227
39228
39229
39232
39233
39234
39236
39237
39238
39239
39240
39242
39243
39247
39248
39250
39251
39252
39253
39255
39256
39257
39258
39260
39261
39262
39263
39264
39265
39266
39269
39270
39271
39272
39273
39274
39275
39277
39283
39284
39286
39289
39291
39293
39295
39296
39297
39298
39299
39300
39301
39302
39304
39305
39306
39307
39308
39309
39310
39311
39312
39313
39315
39316
39319
39320
39321
39322
39323
39324
39327
39328
39329
39330
39331
39333
39334
39336
39338
39340
39341
39342
39343
39344
39347
39348
39349
39350
39351
39352
39353
39354
39355
39356
39357
39358
39360
39362
39363
39364
39366
39368
39370
39373
39374
39375
39376
39378
39380
39381
39382
39383
39386
39387
39388
39389
39390
39392
39396
39397
39398
39406
39408
39409
39410
39412
39413
39414
39416
39417
39420
39421
39422
39423
39424
39425
39426
39427
39428
39429
39430
39432
39433
39434
39435
39436
39437
39438
39439
39440
39441
39442
39443
39444
39446
39447
39448
39451
39452
39453
39454
39456
39458
39459
39461
39463
39465
39468
39472
39473
39474
39475
39476
39478
39479
39480
39481
39482
39483
39484
39485
39492
39495
40095
40096
40097
40098
40099
40100
40101
40102
40103
40104
40106
40107
40108
40109
40110
40111
40112
40113
40114
40115
40116
40118
40119
40124
40127
40128
40129
40134
40135
40136
40137
40139
40140
40142
40146
40148
40154
40157
40161
40162
40163
40164
40165
40166
40167
40168
40169
40170
40171
40172
40173
40174
40175
40176
40177
40178
40179
40181
40182
40183
40184
40185
40186
40187
40188
40189
40190
40191
40192
40193
40194
40195
40196
40197
40199
40200
40201
40202
40203
40204
40205
40206
40207
40210
40211
40212
40213
40214
40215
40216
40218
40219
40220
40221
40222
40223
40225
40228
40229
40230
40232
40239
40240
40243
40244
40245
40246
40247
40250
40251
40252
40253
40254
40255
40257
40260
40261
40262
40263
40264
40268
40272
40274
40275
40278
40279
40284
40289
40295
40297
40299
40300
40301
40302
40304
40305
40306
40307
40308
40309
40310
40311
40312
40313
40314
40315
40316
40317
40318
40319
40320
40321
40322
40323
40324
40325
40326
40327
40328
40329
40330
40331
40332
40333
40334
40335
40336
40337
40338
40339
40340
40341
40343
40344
40345
40348
40349
40350
40351
40352
40353
40354
40356
40357
40358
40359
40360
40361
40362
40363
40364
40365
40366
40367
40368
40369
40370
40371
40372
40373
40374
40376
40377
40378
40381
40382
40385
40387
40389
40390
40391
40392
40395
40396
40398
40400
40403
40404
40407
40409
40411
40412
40413
40416
40417
40419
40420
40422
40423
40424
40426
40428
40431
40433
40434
40435
40437
40439
40441
40442
40443
40444
40445
40446
40449
40450
40451
40452
40454
40455
40456
40457
40458
40460
40461
40462
40463
40464
40465
40466
40467
40468
40469
40470
40472
40473
40474
40475
40476
40479
40480
40481
40483
40484
40485
40486
40487
40488
40489
40490
40493
40494
40495
40498
40499
40501
40502
40503
40504
40505
40509
40510
40514
40515
40516
40517
40518
40519
40521
40522
40523
40524
40525
40528
40530
40534
40542
40545
40546
40548
40549
40550
40551
40555
40556
40560
41205
43482
43483
43484
43485
43486
43488
43491
43492
43493
43494
43498
43503
43504
43505
43506
43507
43508
43515
43516
43517
43518
43520
43522
43523
43525
43526
43527
43528
43529
43530
43531
43534
43535
43536
43537
43540
43542
43543
43544
43545
43546
43549
43551
43557
43558
43561
43563
43565
43566
43571
43572
43574
43581
43582
43584
43585
43586
43587
43591
43593
43595
43602
43604
43605
43606
43607
43608
43609
43610
43611
43612
43613
43614
43617
43618
43624
43626
43629
43631
43633
43642
43649
43650
43652
43656
43660
43662
43664
43666
43668
43671
43672
43673
43674
43676
43680
43682
43683
43684
43685
43686
43687
43688
43689
43690
43694
43695
43696
43697
43698
44475
44477
44481
44491
44492
44494
44520
44521
44522
44523
44524
44525
44526
44528
44530
44531
44532
44533
44534
44535
44537
44538
44540
44541
44547
44548
44549
44550
44552
44553
44554
44555
44556
44557
44559
44560
44561
44562
44563
44564
44565
44566
44567
44568
44570
44571
44572
44574
44576
44577
44578
44579
44580
44581
44582
44584
44585
44586
44587
44588
44590
44591
44592
44593
44594
44595
44596
44597
44599
44600
44601
44602
44603
44605
44606
44609
44613
44615
44617
44618
44619
44620
44621
44622
44623
44624
44625
44626
44627
44628
44629
44630
44631
44633
44634
44636
44637
44638
44639
44640
44641
44642
44643
44644
44645
44646
44647
44648
44650
44651
44652
44653
44654
44657
44658
44659
44661
44662
44663
44664
44665
44666
44667
44669
44671
44672
44673
44674
44675
44676
44680
44681
44683
44686
44687
44692
44695
44696
44697
44700
44704
44705
44706
44707
44708
44709
44710
44711
44713
44714
44716
44720
44722
44724
44725
44726
44727
44728
44731
44732
44734
44735
44736
44737
44738
44739
44740
44742
44744
44745
44746
44747
44748
44749
44750
44751
44752
44753
44754
44755
44756
44757
44758
44766
44767
44769
44794
46095
46096
46097
46098
46099
46100
46101
46102
46103
46104
46105
46984
46985
46986
46988
46989
46990
46991
46992
46993
46995
46996
46997
46998
46999
47000
47001
47002
47004
47005
47007
47008
47009
47011
47012
47013
47015
47017
47019
47020
47021
47022
47025
47026
47028
47030
47033
47036
47037
47038
47040
47041
47042
47043
47044
47045
47047
47048
47050
47051
47053
47056
47057
47059
47062
47063
47064
47074
47075
47076
47078
47086
47096
47099
47102
47103
47104
47105
47106
47107
47108
47109
47110
47111
47112
47113
47114
47115
47116
47117
47118
47120
47123
47124
47126
47127
47128
47129
47130
47131
47134
47135
47137
47138
47139
47140
47141
47142
47143
47144
47146
47147
47148
47149
47153
47154
47155
47159
47162
47163
47165
47166
47170
47171
47175
47177
47178
47181
47183
47184
47186
47187
47188
47189
47190
47191
47192
47194
47201
47203
47204
47205
47206
47207
47208
47209
47210
47211
47212
47213
47214
47215
47216
47217
47218
47219
47220
47222
47223
47224
47226
47227
47228
47229
47230
47231
47233
47236
47238
47240
47242
47244
47247
47248
47249
47251
47253
47254
47255
47258
47259
47262
47263
47264
47267
47268
47273
47276
47277
47278
47279
47281
47283
47284
47286
47287
47288
47289
47312
47314
47315
47316
47317
47318
47319
47320
47321
47322
47323
47324
47325
47326
47327
47329
47330
47331
47332
47334
47335
47336
47337
47340
47342
47344
47346
47349
47352
47356
47358
47360
47364
47365
47366
47368
47369
47371
47372
47374
47375
47376
47377
47378
47380
47382
47387
47391
47392
47396
47397
47399
47400
47404
47407
47419
47420
47424
47430
47431
47433
47435
47436
47438
47439
47440
47442
47443
47445
47446
47447
47448
47449
47450
47451
47452
47453
47454
47455
47456
47457
47458
47459
47460
47463
47464
47470
47471
47472
47474
47475
47476
47477
47478
47479
47481
47483
47484
47486
47487
47488
47489
47490
47491
47493
47501
47505
47506
47507
47508
47511
47512
47517
47518
47519
47521
47522
47528
47531
47533
47541
47542
47544
47545
47546
47547
47549
47550
47551
47554
47558
47560
47561
47562
47563
47564
47566
47567
47569
47570
47571
47573
47574
47575
47577
47581
47582
47585
47586
47588
47589
47590
47591
47592
47593
47594
47595
47596
47597
47598
47599
47600
47601
47602
47603
47606
47607
47609
47614
47615
47617
47619
47622
47624
47626
47628
47629
47630
47632
47634
47635
47637
47639
47640
47642
47645
47780
47782
47783
47789
47790
47794
47795
47797
47798
47800
47801
47802
47810
47816
47819
47829
47830
47837
47840
47841
47842
47845
47846
47847
47849
47851
47852
47854
47856
47861
47862
47863
47864
47868
47869
47871
47880
47881
47883
47885
47889
47892
47896
47902
47907
47908
47910
47918
47920
47923
47927
47929
47931
47936
47937
47938
47941
47942
47943
47945
47947
48649
48651
48653
48654
48655
48657
48659
48660
48662
48663
48664
48665
48666
48667
48668
48670
48671
48672
48674
48675
48685
48686
48687
48691
48692
48694
48695
48696
48697
48698
48699
48700
48703
48705
48706
48707
48709
48711
48715
48716
48717
48718
48720
48721
48723
48724
48726
48728
48730
48731
48749
48751
48753
48754
48755
48756
48758
48760
48762
48763
48764
48765
48766
48767
48768
48769
48771
48772
48774
48776
48778
48779
48780
48781
48783
48784
48790
48791
48792
48793
48794
48795
48797
48798
48799
48800
48801
48802
48804
48805
48806
48807
48808
48810
48811
48813
48814
48815
48816
48817
48819
48820
48821
48823
48824
48826
48828
48830
48833
48834
48835
48839
48842
48844
48845
48847
48848
48850
48851
48853
48855
48862
48863
48864
48865
48866
48867
48868
48869
48871
48872
48873
48874
48875
48876
48877
48878
48879
48880
48881
48883
48885
48888
48889
48892
48894
48895
48896
48898
48902
48906
48908
48909
48911
48914
48921
48922
48926
48927
48931
48932
48934
48935
48936
48937
48938
48939
48940
48941
48943
48946
48947
48948
48949
48951
48953
48954
48955
48956
48957
48958
48959
48963
48964
48965
48968
48969
49017
49018
49019
49020
49022
49023
49024
49025
49615
49617
49618
49619
49620
49621
49622
49623
49624
49625
49626
49627
49628
49629
49630
49631
49632
49633
49634
49635
49637
49638
49639
49640
49641
49642
49643
49644
49645
49646
49647
49648
49649
49650
49652
49653
49654
49655
49656
49657
49658
49659
49660
49661
49662
49663
49664
49665
49666
49667
49670
49671
49673
49675
49676
49677
49678
49679
49680
49681
49683
49684
49685
49686
49687
49689
49690
49691
49693
49694
49697
49699
49702
49703
49704
49705
49706
49707
49708
49709
49710
49711
49712
49713
49714
49715
49716
49717
49718
49719
49720
49721
49722
49723
49724
49726
49728
49730
49731
49732
49733
49734
49735
49736
49737
49738
49739
49740
49742
49744
49745
49747
49749
49750
49751
49752
49753
49754
49756
49757
49758
49759
49761
49762
49763
49764
49765
49767
49768
49773
49775
49777
49778
49780
49781
49784
49786
49787
49788
49789
49790
49794
49795
49796
49798
49801
49802
49803
49804
49805
49812
49815
49816
49818
49819
49820
49821
49823
49824
49826
49831
49833
49834
49835
49836
49838
49839
49840
49841
49842
49843
49844
49845
49846
49847
49848
49849
49850
49851
49852
49853
49854
49855
49856
49857
49858
49859
49860
49861
49862
49863
49864
49865
49866
49867
49868
49869
49870
49871
49872
49873
49874
49875
49876
49877
49878
49880
49881
49882
49883
49885
49886
49890
49893
49894
49896
49897
49898
49899
49900
49901
49902
49903
49904
49905
49906
49907
49908
49909
49910
49911
49913
49914
49915
49916
49917
49918
49919
49920
49921
49922
49923
49924
49925
49926
49928
49929
49931
49932
49933
49934
49935
49936
49937
49938
49940
49941
49942
49943
49944
49945
49946
49947
49948
49949
49950
49951
49952
49953
49954
49956
49957
49958
49960
49962
49964
49965
49966
49967
49968
49969
49971
49972
49973
49974
49975
49976
49983
49984
49985
49986
49987
49988
49990
49991
49993
49994
49995
49997
49998
49999
50000
50001
50002
50003
50005
50006
50008
50013
50014
50015
50016
50017
50018
50020
50021
50022
50024
50025
50027
50028
50029
50033
50034
50035
50036
50038
50039
50040
50043
50044
50046
50047
50048
50049
50051
50053
50055
50056
50057
50058
50059
50060
50061
50062
50063
50064
50065
50066
50067
50068
50069
50070
50071
50072
50073
50074
50075
50076
50077
50078
50079
50080
50081
50082
50083
50084
50085
50086
50088
50089
50090
50091
50092
50093
50094
50095
50096
50097
50098
50099
50100
50101
50102
50103
50104
50105
50107
50108
50109
50110
50111
50112
50113
50114
50115
50116
50117
50119
50120
50121
50122
50124
50126
50127
50128
50129
50130
50131
50132
50134
50136
50141
50144
50145
50149
50150
50153
50154
50155
50156
50159
50160
50161
50162
50163
50166
50167
50168
50169
50170
50171
50172
50174
50175
50176
50177
50178
50179
50181
50182
50183
50187
50188
50189
50190
50191
50192
50195
50196
50198
50199
50200
50201
50202
50203
50204
50205
50206
50207
50208
50209
50210
50211
50212
50213
50214
50215
50216
50217
50218
50220
50221
50222
50223
50226
50227
50228
50230
50232
50234
50235
50236
50238
50239
50240
50241
50242
50243
50244
50245
50246
50247
50248
50249
50250
50251
50252
50253
50254
50255
50256
50257
50258
50259
50260
50261
50262
50263
50264
50265
50266
50267
50268
50269
50270
50271
50272
50273
50274
50275
50278
50279
50281
50282
50283
50284
50285
50286
50287
50289
50290
50291
50292
50293
50294
50301
50307
50309
50310
50312
50314
50316
50317
50324
50325
50327
50330
50828
50829
50830
50831
50836
50837
50839
50866
50867
50868
50870
50875
50881
50882
50890
50892
51700
51701
51705
51776
51777
51779
51782
51783
51786
51787
51790
51794
51798
51803
51812
51815
51816
51821
51822
51825
51826
51839
51844
51846
51847
51849
51853
51854
51857
51864
51870
51872
51884
51886
51889
51890
51894
51895
51896
51903
51905
51906
51907
51910
51911
51914
51916
51918
51919
51920
51925
51927
51931
51935
51936
51940
51941
51946
51951
51954
51958
51960
51964
51965
51966
51982
51984
51987
51992
51995
51997
51999
52000
52001
52002
52004
52007
52008
52010
52013
52014
52015
52016
52022
52023
52024
52026
52037
52042
52049
52060
52061
52062
52063
52064
52066
52067
52069
52071
52072
52074
52075
52076
52077
52079
52083
52087
52089
52093
52094
52095
52098
52100
52105
52108
52110
52113
52118
52120
52125
52131
52132
52133
52137
52140
52144
52145
52147
52151
52153
52157
52158
52161
52162
52164
52166
52168
52171
52173
52177
52183
52184
52188
52189
52194
52196
52197
52954
52955
52956
52957
52958
52959
52961
52962
52963
52964
52965
52966
52967
52968
52969
52970
52971
52972
52974
52975
52976
52977
52978
52979
52980
52981
52982
52983
52984
52985
52987
52989
52991
52992
52993
52994
52995
52996
52998
52999
53001
53004
53005
53006
53007
53008
53009
53011
53012
53017
53019
53020
53021
53022
53023
53024
53025
53027
53028
53030
53031
53033
53034
53035
53036
53037
53038
53039
53040
53041
53044
53045
53048
53049
53050
53052
53054
53056
53060
53061
53062
53063
53065
53067
53070
53071
53076
53083
53086
53091
53093
53094
53095
53096
53098
53099
53100
53103
53105
53106
53107
53109
53110
53111
53112
53113
53114
53115
53116
53117
53119
53120
53121
53123
53124
53125
53126
53127
53129
53130
53131
53132
53133
53135
53140
53141
53142
53143
53144
53145
53146
53147
53148
53149
53151
53152
53153
53154
53155
53156
53157
53158
53161
53162
53163
53166
53167
53169
53171
53172
53173
53174
53175
53178
53180
53181
53182
53185
53186
53188
53189
53190
53191
53192
53193
53195
53196
53199
53200
53201
53202
53203
53204
53211
53213
53215
53216
53217
53218
53219
53221
53222
53223
53224
53225
53226
53227
53228
53229
53230
53231
53232
53233
53235
53236
53237
53238
53242
53243
53244
53245
53246
53247
53248
53249
53250
53251
53252
53253
53254
53255
53256
53258
53262
53264
53265
53266
53267
53268
53269
53270
53271
53272
53274
53275
53277
53278
53280
53281
53283
53285
53286
53287
53288
53289
53292
53293
53294
53295
53298
53300
53301
53303
53304
53306
53310
53311
53312
53314
53316
53317
53319
53320
53322
53323
53324
53325
53329
53889
53890
53892
53893
53894
53895
53896
53897
53898
53899
53900
53902
53903
53905
53906
53907
53908
53910
53911
53912
53913
53914
53915
53917
53918
53919
53920
53921
53922
53923
53924
53925
53926
53927
53928
53929
53931
53932
53933
53934
53935
53936
53938
53939
53940
53941
53942
53943
53944
53945
53946
53947
53948
53949
53952
53954
53958
53961
53962
53963
53964
53968
53969
53970
53971
53972
53973
53974
53975
53977
53978
53979
53980
53981
53982
53984
53985
53986
53987
53988
53989
53990
53992
53993
53994
53995
53998
54000
54002
54003
54004
54007
54009
54011
54012
54013
54014
54016
54018
54020
54021
54023
54024
54026
54029
54036
54038
54040
54042
54044
54045
54048
54049
54050
54051
54052
54054
54055
54057
54060
54061
54062
54063
54064
54065
54066
54067
54068
54069
54070
54071
54072
54073
54074
54075
54076
54077
54078
54079
54081
54082
54083
54085
54086
54087
54088
54090
54092
54094
54095
54096
54098
54099
54101
54102
54103
54104
54105
54106
54108
54109
54110
54111
54112
54114
54115
54117
54119
54122
54123
54124
54125
54126
54127
54128
54131
54132
54133
54134
54136
54139
54141
54144
54148
54150
54151
54153
54154
54155
54156
54157
54158
54159
54160
54161
54162
54163
54165
54167
54170
54173
54175
54176
54177
54178
54179
54181
54183
54184
54185
54186
54189
54191
54193
54195
54197
54199
54203
54209
54210
54211
54212
54213
54214
54215
54216
54217
54219
54220
54221
54222
54223
54224
54225
54226
54227
54229
54231
54233
54234
54236
54237
54239
54241
54242
54243
54244
54245
54246
54247
54249
54250
54252
54255
54256
54257
54259
54260
54263
54264
54265
54277
54279
54281
54283
54284
54285
54287
54289
54291
54292
54293
54294
54296
54297
54298
54300
54301
54302
54305
54306
54309
54310
54311
54312
54313
54314
54317
54318
54323
54325
54326
54327
54329
54330
54332
54333
54335
54336
54337
54338
54340
54343
54344
54346
54348
54350
54355
54357
54359
54362
54983
55166
55858
57099
57101
57102
57104
57105
57110
57112
57113
57115
57116
57117
57120
57122
57124
57126
57131
57135
57137
57138
57139
57140
57141
57142
57144
57146
57147
57148
57149
57154
57156
57157
57161
57162
57163
57165
57183
57193
57194
57195
57196
57199
57200
57202
57206
57207
57209
57210
57212
57214
57217
57218
57223
57224
57226
57227
57228
57231
57235
57237
57238
57240
57241
57242
57251
57253
57257
57258
57261
57262
57263
57268
57270
57272
57275
57276
57283
57284
57285
57287
57288
57292
57295
57297
57298
57300
57301
57302
57310
57311
57313
57318
57320
57321
57322
57323
58038
58041
58042
58043
58044
58046
58048
58063
58064
58067
58087
58088
58091
58092
58093
58094
58095
58096
58097
58098
58102
58104
58106
58107
58110
58111
58113
58114
58115
58116
58117
58118
58119
58120
58126
58127
58128
58130
58133
58134
58135
58136
58137
58139
58140
58142
58143
58147
58150
58153
58154
58156
58158
58159
58160
58166
58169
58171
58174
58175
58176
58177
58178
58179
58181
58184
58186
58188
58190
58191
58194
58196
58197
58200
58201
58203
58204
58205
58206
58207
58209
58212
58214
58215
58216
58217
58218
58219
58220
58223
58224
58227
58229
58231
58234
58245
58246
58250
58251
58252
58257
58258
58262
58263
58265
58266
58268
58269
58270
58271
58272
58273
58274
58275
58276
58280
58281
58282
58288
58289
58290
58291
58292
58293
58294
58300
58301
58303
58304
58305
58307
58308
58309
58311
58312
58313
58317
58323
58324
58331
58334
58335
58336
58337
58341
58921
58953
58954
58955
58956
58957
58958
58959
58960
58961
58962
58963
58964
58965
58966
58968
58969
58970
58971
58972
58974
58975
58977
58979
58981
58982
58984
58986
58987
58989
58990
58992
58993
58994
58999
59000
59002
59005
59006
59008
59010
59012
59013
59014
59017
59018
59020
59021
59022
59023
59024
59025
59026
59027
59028
59030
59034
59035
59037
59038
59042
59045
59046
59048
59049
59050
59051
59052
59053
59054
59055
59056
59057
59058
59059
59061
59062
59063
59064
59065
59066
59067
59068
59072
59073
59074
59075
59076
59077
59078
59079
59080
59081
59083
59084
59085
59086
59087
59088
59089
59090
59091
59092
59093
59094
59095
59096
59098
59099
59100
59101
59102
59103
59104
59105
59106
59107
59108
59109
59111
59112
59114
59117
59118
59119
59121
59123
59124
59125
59126
59128
59129
59130
59131
59132
59133
59135
59136
59137
59140
59144
59145
59146
59147
59149
59150
59152
59153
59154
59155
59157
59158
59159
59161
59162
59165
59169
59170
59171
59172
59173
59174
59175
59176
59177
59178
59179
59182
59183
59184
59185
59186
59187
59188
59189
59190
59191
59192
59193
59195
59196
59197
59198
59199
59200
59202
59203
59204
59205
59206
59208
59209
59210
59211
59212
59213
59214
59215
59216
59218
59219
59221
59222
59223
59224
59225
59226
59227
59228
59229
59231
59232
59233
59234
59235
59238
59239
59240
59241
59242
59245
59246
59247
59248
59249
59251
59252
59253
59254
59255
59258
59259
59261
59262
59263
59264
59265
59266
59268
59269
59271
59272
59273
59275
59276
59277
59278
59279
59280
59281
59282
59283
59284
59285
59286
59288
59289
59291
59292
59293
59295
59296
59298
59300
59302
59303
59304
59305
59306
59307
59308
59309
59310
59311
59312
59314
59315
59316
59317
59318
59319
59320
59321
59325
59326
59327
59328
59329
59330
59331
59332
59333
59334
59335
59336
59337
59338
59339
59340
59341
59342
59346
59349
59350
59352
59356
59360
59361
59362
59365
59366
59367
59368
59369
59370
59372
59373
59375
59377
59379
59380
59381
59382
59389
59391
59957
59959
59961
59962
60414
60418
60419
60420
60421
60426
60427
60428
60434
60436
60440
60820
60821
60822
60823
60824
60826
60827
60829
60830
60831
60832
60833
60834
60836
60838
60839
60842
60843
60844
60845
60846
60847
60848
60849
60851
60852
60853
60854
60855
60856
60860
60862
60868
60869
60871
60872
60877
60878
60879
60880
60881
60882
60883
60884
60885
60886
60887
60888
60892
60893
60896
60898
60899
60900
60901
60903
60904
60906
60907
60908
60910
60911
60912
60914
60915
60917
60918
60919
60920
60923
60924
60927
60928
60930
60937
60938
60939
60940
60941
60942
60946
60947
60948
60950
60951
60952
60953
60954
60955
60956
60957
60958
60959
60961
60962
60963
60964
60965
60966
60967
60968
60969
60970
60971
60972
60973
60974
60975
60976
60977
60978
60980
60982
60983
60984
60986
60989
60990
60993
60995
60998
61001
61004
61005
61006
61009
61011
61012
61013
61015
61017
61018
61019
61020
61021
61022
61023
61024
61025
61026
61032
61034
61036
61037
61039
61041
61045
61047
61048
61052
61053
61054
61055
61056
61061
61716
61717
61719
61720
61725
61731
61737
61749
61754
61755
61756
61758
61764
61774
61775
61776
61777
61797
61800
61804
61805
61807
61808
61809
61812
61813
61815
61819
61821
61827
61838
61842
61843
61844
61846
61859
61861
61865
61866
61868
61871
61876
61878
61881
61889
61891
61894
61896
61897
63135
63136
63138
63139
63140
63141
63142
63143
63144
63147
63148
63204
63205
64044
64066
65247
65248
65250
65251
65252
65254
65256
65257
65258
65262
65264
65266
65267
65268
65270
65271
65272
65273
65274
65275
65276
65277
65278
65279
65280
65281
65282
65283
65285
65287
65288
65291
65293
65295
65296
65299
65300
65301
65303
65305
65311
65312
65314
65316
65322
65323
65324
65325
65326
65327
65328
65329
65330
65331
65332
65333
65336
65337
65340
65341
65342
65343
65344
65346
65347
65348
65349
65350
65351
65352
65355
65356
65357
65359
65360
65361
65362
65363
65364
65365
65366
65367
65369
65370
65373
65374
65376
65377
65379
65381
65382
65383
65384
65385
65387
65389
65390
65391
65392
65393
65395
65396
65397
65398
65400
65402
65403
65409
65410
65412
65414
65415
65416
65417
65418
65419
65420
65423
65424
65425
65426
65427
65428
65429
65430
65431
65432
65433
65434
65435
65437
65438
65439
65440
65441
65443
65444
65445
65446
65448
65449
65453
65454
65455
65456
65457
65459
65460
65461
65463
65464
65465
65467
65469
65470
65471
65476
65478
65479
65480
65481
65482
65483
65486
65489
65491
65492
65493
65494
65496
65500
65502
65503
65505
65509
65510
65514
65515
65516
65517
65518
65520
65522
65523
65524
65526
65527
65529
65530
65531
65534
65535
65536
65538
65539
65542
65543
65544
65545
65546
65548
65549
65550
65551
65552
65553
65554
65555
65556
65557
65558
65559
65560
65561
65562
65563
65564
65565
65566
65568
65569
65570
65571
65573
65574
65577
65578
65580
65582
65584
65586
65587
65588
65591
65593
66604
67434
67435
67437
67438
67439
67440
67441
67442
67443
67444
67447
67448
67449
67451
67454
67455
67457
67458
67460
67463
67466
67467
67468
67469
67470
67471
67472
67475
67476
67478
67480
67481
67482
67483
67484
67485
67487
67488
67489
67490
67493
67494
67495
67496
67497
67498
67499
67500
67501
67502
67503
67504
67506
67507
67508
67511
67512
67513
67514
67515
67516
67521
67522
67523
67524
67526
67527
67528
67529
67530
67532
67533
67534
67536
67538
67539
67540
67541
67542
67545
67546
67547
67548
67549
67550
67551
67552
67553
67554
67555
67556
67557
67558
67561
67562
67563
67564
67565
67566
67567
67569
67572
67573
67574
67575
67576
67577
67578
67581
67582
67585
67586
67587
67588
67589
67590
67592
67593
67594
67596
67597
67598
67600
67601
67603
67605
67606
67607
67610
67613
67614
67615
67616
67617
67618
67621
67623
67624
67625
67626
67627
67629
67630
67631
67632
67633
67637
67638
67639
67640
67648
67649
67650
67654
67656
67657
67658
67659
67660
67661
67662
68801
68809
68810
68811
68816
68822
68825
68830
68834
68835
68837
68838
68840
68843
68844
68849
68852
68853
68855
68856
68857
69577
69578
69579
69580
69582
69583
69584
69585
69586
69587
69588
69589
69590
69591
69592
69593
69594
69595
69596
69597
69598
69599
69600
69601
69602
69603
69604
69605
69606
69607
69608
69609
69610
69611
69612
69613
69614
69615
69616
69617
69618
69619
69620
69622
69623
69624
69625
69626
69627
69628
69629
69630
69631
69632
69633
69634
69635
69636
69637
69638
69639
69640
69641
69642
69643
69644
69649
69650
69651
69654
69655
69656
69659
69661
69662
69663
69664
69666
69668
69669
69670
69671
69672
69673
69674
69675
69676
69678
69679
69680
69681
69682
69683
69684
69685
69686
69688
69689
69691
69692
69695
69696
69697
69698
69699
69700
69701
69703
69704
69706
69707
69709
69710
69711
69712
69713
69715
69716
69717
69718
69719
69721
69722
69723
69724
69725
69726
69732
69733
69735
69736
69738
69741
69744
69747
69748
69753
69754
69760
69761
69763
69765
69766
69771
69772
69773
69774
69775
69776
69777
69778
69779
69780
69781
69782
69783
69784
69785
69786
69787
69788
69790
69791
69792
69793
69794
69795
69796
69797
69798
69799
69800
69801
69802
69803
69804
69805
69806
69807
69808
69809
69810
69811
69812
69813
69814
69815
69817
69818
69819
69820
69821
69822
69823
69825
69826
69827
69828
69831
69833
69834
69835
69836
69837
69838
69839
69840
69841
69842
69843
69844
69845
69846
69847
69848
69849
69850
69851
69852
69853
69854
69855
69856
69857
69858
69859
69860
69861
69862
69863
69864
69865
69866
69867
69869
69871
69872
69873
69874
69875
69876
69877
69878
69879
69880
69881
69882
69883
69884
69885
69886
69888
69889
69892
69893
69894
69895
69896
69898
69900
69902
69903
69904
69905
69906
69907
69909
69910
69911
69912
69914
69915
69917
69918
69920
69921
69922
69923
69925
69926
69927
69928
69930
69931
69932
69933
69934
69936
69940
69942
69944
69945
69946
69947
69948
69955
69966
69970
69971
69972
69973
69974
69975
69976
69977
69978
69979
69980
69982
69983
69984
69985
69986
69987
69988
69989
69990
69991
69992
69994
69995
69996
69997
69998
69999
70001
70002
70003
70004
70006
70007
70008
70009
70010
70011
70012
70013
70014
70015
70016
70017
70018
70019
70020
70021
70022
70023
70024
70025
70026
70027
70028
70030
70031
70032
70034
70035
70036
70037
70038
70040
70041
70042
70043
70044
70045
70048
70049
70050
70051
70052
70053
70054
70056
70058
70060
70064
70065
70069
70070
70071
70074
70075
70076
70078
70079
70080
70086
70089
70090
70091
70092
70093
70094
70095
70096
70097
70098
70099
70100
70102
70103
70104
70105
70106
70107
70108
70109
70110
70111
70114
70115
70116
70117
70118
70119
70120
70121
70122
70123
70124
70125
70126
70128
70130
70131
70132
70133
70134
70135
70136
70137
70138
70139
70140
70141
70142
70143
70144
70145
70146
70147
70148
70149
70151
70152
70153
70154
70155
70157
70158
70160
70161
70163
70164
70166
70167
70168
70169
70170
70171
70172
70173
70174
70177
70178
70180
70181
70183
70189
70190
70195
70904
70905
70906
70907
70909
70910
70911
70912
70914
70915
70916
70917
70919
70921
70922
70923
70924
70925
70926
70929
70930
70932
70933
70935
70937
70939
70940
70944
70946
70947
70949
70951
70952
70953
70954
70956
70957
70958
70959
70960
70961
70965
70966
70967
70968
70969
70974
70975
70978
70979
70984
70985
70986
71001
71003
71004
71005
71006
71008
71010
71011
71012
71013
71016
71017
71018
71020
71021
71024
71025
71026
71030
71031
71034
71037
71039
71042
71043
71044
71046
71047
71048
71049
71050
71051
71052
71053
71054
71055
71056
71057
71058
71059
71060
71061
71064
71066
71067
71069
71070
71071
71075
71076
71077
71078
71080
71081
71083
71084
71085
71086
71088
71090
71091
71092
71094
71103
71105
71107
71108
71109
71110
71111
71112
71113
71114
71115
71116
71117
71118
71120
71121
71124
71125
71126
71128
71129
71130
71133
71134
71135
71136
71142
71145
71149
71151
71157
71158
71160
71161
71162
71164
71165
71166
71169
71170
71175
71177
71180
71181
71188
72546
72548
72549
72550
72551
72554
72555
72557
72560
72561
72563
72565
72568
72569
72571
72572
72573
72574
72575
72576
72578
72580
72581
72587
72590
72593
72596
72597
72598
72602
72603
72605
72609
72610
72616
72617
72620
72625
72626
72629
72630
72638
72639
72640
72642
72643
72647
72648
72649
72650
72652
72653
72654
72655
72657
72658
72659
72660
72661
72662
72663
72664
72666
72667
72668
72669
72671
72672
72674
72675
72679
72680
72683
72684
72686
72688
72689
72690
72691
72692
72693
72695
72697
72702
72704
72706
72707
72709
72710
72712
72713
72714
72715
72716
72717
72718
72720
72722
72728
72730
72731
72732
72736
72737
72741
72747
72748
72749
72750
72751
72752
72754
72755
72756
72757
72758
72759
72760
72761
72763
72765
72767
72768
72769
72770
72772
72774
72776
72777
72778
72779
72781
72782
72784
72785
72786
72787
72788
72790
72794
72795
72799
72800
72801
72802
72803
72804
72805
72806
72808
72811
72812
72814
72815
72816
72818
72820
72821
72823
72824
72825
72826
72830
72832
72833
72835
72837
72840
72842
72843
72849
72851
72853
72854
72857
73265
73266
73267
73268
74085
74086
74087
74089
74090
74091
74094
74095
74096
74097
74098
74100
74101
74102
74103
74104
74105
74106
74107
74108
74109
74110
74111
74113
74114
74115
74116
74117
74118
74119
74120
74121
74122
74123
74124
74125
74126
74127
74128
74129
74130
74131
74134
74135
74137
74138
74139
74141
74142
74143
74144
74145
74146
74147
74148
74149
74151
74152
74153
74154
74156
74157
74160
74161
74163
74164
74165
74166
74167
74169
74171
74174
74175
74177
74179
74180
74181
74182
74183
74186
74189
74190
74193
74194
74195
74196
74197
74199
74200
74201
74204
74208
74210
74211
74212
74214
74215
74221
74226
74237
74244
74247
74252
74253
74254
74255
74256
74257
74258
74259
74260
74261
74262
74263
74264
74265
74266
74267
74268
74271
74272
74273
74274
74275
74276
74277
74278
74279
74280
74281
74282
74283
74284
74285
74286
74287
74288
74289
74290
74291
74292
74294
74296
74299
74300
74302
74304
74306
74307
74308
74309
74310
74311
74312
74313
74314
74315
74317
74318
74319
74320
74321
74323
74324
74325
74326
74327
74328
74329
74330
74331
74332
74333
74334
74335
74336
74338
74339
74340
74342
74343
74344
74345
74346
74347
74348
74349
74351
74352
74354
74356
74357
74358
74360
74361
74363
74364
74365
74368
74370
74371
74373
74374
74380
74381
74384
74385
74386
74389
74391
74393
74399
74401
74403
74410
74411
74412
74414
74415
74416
74417
74418
74419
74420
74421
74422
74423
74424
74425
74426
74427
74428
74430
74432
74433
74434
74435
74436
74437
74438
74439
74440
74443
74444
74445
74448
74449
74450
74451
74452
74453
74454
74455
74456
74457
74460
74463
74464
74466
74471
74474
74475
74476
74477
74480
74483
74487
74488
74489
74495
74496
74497
74498
74499
74500
74501
74502
74503
74504
74505
74507
74508
74509
74510
74511
74512
74513
74514
74515
74516
74517
74518
74519
74520
74521
74522
74523
74524
74525
74526
74527
74529
74530
74531
74532
74533
74534
74536
74537
74538
74539
74540
74541
74542
74543
74545
74546
74548
74549
74550
74551
74552
74554
74558
74559
74560
74561
74563
74565
74570
74571
74574
74576
74577
74578
76232
76236
76239
76240
76897
76918
76919
76920
76922
76924
76927
76930
76933
76936
76945
76947
76955
76956
76968
76970
76972
76975
76981
76984
76989
76991
76999
77000
77002
77004
77005
77006
77016
77019
77021
77025
77026
77028
77029
77031
77032
77035
77036
77037
77046
77051
77064
77066
77067
77070
77073
77074
77077
77078
77079
77084
77085
77086
77091
77094
77095
77100
77101
77103
77105
77109
77118
77126
77129
77137
77141
77142
77143
77148
77151
77154
77157
77158
77159
77160
77161
77166
77169
77170
77171
77175
77181
77189
77534
77535
77536
77537
77538
77539
77540
77541
77542
77543
77545
77548
77549
77550
77551
77552
77553
77555
77558
77559
77560
77562
77563
77565
77566
77569
77570
77571
77573
77574
77575
77578
77582
77596
77598
77599
77601
77602
77604
77606
77608
77609
77611
77613
77614
77615
77616
77617
77620
77622
77623
77624
77625
77626
77627
77629
77630
77631
77632
77633
77634
77635
77636
77637
77639
77641
77643
77645
77646
77648
77649
77650
77652
77653
77654
77655
77656
77657
77658
77660
77661
77662
77663
77664
77665
77666
77671
77674
77675
77678
77681
77683
77685
77693
77695
77701
77702
77717
77718
77719
77720
77722
77724
77725
77728
77729
77730
77731
77732
77733
77734
77736
77737
77738
77739
77740
77742
77743
77745
77746
77753
77759
77761
77762
77763
77764
77765
77767
77768
77769
77772
77773
77774
77775
77779
77780
77782
77784
77786
77787
77788
77789
77791
77792
77795
77796
77800
77802
77803
77806
77809
77811
77813
77814
77815
77818
77819
78944
78947
78949
78999
79000
79003
79005
79006
79007
79019
79020
79021
79023
79026
79030
79033
79036
79042
79043
79046
79049
79050
79055
79056
79057
79058
79059
79070
79072
79076
79078
79090
79092
79093
79101
79132
79161
79162
79164
79165
79166
79167
79182
79185
79186
79188
79202
79203
79204
79209
79211
79213
79226
79232
79235
79236
79243
79253
79254
79255
79256
79810
79817
79818
79819
79821
79822
79823
79825
79827
79830
79833
79836
79842
79844
79849
79850
79852
79853
79855
79856
79858
79860
79864
79868
79869
79874
79875
79877
79882
79886
79890
79891
79895
79897
79898
79899
79900
79902
79904
79905
79906
79908
79909
79911
79913
79914
79915
79916
79920
79922
79924
79928
79929
79930
79937
79938
79942
79960
79963
79966
79967
79968
79970
79972
79974
79976
79979
79981
79982
79983
79985
79987
79990
79991
79992
79993
79994
79998
80000
80001
80002
80006
80008
80009
80010
80013
80021
80024
80025
80026
80027
80029
80030
80036
80037
80038
80041
80042
80044
80045
80051
80054
80055
80061
80062
80063
80070
80073
80076
80078
80079
80094
80096
80844
81924
81926
81930
81932
81934
81936
81937
81941
81942
81943
81947
81949
81951
81955
81960
81962
81964
81966
81968
81969
81970
81973
81976
81978
81980
81982
81985
81989
81992
81993
81999
82001
82004
82005
82008
82010
82012
82013
82014
82015
82016
82018
82020
82022
82023
82024
82025
82026
82032
82036
82038
82040
82043
82044
82046
82048
82052
82055
82061
82064
82066
82068
82069
82072
82073
82084
82086
82089
82091
82092
82094
82096
82103
82115
82116
82121
82122
82124
82125
82128
82133
82135
82139
82140
82144
82150
