0
5
10
13
17
20
23
34
37
44
52
56
60
61
64
78
80
83
90
103
106
109
117
128
131
133
138
141
146
149
152
159
161
165
167
170
173
175
177
182
185
189
191
196
199
202
205
208
211
216
219
222
227
230
233
238
241
242
245
246
250
253
256
259
262
265
268
273
276
281
284
287
294
298
300
302
307
311
314
317
320
323
326
333
336
341
344
347
354
355
360
365
372
375
382
385
388
391
394
397
403
406
409
412
417
420
423
426
429
432
441
451
455
456
461
463
468
470
475
478
487
493
496
499
502
505
508
515
518
521
524
527
530
535
539
547
550
557
560
563
566
569
572
575
578
581
584
587
590
593
596
599
604
607
614
617
624
627
632
635
638
653
657
666
674
675
685
688
691
697
703
704
710
713
718
721
724
727
730
733
740
743
751
754
761
764
767
770
773
776
781
787
790
792
803
807
809
816
819
829
832
835
838
841
844
861
872
875
880
883
886
893
896
903
906
913
918
920
929
936
945
951
957
959
962
967
970
978
979
986
994
999
1001
1005
1008
1010
1017
1019
1026
1029
1040
1042
1044
1046
1052
1073
1075
1078
1083
1086
1089
1096
1099
1106
1109
1119
1122
1129
1132
1135
1140
1143
1148
1151
1154
1166
1170
1179
1182
1185
1188
1191
1194
1201
1203
1211
1214
1221
1223
1228
1235
1239
1242
1250
1253
1260
1263
1270
1273
1279
1282
1285
1288
1291
1294
1297
1302
1305
1306
1313
1319
1322
1327
1332
1343
1355
1358
1361
1364
1367
1370
1373
1378
1381
1386
1389
1392
1395
1400
1403
1407
1410
1413
1420
1423
1426
1429
1432
1435
1440
1443
1446
1452
1455
1458
1461
1466
1469
1477
1484
1487
1494
1497
1502
1510
1512
1517
1518
1520
1526
1557
1559
1579
1580
1582
1587
1590
1593
1600
1603
1608
1611
1614
1621
1624
1629
1632
1635
1638
1641
1648
1651
1658
1661
1668
1670
1673
1681
1684
1692
1695
1698
1703
1707
1711
1714
1722
1725
1735
1742
1745
1750
1759
1762
1768
1770
1775
1778
1785
1789
1790
1794
1797
1800
1803
1806
1809
1819
1821
1826
1832
1844
1851
1857
1868
1871
1876
1877
1882
1884
1889
1894
1902
1903
1912
1921
1922
1925
1927
1932
1935
1938
1949
1953
1955
1959
1961
1968
1974
1976
1983
1986
1991
1994
1997
2000
2003
2006
2009
2012
2017
2020
2027
2029
2032
2034
2037
2040
2043
2046
2049
2052
2060
2063
2066
2069
2072
2075
2082
2086
2089
2091
2095
2098
2104
2107
2110
2113
2116
2119
2127
2130
2138
2141
2148
2149
2164
2167
2172
2175
2178
2186
2189
2194
2197
2200
2207
2210
2213
2216
2219
2222
2229
2235
2240
2242
2251
2253
2257
2260
2270
2275
2278
2281
2286
2289
2292
2295
2298
2301
2304
2309
2312
2315
2318
2321
2324
2332
2335
2342
2345
2348
2351
2354
2357
2360
2363
2366
2369
2375
2378
2381
2386
2390
2397
2400
2410
2417
2420
2423
2432
2433
2439
2442
2445
2450
2451
2452
2457
2460
2466
2476
2481
2498
2501
2508
2511
2514
2519
2522
2527
2530
2533
2536
2541
2544
2549
2552
2555
2558
2565
2567
2568
2570
2574
2590
2593
2600
2602
2609
2612
2622
2629
2637
2640
2645
2648
2651
2658
2661
2668
2670
2681
2688
2691
2694
2699
2701
2707
2711
2714
2724
2725
2728
2740
2746
2751
2758
2761
2765
2769
2772
2778
2782
2787
2788
2790
2804
2806
2813
2820
2822
2827
2831
2834
2835
2837
2848
2851
2858
2861
2867
2870
2874
2876
2879
2880
2882
2887
2889
2894
2896
2913
2916
2921
2924
2927
2935
2940
2941
2946
2950
2953
2957
2959
2964
2970
2973
2975
2979
2981
2985
2991
3000
3004
3012
3015
3018
3024
3027
3030
3037
3048
3053
3066
3069
3073
3076
3079
3086
3096
3104
3107
3114
3119
3127
3129
3133
3134
3142
3145
3147
3150
3155
3157
3162
3170
3174
3176
3181
3184
3187
3194
3200
3205
3213
3222
3224
3231
3233
3247
3264
3269
3270
3272
3273
3281
3286
3289
3298
3303
3304
3310
3313
3319
3323
3327
3341
3376
3377
3390
3392
3400
3403
3411
3412
3413
3416
3417
3421
3441
3446
3448
3451
3454
3457
3460
3467
3469
3477
3480
3482
3485
3500
3503
3506
3514
3520
3523
3531
3534
3547
3552
3561
3564
3569
3572
3575
3583
3586
3593
3602
3604
3630
3635
3638
3644
3650
3657
3660
3662
3667
3670
3681
3686
3711
3714
3717
3723
3726
3734
3737
3742
3745
3748
3755
3758
3766
3768
3775
3778
3784
3787
3790
3793
3796
3799
3804
3807
3810
3813
3816
3819
3825
3827
3836
3843
3845
3882
3884
3889
3891
3893
3900
3903
3905
3910
3912
3917
3923
3930
3932
3940
3943
3944
3950
3953
3956
3959
3962
3965
3981
3983
3985
3991
3997
3999
4002
4008
4011
4019
4025
4029
4031
4034
4040
4043
4050
4052
4056
4061
4068
4080
4083
4093
4104
4133
4146
4151
4185
4205
4210
4213
4216
4225
4230
4233
4239
4258
4280
4287
4300
4303
4310
4313
4320
4321
4324
4327
4330
4348
4350
4358
4360
4368
4370
4377
4389
4392
4397
4400
4405
4411
4419
4424
4433
4447
4452
4456
4459
4465
4483
4490
4498
4500
4508
4511
4538
4545
4550
4553
4554
4559
4562
4605
4607
4609
4612
4620
4623
4629
4632
4635
4637
4639
4642
4648
4655
4658
4664
4667
4670
4675
4677
4684
4693
4696
4701
4704
4707
4714
4716
4721
4724
4734
4740
4744
4762
4771
4776
4782
4785
4791
4801
4805
4811
4813
4818
4821
4827
4832
4835
4840
4843
4846
4849
4854
4857
4867
4874
4876
4879
4882
4885
4888
4895
4897
4902
4905
4908
4917
4924
4930
4939
4959
4972
4975
4977
4990
4994
4996
5002
5008
5010
5017
5020
5023
5028
5031
5038
5041
5049
5082
5084
5091
5094
5101
5105
5120
5123
5136
5139
5146
5163
5165
5167
5173
5195
5198
5201
5206
5209
5212
5218
5223
5225
5233
5238
5241
5248
5256
5264
5266
5267
5271
5274
5276
5283
5291
5298
5303
5320
5335
5340
5357
5358
5361
5366
5369
5372
5379
5382
5387
5390
5393
5400
5402
5407
5413
5416
5422
5425
5431
5434
5437
5443
5446
5457
5461
5463
5465
5468
5470
5478
5480
5487
5491
5496
5503
5505
5510
5513
5518
5526
5529
5535
5538
5543
5546
5549
5554
5559
5565
5573
5576
5586
5598
5599
5601
5604
5609
5612
5618
5620
5631
5641
5651
5662
5663
5666
5669
5681
5682
5685
5705
5707
5708
5710
5713
5717
5728
5741
5744
5755
5757
5760
5763
5766
5769
5779
5788
5794
5796
5811
5817
5819
5824
5838
5839
5841
5844
5847
5850
5856
5859
5861
5864
5866
5869
5874
5878
5884
5891
5893
5899
5930
5933
5943
5950
5952
5960
5962
5972
5975
5978
5981
5986
5988
5991
5997
6000
6010
6020
6038
6039
6043
6047
6052
6053
6055
6065
6072
6077
6081
6085
6087
6089
6094
6100
6109
6134
6148
6164
6214
6235
6240
6248
6287
6297
6304
6350
6382
6395
6399
6445
6450
6459
6466
6468
6471
6476
6477
6479
6509
6521
6552
6556
6558
6561
6568
6583
6586
6589
6593
6595
6626
6635
6639
6640
6649
6652
6659
6662
6665
6668
6675
6684
6686
6689
6694
6696
6702
6705
6710
6716
6723
6732
6739
6743
6746
6753
6755
6762
6765
6770
6773
6776
6781
6784
6786
6791
6794
6797
6809
6814
6817
6822
6825
6828
6835
6838
6841
6844
6847
6850
6857
6859
6869
6879
6882
6885
6888
6891
6894
6901
6904
6909
6912
6915
6922
6927
6937
6938
6941
6948
6951
6959
6970
6973
6978
6981
6984
6987
6990
6993
6996
6999
7005
7008
7009
7014
7018
7020
7030
7036
7043
7045
7047
7050
7053
7056
7059
7062
7065
7068
7071
7074
7077
7080
7083
7086
7093
7096
7105
7112
7115
7118
7121
7124
7127
7132
7135
7138
7141
7147
7150
7156
7159
7165
7167
7174
7181
7184
7187
7195
7198
7199
7203
7225
7240
7242
7248
7250
7252
7257
7260
7265
7268
7271
7278
7281
7289
7292
7299
7303
7307
7309
7314
7317
7327
7330
7337
7340
7362
7365
7370
7372
7375
7385
7390
7393
7401
7403
7404
7419
7427
7430
7436
7437
7447
7455
7462
7463
7465
7467
7470
7472
7473
7480
7481
7483
7490
7493
7501
7503
7506
7508
7509
7512
7519
7522
7530
7533
7538
7541
7544
7547
7550
7553
7560
7562
7569
7572
7579
7581
7584
7587
7590
7592
7595
7600
7603
7608
7611
7613
7618
7621
7623
7624
7631
7634
7637
7644
7647
7654
7656
7663
7665
7670
7673
7675
7677
7681
7688
7691
7698
7701
7706
7709
7712
7715
7718
7721
7724
7731
7734
7739
7742
7745
7747
7751
7762
7767
7771
7774
7777
7780
7783
7786
7793
7796
7799
7802
7805
7808
7811
7814
7817
7820
7823
7828
7830
7833
7837
7840
7845
7848
7851
7854
7857
7860
7863
7869
7872
7875
7878
7883
7886
7892
7900
7903
7909
7911
7923
7933
7947
7950
7952
7962
7964
7965
7976
7983
7986
7992
7995
7998
8003
8006
8009
8015
8018
8021
8026
8027
8030
8032
8045
8048
8051
8056
8059
8064
8069
8072
8075
8079
8082
8087
8090
8093
8096
8101
8103
8108
8111
8115
8119
8123
8129
8133
8134
8140
8148
8154
8157
8164
8175
8177
8180
8183
8209
8210
8218
8229
8231
8235
8238
8240
8254
8256
8267
8277
8280
8287
8290
8293
8301
8304
8311
8315
8318
8330
8335
8341
8344
8350
8352
8360
8367
8370
8373
8378
8381
8389
8392
8395
8400
8403
8413
8415
8420
8426
8429
8432
8435
8438
8441
8450
8453
8456
8459
8462
8465
8470
8473
8475
8479
8482
8485
8488
8491
8498
8505
8508
8513
8516
8519
8522
8525
8528
8531
8536
8539
8542
8549
8552
8558
8568
8571
8578
8581
8588
8591
8600
8603
8611
8614
8619
8622
8625
8632
8635
8640
8643
8649
8651
8658
8663
8675
8686
8689
8691
8694
8697
8700
8703
8706
8709
8714
8717
8722
8725
8728
8731
8734
8737
8740
8743
8746
8749
8752
8759
8762
8765
8768
8771
8774
8780
8783
8786
8789
8792
8795
8798
8801
8807
8810
8817
8820
8827
8830
8833
8836
8839
8842
8844
8849
8854
8855
8861
8871
8882
8886
8890
8892
8897
8900
8909
8918
8925
8928
8935
8938
8943
8946
8949
8952
8955
8958
8961
8964
8969
8972
8975
8978
8981
8984
8987
8990
8993
9006
9008
9011
9018
9020
9022
9027
9030
9033
9040
9043
9046
9049
9054
9057
9060
9065
9070
9071
9078
9081
9084
9087
9090
9093
9096
9101
9104
9107
9112
9115
9120
9122
9125
9131
9133
9138
9144
9164
9165
9168
9170
9173
9176
9182
9185
9188
9197
9203
9213
9219
9222
9231
9243
9246
9254
9256
9259
9264
9267
9274
9277
9279
9288
9292
9295
9298
9301
9303
9306
9326
9328
9345
9350
9352
9358
9361
9366
9369
9372
9379
9382
9384
9387
9390
9393
9396
9399
9412
9415
9420
9423
9426
9429
9434
9437
9442
9445
9448
9455
9462
9465
9468
9477
9480
9483
9486
9489
9492
9495
9500
9503
9506
9509
9512
9515
9518
9523
9526
9533
9536
9539
9544
9548
9551
9556
9562
9567
9570
9573
9576
9579
9582
9585
9596
9601
9604
9607
9612
9617
9622
9624
9636
9639
9641
9644
9661
9676
9679
9682
9685
9688
9691
9694
9699
9702
9705
9708
9711
9714
9717
9720
9723
9726
9729
9732
9735
9738
9745
9748
9751
9754
9757
9760
9763
9766
9769
9772
9775
9778
9781
9784
9787
9792
9795
9800
9803
9806
9813
9816
9821
9824
9827
9832
9835
9852
9855
9859
9861
9866
9868
9871
9877
9878
9881
9894
9896
9899
9904
9907
9910
9918
9925
9942
9948
9951
9954
9957
9964
9967
9972
9975
9978
9986
9989
9992
9995
9998
10001
10004
10007
10010
10012
10017
10019
10023
10035
10038
10047
10050
10053
10056
10059
10062
10065
10071
10077
10079
10084
10092
10095
10101
10104
10109
10112
10115
10120
10123
10126
10133
10136
10139
10146
10152
10154
10158
10162
10165
10174
10177
10192
10196
10197
10201
10207
10213
10215
10220
10223
10226
10232
10243
10253
10264
10273
10275
10278
10288
10296
10302
10303
10306
10315
10323
10339
10348
10350
10356
10359
10362
10365
10368
10371
10374
10380
10396
10401
10404
10407
10412
10415
10423
10426
10434
10439
10440
10449
10452
10455
10458
10461
10464
10467
10470
10473
10476
10479
10484
10487
10489
10498
10506
10513
10516
10519
10522
10530
10533
10538
10541
10544
10551
10554
10559
10562
10565
10570
10574
10581
10588
10591
10607
10610
10618
10621
10624
10627
10630
10633
10638
10641
10644
10651
10654
10659
10662
10665
10668
10673
10676
10681
10684
10687
10692
10695
10697
10702
10705
10708
10711
10716
10719
10723
10725
10732
10735
10743
10746
10748
10760
10763
10767
10772
10776
10782
10784
10789
10792
10794
10801
10804
10809
10812
10817
10820
10823
10827
10833
10839
10841
10850
10853
10858
10861
10864
10867
10870
10876
10883
10890
10892
10900
10903
10906
10909
10912
10924
10935
10936
10944
10947
10952
10955
10958
10966
10972
10975
10990
10998
10999
11004
11020
11021
11033
11101
11107
11121
11132
11147
11176
11188
11191
11197
11199
11219
11236
11240
11255
11265
11268
11297
11312
11317
11320
11323
11344
11355
11359
11390
11395
11401
11402
11409
11410
11415
11418
11437
11441
11443
11447
11453
11458
11460
11461
11466
11468
11495
11505
11520
11521
11523
11528
11532
11552
11558
11561
11569
11576
11588
11596
11649
11652
11666
11673
11675
11684
11685
11686
11689
11692
11695
11698
11708
11711
11719
11747
11750
11756
11759
11766
11769
11780
11787
11789
11794
11802
11830
11833
11836
11839
11843
11846
11849
11856
11859
11864
11880
11883
11885
11892
11893
11895
11906
11911
11916
11921
11938
11946
11947
11952
11954
11958
11960
11982
11985
11995
11997
12007
12015
12021
12022
12023
12055
12060
12067
12070
12074
12075
12077
12083
12084
12085
12089
12091
12093
12100
12102
12104
12108
12113
12121
12126
12128
12135
12138
12141
12149
12150
12153
12158
12161
12164
12173
12178
12180
12187
12190
12194
12197
12202
12204
12212
12217
12219
12221
12224
12226
12229
12231
12237
12242
12246
12249
12251
12256
12259
12266
12277
12283
12285
12292
12296
12299
12306
12309
12316
12319
12322
12327
12330
12347
12350
12356
12373
12379
12383
12392
12395
12399
12404
12407
12412
12415
12418
12430
12435
12443
12450
12451
12452
12453
12456
12464
12470
12471
12482
12487
12490
12493
12499
12502
12510
12514
12516
12522
12532
12540
12542
12550
12553
12561
12564
12571
12574
12577
12584
12587
12592
12595
12599
12604
12607
12614
12617
12625
12638
12644
12649
12657
12660
12663
12668
12671
12674
12677
12683
12686
12691
12694
12697
12704
12709
12712
12715
12718
12721
12724
12733
12736
12739
12745
12748
12756
12758
12765
12768
12773
12775
12789
12792
12797
12800
12803
12806
12811
12814
12819
12822
12825
12833
12835
12843
12846
12857
12860
12863
12868
12871
12874
12881
12884
12887
12890
12893
12896
12902
12905
12908
12911
12914
12917
12920
12927
12936
12938
12947
12953
12956
12975
12990
12993
12996
12999
13002
13005
13010
13013
13016
13019
13022
13025
13028
13031
13034
13038
13041
13044
13047
13050
13053
13058
13061
13064
13069
13072
13075
13078
13081
13084
13087
13090
13093
13096
13099
13104
13107
13110
13115
13118
13121
13128
13131
13137
13140
13143
13151
13160
13162
13168
13171
13173
13177
13187
13190
13194
13197
13201
13204
13211
13214
13221
13224
13231
13239
13247
13250
13255
13258
13261
13264
13269
13272
13275
13278
13281
13284
13291
13294
13297
13300
13303
13306
13309
13315
13319
13321
13324
13329
13332
13335
13343
13345
13347
13350
13356
13359
13362
13369
13370
13376
13385
13386
13393
13399
13402
13405
13408
13411
13414
13420
13423
13426
13433
13436
13444
13451
13452
13462
13468
13474
13483
13485
13492
13496
13500
13502
13505
13506
13515
13526
13534
13535
13537
13538
13541
13544
13547
13550
13564
13587
13589
13591
13598
13602
13605
13612
13617
13626
13631
13645
13648
13656
13665
13667
13678
13682
13687
13692
13695
13704
13711
13725
13728
13734
13737
13742
13745
13748
13752
13755
13766
13795
13804
13809
13812
13815
13820
13823
13849
13852
13860
13862
13867
13872
13878
13891
13893
13898
13918
13920
13943
13947
13951
13976
13993
14002
14008
14011
14013
14025
14047
14062
14065
14077
14081
14082
14089
14100
14105
14112
14117
14120
14131
14134
14143
14164
14178
14179
14190
14208
14214
14215
14226
14244
14245
14248
14251
14255
14260
14263
14264
14265
14314
14334
14349
14351
14360
14362
14375
14377
14392
14432
14465
14475
14478
14485
14500
14520
14523
14528
14531
14534
14537
14542
14545
14549
14552
14555
14556
14568
14581
14587
14590
14595
14598
14600
14608
14614
14626
14629
14632
14635
14638
14641
14644
14650
14660
14672
14677
14685
14688
14692
14695
14703
14706
14709
14715
14725
14728
14736
14739
14750
14758
14760
14776
14779
14784
14787
14789
14796
14799
14806
14809
14814
14817
14820
14828
14831
14837
14840
14846
14849
14856
14859
14864
14867
14870
14876
14879
14881
14884
14887
14892
14893
14896
14899
14906
14909
14914
14916
14920
14922
14925
14929
14933
14945
14946
14949
14950
14952
14957
14964
14966
14974
14976
14981
14984
14987
14990
14993
14996
14999
15007
15013
15021
15027
15030
15037
15039
15046
15051
15059
15063
15066
15073
15076
15082
15086
15089
15096
15098
15101
15114
15122
15128
15131
15142
15145
15149
15151
15152
15155
15166
15171
15173
15179
15183
15187
15191
15195
15199
15201
15204
15206
15209
15215
15222
15223
15225
15227
15241
15246
15266
15268
15276
15284
15295
15312
15314
15316
15317
15322
15324
15328
15337
15341
15346
15349
15355
15358
15361
15368
15369
15374
15377
15389
15395
15398
15404
15407
15413
15421
15424
15472
15479
15486
15488
15492
15494
15497
15499
15501
15506
15509
15512
15519
15524
15526
15530
15540
15559
15562
15566
15568
15569
15573
15595
15603
15605
15611
15614
15619
15622
15625
15628
15644
15649
15658
15699
15714
15716
15724
15727
15747
15755
15776
15779
15784
15787
15797
15815
15824
15833
15836
15850
15853
15856
15859
15862
15865
15868
15873
15875
15882
15885
15895
15898
15912
15915
15920
15923
15926
15933
15936
15941
15944
15947
15950
15955
15960
15963
15970
15971
15980
15984
15987
15990
15993
15996
15999
16002
16007
16010
16013
16018
16021
16028
16031
16033
16038
16041
16050
16053
16058
16061
16064
16071
16074
16080
16083
16086
16089
16092
16095
16098
16103
16109
16130
16145
16172
16175
16178
16181
16184
16187
16190
16193
16196
16199
16202
16205
16208
16211
16220
16223
16228
16231
16234
16243
16246
16249
16252
16255
16258
16261
16264
16267
16270
16273
16276
16279
16282
16285
16288
16291
16294
16299
16302
16305
16310
16313
16316
16321
16324
16327
16335
16340
16353
16358
16361
16365
16370
16372
16376
16377
16378
16384
16389
16392
16410
16412
16415
16418
16423
16426
16429
16436
16439
16442
16445
16448
16450
16457
16460
16463
16466
16469
16472
16475
16497
16500
16508
16511
16522
16525
16532
16535
16538
16550
16552
16555
16557
16561
16564
16569
16572
16575
16582
16585
16590
16592
16595
16603
16605
16609
16612
16615
16618
16626
16629
16660
16685
16686
16702
16709
16711
16723
16732
16733
16747
16750
16789
16791
16795
16803
16806
16811
16814
16816
16829
16832
16842
16848
16850
16854
16857
16867
16873
16878
16880
16885
16888
16891
16898
16900
16902
16915
16920
16925
16927
16929
16933
16937
16946
16952
16954
16960
16963
16967
16972
16979
16982
16994
16997
17002
17005
17008
17015
17018
17023
17026
17029
17036
17039
17045
17048
17054
17057
17062
17065
17068
17075
17078
17081
17086
17089
17092
17102
17108
17114
17117
17142
17154
17161
17166
17168
17177
17179
17186
17190
17193
17196
17201
17204
17209
17212
17215
17223
17224
17237
17245
17255
17258
17263
17266
17269
17277
17284
17290
17305
17311
17315
17316
17319
17322
17325
17338
17355
17360
17363
17366
17368
17383
17394
17397
17403
17406
17409
17420
17429
17434
17436
17439
17444
17447
17450
17453
17458
17461
17465
17470
17479
17481
17484
17489
17492
17495
17503
17506
17512
17515
17518
17527
17530
17538
17546
17549
17554
17557
17560
17563
17568
17571
17578
17581
17587
17593
17600
17606
17609
17615
17618
17625
17628
17635
17645
17648
17658
17666
17667
17671
17674
17678
17688
17691
17696
17699
17702
17709
17712
17715
17718
17721
17724
17729
17733
17736
17741
17743
17746
17748
17753
17756
17762
17765
17768
17775
17778
17786
17789
17792
17797
17802
17811
17814
17822
17825
17836
17844
17848
17851
17870
17880
17887
17894
17900
17902
17905
17908
17911
17913
17920
17922
17929
17932
17937
17940
17943
17946
17949
17952
17955
17961
17963
17965
17974
17986
17991
17994
17997
18015
18018
18025
18028
18035
18044
18047
18054
18061
18066
18084
18087
18089
18091
18103
18107
18110
18115
18117
18135
18138
18141
18144
18152
18158
18171
18173
18178
18181
18187
18200
18213
18234
18238
18250
18259
18275
18278
18281
18286
18289
18296
18298
18303
18313
18321
18326
18328
18333
18336
18339
18347
18357
18376
18382
18383
18392
18397
18401
18404
18419
18425
18428
18435
18438
18452
18454
18456
18458
18465
18467
18470
18477
18484
18490
18504
18508
18517
18526
18534
18538
18552
18561
18564
18587
18590
18598
18604
18608
18616
18619
18621
18623
18633
18637
18640
18643
18646
18649
18652
18658
18661
18667
18669
18673
18687
18689
18695
18701
18703
18711
18714
18718
18721
18725
18727
18730
18733
18736
18739
18742
18749
18752
18758
18761
18768
18772
18779
18789
18796
18799
18806
18809
18816
18819
18830
18846
18850
18855
18857
18859
18867
18869
18872
18880
18883
18890
18893
18903
18910
18939
18946
18948
18953
18956
18959
18964
18968
18982
18991
19010
19029
19031
19034
19043
19044
19047
19049
19052
19057
19060
19062
19066
19068
19076
19079
19082
19085
19088
19091
19094
19097
19107
19112
19123
19125
19135
19154
19157
19162
19165
19168
19177
19181
19184
19190
19194
19208
19212
19222
19224
19234
19235
19237
19279
19282
19283
19289
19294
19297
19300
19305
19313
19320
19333
19343
19351
19354
19363
19373
19375
19383
19386
19394
19395
19401
19404
19411
19415
19426
19434
19444
19456
19469
19477
19485
19487
19492
19495
19498
19501
19508
19513
19519
19525
19535
19538
19541
19544
19547
19550
19553
19556
19559
19566
19569
19572
19575
19577
19580
19606
19614
19626
19638
19640
19644
19646
19648
19653
19655
19662
19667
19670
19673
19676
19679
19682
19690
19710
19713
19731
19733
19743
19758
19778
19793
19802
19807
19810
19814
19816
19818
19821
19823
19825
19826
19837
19839
19845
19850
19856
19859
19864
19869
19872
19875
19876
19878
19881
19884
19887
19893
19897
19899
19902
19906
19914
19916
19923
19926
19938
19941
19946
19949
19952
19955
19962
19969
19972
19982
19986
19988
19990
19992
19996
20001
20009
20012
20018
20021
20024
20035
20037
20044
20047
20054
20064
20067
20070
20073
20076
20079
20086
20091
20094
20099
20100
20105
20108
20111
20117
20119
20124
20127
20135
20140
20142
20144
20156
20158
20162
20165
20173
20182
20185
20192
20195
20199
20204
20206
20209
20212
20215
20223
20226
20233
20235
20236
20242
20247
20259
20269
20272
20283
20285
20293
20299
20307
20313
20319
20328
20334
20335
20341
20352
20363
20368
20371
20372
20387
20393
20398
20401
20406
20412
20414
20419
20422
20425
20432
20435
20440
20443
20446
20449
20454
20456
20458
20463
20465
20472
20478
20483
20487
20492
20496
20506
20509
20524
20526
20529
20536
20539
20555
20557
20562
20567
20568
20574
20576
20590
20592
20603
20609
20622
20634
20641
20645
20646
20657
20659
20662
20665
20668
20671
20678
20681
20686
20689
20692
20698
20700
20703
20715
20718
20721
20724
20730
20736
20739
20743
20746
20749
20759
20763
20765
20771
20777
20785
20791
20811
20818
20823
20828
20836
20841
20844
20851
20859
20862
20874
20880
20885
20893
20904
20910
20911
20913
20916
20921
20935
20939
20942
20951
20953
20958
20960
20962
20963
20965
20970
20974
20989
21009
21016
21022
21024
21029
21031
21034
21039
21047
21054
21076
21077
21081
21086
21095
21100
21103
21116
21119
21135
21152
21153
21156
21165
21173
21175
21178
21184
21190
21191
21196
21197
21198
21206
21209
21216
21219
21227
21230
21237
21239
21243
21249
21251
21255
21258
21261
21264
21279
21293
21300
21328
21329
21332
21336
21339
21354
21355
21358
21361
21364
21367
21379
21383
21387
21396
21413
21415
21424
21427
21429
21442
21446
21447
21465
21477
21484
21505
21506
21511
21515
21534
21537
21540
21563
21566
21573
21575
21582
21586
21599
21601
21609
21615
21617
21631
21634
21646
21648
21652
21659
21675
21685
21691
21693
21696
21699
21701
21704
21710
21712
21714
21717
21722
21727
21730
21739
21743
21745
21747
21751
21755
21759
21764
21773
21780
21782
21789
21792
21797
21807
21810
21831
21845
21847
21853
21855
21859
21861
21864
21870
21872
21875
21878
21881
21897
21901
21914
21915
21929
21938
21942
21948
21962
21973
21978
22004
22029
22035
22039
22062
22067
22070
22073
22076
22081
22083
22088
22091
22097
22099
22105
22110
22117
22126
22133
22136
22144
22148
22162
22168
22180
22181
22186
22189
22194
22201
22208
22211
22212
22215
22217
22218
22221
22229
22230
22235
22241
22242
22244
22250
22253
22267
22280
22309
22313
22316
22329
22332
22337
22340
22343
22358
22361
22366
22370
22377
22380
22382
22387
22397
22400
22403
22416
22420
22423
22425
22428
22431
22434
22437
22444
22450
22452
22459
22461
22469
22471
22491
22497
22500
22503
22508
22510
22517
22520
22534
22549
22552
22560
22563
22566
22569
22572
22575
22580
22583
22586
22593
22596
22603
22613
22616
22621
22624
22627
22635
22638
22641
22643
22646
22649
22655
22658
22659
22674
22681
22684
22691
22694
22709
22715
22718
22725
22727
22734
22744
22747
22754
22755
22758
22764
22767
22770
22773
22776
22780
22793
22795
22812
22823
22826
22830
22833
22836
22845
22850
22853
22859
22873
22882
22885
22889
22903
22914
22946
22951
22958
22964
22966
22985
22995
23000
23022
23029
23038
23041
23046
23053
23056
23072
23080
23099
23104
23106
23109
23112
23114
23120
23143
23145
23160
23162
23174
23178
23180
23190
23192
23194
23201
23203
23207
23209
23218
23219
23220
23224
23225
23229
23230
23234
23237
23239
23245
23247
23254
23262
23263
23265
23271
23276
23278
23281
23286
23289
23296
23300
23305
23309
23313
23315
23318
23321
23324
23327
23335
23337
23343
23374
23385
23398
23401
23428
23431
23434
23437
23440
23443
23452
23457
23460
23463
23475
23477
23478
23482
23487
23492
23495
23502
23505
23512
23514
23555
23578
23580
23587
23588
23598
23601
23608
23611
23614
23620
23624
23631
23641
23648
23651
23665
23667
23669
23675
23682
23693
23709
23776
23790
23793
23801
23819
23827
23853
23871
23873
23880
23888
23890
23894
23897
23900
23908
23911
23914
23915
23919
23941
23943
23948
23951
23954
23962
23972
23975
23978
23983
23993
23997
24000
24003
24011
24014
24021
24024
24031
24033
24039
24044
24049
24052
24059
24062
24069
24071
24074
24079
24082
24089
24092
24098
24101
24110
24117
24126
24129
24134
24136
24143
24154
24157
24172
24184
24185
24204
24209
24212
24217
24220
24223
24230
24233
24241
24244
24251
24254
24261
24264
24271
24274
24281
24284
24287
24290
24293
24296
24299
24304
24307
24315
24318
24325
24333
24342
24345
24351
24352
24355
24359
24381
24388
24390
24401
24403
24413
24420
24422
24426
24432
24441
24448
24451
24456
24466
24480
24483
24488
24491
24494
24502
24505
24515
24516
24518
24526
24529
24536
24542
24545
24548
24554
24560
24564
24575
24576
24577
24584
24585
24589
24605
24614
24622
24632
24633
24646
24656
24666
24674
24679
24683
24685
24687
24693
24702
24703
24732
24743
24755
24757
24760
24763
24766
24769
24772
24779
24781
24786
24789
24792
24802
24804
24812
24814
24816
24821
24823
24827
24830
24832
24839
24841
24842
24847
24850
24858
24868
24870
24899
24909
24918
24921
24924
24926
24929
24932
24942
24950
24953
24961
24979
24982
24985
24988
24994
25002
25005
25012
25015
25022
25023
25026
25033
25035
25041
25043
25048
25051
25054
25061
25064
25069
25072
25082
25094
25096
25098
25101
25107
25113
25117
25118
25123
25130
25145
25152
25156
25157
25159
25162
25165
25167
25169
25191
25193
25196
25201
25204
25206
25214
25222
25225
25230
25233
25238
25244
25262
25266
25268
25274
25290
25322
25343
25344
25348
25350
25353
25357
25360
25362
25365
25383
25384
25392
25423
25435
25438
25440
25446
25452
25478
25484
25489
25491
25493
25496
25498
25500
25505
25526
25533
25538
25539
25542
25545
25547
25553
25554
25562
25566
25571
25580
25590
25599
25600
25607
25608
25617
25620
25636
25641
25647
25650
25652
25655
25660
25666
25675
25693
25708
25718
25722
25732
25735
25746
25749
25755
25761
25763
25768
25769
25777
25794
25796
25798
25801
25803
25806
25812
25814
25819
25821
25824
25831
25834
25837
25839
25842
25846
25849
25852
25856
25859
25865
25867
25875
25877
25880
25884
25898
25901
25918
25921
25926
25930
25938
25939
25942
25945
25950
25967
25969
25976
25984
25989
25992
25995
26003
26006
26012
26027
26052
26061
26067
26068
26071
26076
26077
26080
26084
26085
26086
26088
26091
26115
26116
26118
26120
26121
26122
26125
26127
26130
26132
26135
26138
26143
26148
26150
26156
26165
26170
26183
26184
26194
26209
26212
26215
26250
26251
26256
26259
26261
26263
26267
26272
26280
26282
26284
26286
26299
26309
26312
26314
26324
26327
26332
26341
26350
26352
26359
26368
26370
26377
26379
26397
26417
26423
26430
26448
26449
26467
26471
26479
26481
26489
26493
26501
26516
26519
26522
26534
26538
26552
26569
26572
26603
26606
26607
26609
26611
26623
26636
26643
26702
26708
26709
26717
26720
26730
26735
26736
26743
26745
26753
26764
26778
26788
26790
26795
26822
26823
26824
26828
26830
26834
26837
26839
26844
26845
26853
26855
26859
26863
26893
26897
26899
26903
26930
26934
26945
26947
26948
26950
26952
26967
26968
26973
26975
26984
26988
26995
26997
26998
26999
27001
27002
27006
27007
27014
27017
27022
27055
27057
27059
27060
27063
27064
27070
27076
27080
27082
27102
27104
27106
27110
27112
27117
27123
27128
27130
27136
27140
27142
27146
27149
27155
27157
27158
27171
27174
27205
27211
27216
27221
27223
27234
27241
27249
27259
27268
27270
27274
27277
27285
27288
27289
27292
27299
27302
27308
27317
27320
27323
27330
27332
27334
27337
27364
27369
27375
27383
27389
27396
27399
27404
27407
27419
27422
27432
27462
27465
27471
27478
27481
27488
27490
27492
27494
27505
27508
27515
27522
27527
27532
27536
27543
27546
27553
27556
27566
27575
27576
27578
27585
27588
27595
27596
27599
27604
27607
27614
27620
27626
27629
27632
27637
27640
27646
27649
27658
27663
27668
27671
27676
27679
27682
27687
27692
27700
27706
27713
27717
27725
27726
27734
27741
27744
27751
27754
27761
27764
27773
27775
27780
27796
27799
27805
27808
27811
27817
27820
27823
27829
27832
27839
27842
27846
27849
27852
27854
27859
27862
27867
27870
27873
27879
27882
27885
27891
27894
27901
27902
27907
27914
27916
27923
27926
27929
27940
27941
27946
27949
27952
27958
27960
27967
27972
27979
27982
27987
27997
28006
28009
28016
28019
28026
28029
28030
28036
28038
28053
28055
28060
28065
28074
28076
28079
28085
28094
28108
28114
28121
28135
28136
28154
28162
28176
28178
28186
28194
28203
28211
28222
28225
28232
28238
28243
28246
28247
28259
28271
28285
28292
28297
28300
28306
28311
28335
28342
28345
28352
28367
28373
28388
28391
28402
28405
28417
28420
28423
28429
28473
28489
28586
28604
28605
28610
28626
28631
28633
28640
28643
28650
28656
28658
28661
28670
28674
28676
28708
28717
28720
28726
28736
28739
28742
28745
28752
28754
28756
28760
28766
28769
28776
28781
28795
28804
28810
28813
28820
28823
28828
28831
28834
28837
28840
28843
28846
28853
28862
28868
28870
28875
28878
28883
28886
28889
28892
28897
28900
28905
28911
28918
28929
28935
28938
28941
28944
28947
28950
28953
28958
28961
28968
28971
28976
28979
28982
28987
28989
28995
28998
29009
29016
29019
29022
29025
29028
29031
29034
29039
29042
29047
29050
29053
29058
29061
29064
29069
29089
29093
29111
29114
29117
29123
29126
29129
29132
29135
29138
29143
29146
29149
29154
29158
29161
29166
29169
29172
29179
29182
29187
29190
29193
29200
29203
29208
29211
29214
29222
29226
29230
29233
29240
29243
29247
29250
29253
29262
29281
29284
29297
29300
29306
29308
29316
29320
29325
29327
29333
29336
29343
29346
29349
29354
29357
29364
29367
29372
29375
29378
29381
29384
29390
29395
29398
29400
29405
29407
29416
29419
29430
29435
29444
29448
29456
29459
29466
29469
29476
29486
29492
29503
29511
29514
29518
29544
29550
29552
29557
29560
29564
29566
29568
29569
29578
29585
29594
29598
29607
29610
29611
29613
29614
29615
29617
29619
29624
29631
29634
29645
29648
29650
29651
29659
29662
29664
29667
29674
29690
29695
29699
29702
29711
29713
29725
29727
29730
29738
29751
29754
29755
29762
29764
29768
29770
29782
29784
29794
29799
29804
29818
29827
29830
29839
29858
29861
29866
29868
29871
29877
29885
29896
29897
29901
29939
29946
29960
29964
29968
29971
29976
29979
29982
29987
29989
29994
29996
29999
30006
30011
30016
30023
30026
30031
30037
30050
30052
30063
30066
30071
30077
30084
30087
30097
30104
30109
30114
30119
30122
30125
30128
30134
30137
30140
30143
30146
30149
30157
30160
30163
30176
30188
30193
30201
30204
30206
30209
30212
30215
30218
30221
30226
30229
30234
30237
30240
30247
30249
30252
30254
30257
30268
30271
30278
30281
30284
30289
30291
30296
30299
30302
30311
30315
30320
30327
30330
30331
30339
30348
30357
30360
30361
30367
30369
30376
30377
30382
30390
30395
30406
30412
30417
30421
30424
30433
30436
30441
30444
30447
30455
30459
30462
30474
30489
30491
30496
30499
30509
30512
30514
30526
30527
30533
30534
30540
30547
30549
30575
30576
30580
30582
30584
30585
30587
30616
30620
30655
30658
30662
30669
30680
30681
30690
30693
30698
30717
30719
30720
30721
30734
30738
30742
30781
30786
30791
30793
30802
30804
30805
30812
30814
30823
30831
30839
30847
30853
30859
30861
30874
30891
30895
30901
30905
30908
30913
30915
30920
30952
30958
30961
30967
30985
30987
30994
30996
31001
31004
31005
31012
31015
31020
31023
31033
31053
31061
31081
31083
31085
31087
31091
31094
31097
31105
31106
31107
31112
31118
31121
31127
31130
31138
31141
31151
31155
31164
31184
31199
31206
31209
31223
31231
31265
31278
31280
31296
31304
31310
31320
31336
31340
31343
31348
31351
31353
31361
31377
31380
31384
31390
31399
31412
31425
31432
31435
31446
31451
31460
31465
31467
31472
31475
31477
31484
31493
31494
31496
31498
31503
31506
31509
31520
31526
31528
31531
31534
31537
31539
31542
31561
31564
31569
31572
31575
31583
31590
31598
31603
31608
31611
31617
31624
31634
31636
31644
31651
31654
31657
31660
31662
31669
31672
31677
31680
31683
31686
31691
31694
31702
31705
31712
31718
31722
31725
31732
31735
31742
31745
31751
31754
31765
31771
31778
31781
31789
31793
31799
31810
31822
31824
31826
31827
31828
31831
31838
31841
31844
31849
31852
31855
31857
31860
31863
31875
31878
31881
31886
31889
31896
31897
31908
31916
31923
31928
31930
31937
31940
31954
31958
31959
31963
31971
31983
31985
31988
31994
31999
32007
32011
32014
32015
32027
32029
32031
32045
32046
32050
32052
32054
32055
32060
32062
32064
32071
32074
32077
32090
32096
32100
32102
32103
32111
32114
32115
32124
32127
32130
32134
32141
32144
32164
32167
32169
32174
32177
32185
32190
32193
32196
32208
32221
32237
32240
32243
32246
32249
32252
32255
32258
32261
32264
32266
32273
32283
32286
32289
32292
32295
32298
32306
32308
32313
32315
32318
32325
32328
32331
32334
32337
32340
32343
32348
32350
32353
32355
32362
32369
32372
32375
32378
32381
32384
32387
32392
32394
32401
32403
32411
32423
32426
32432
32435
32438
32445
32456
32459
32465
32468
32484
32490
32493
32498
32501
32504
32511
32514
32519
32522
32525
32530
32533
32536
32541
32544
32547
32552
32555
32557
32561
32564
32570
32573
32576
32581
32584
32589
32592
32595
32600
32605
32612
32617
32622
32625
32628
32631
32634
32637
32644
32647
32656
32663
32664
32675
32677
32681
32691
32700
32702
32708
32710
32716
32718
32720
32724
32727
32730
32733
32736
32739
32742
32745
32748
32751
32754
32757
32760
32763
32776
32778
32784
32787
32790
32793
32796
32799
32813
32817
32820
32828
32831
32834
32842
32849
32853
32856
32862
32864
32867
32873
32876
32883
32891
32894
32900
32904
32907
32912
32917
32922
32928
32938
32945
32950
32956
32960
32966
32969
32975
32976
32979
32984
32987
32990
32994
33000
33004
33009
33034
33036
33041
33044
33046
33049
33054
33059
33065
33073
33080
33086
33110
33121
33124
33129
33131
33134
33137
33139
33142
33149
33157
33165
33169
33173
33180
33182
33186
33187
33189
33194
33196
33201
33202
33213
33217
33228
33231
33232
33238
33240
33248
33250
33252
33257
33267
33273
33281
33288
33301
33303
33304
33306
33308
33309
33311
33318
33332
33336
33338
33342
33345
33348
33354
33361
33363
33374
33379
33400
33403
33407
33410
33416
33421
33423
33428
33430
33433
33441
33446
33447
33453
33457
33459
33472
33485
33491
33495
33497
33504
33513
33519
33522
33525
33527
33540
33542
33543
33549
33555
33557
33562
33569
33570
33571
33574
33578
33581
33583
33588
33607
33612
33615
33618
33626
33630
33635
33645
33649
33656
33658
33663
33673
33675
33682
33684
33688
33692
33696
33697
33704
33705
33710
33712
33727
33728
33737
33740
33741
33745
33770
33773
33776
33778
33781
33797
33803
33812
33813
33816
33825
33841
33876
33879
33881
33896
33903
33905
33909
33916
33989
33991
34003
34006
34013
34016
34023
34029
34034
34043
34044
34053
34055
34066
34074
34079
34086
34089
34096
34099
34106
34109
34155
34158
34164
34167
34170
34178
34181
34191
34194
34197
34203
34206
34209
34214
34219
34223
34225
34232
34235
34262
34264
34267
34270
34273
34276
34279
34296
34302
34310
34313
34317
34322
34329
34331
34349
34351
34361
34362
34364
34369
34372
34382
34385
34390
34393
34396
34399
34407
34411
34414
34417
34420
34425
34427
34435
34438
34443
34446
34449
34458
34461
34466
34469
34471
34474
34477
34481
34488
34491
34493
34498
34501
34504
34512
34514
34518
34520
34523
34538
34541
34571
34573
34574
34581
34582
34583
34585
34588
34596
34599
34608
34611
34616
34619
34622
34629
34632
34635
34638
34643
34646
34649
34656
34659
34671
34681
34684
34703
34706
34713
34716
34723
34729
34732
34739
34741
34743
34746
34751
34753
34758
34761
34762
34764
34782
34787
34789
34792
34794
34803
34809
34810
34819
34820
34824
34826
34828
34829
34831
34836
34844
34848
34849
34855
34859
34863
34869
34875
34876
34878
34880
34882
34885
34886
34888
34893
34899
34900
34905
34911
34916
34918
34926
34929
34933
34936
34938
34940
34948
34953
34958
34960
34967
34969
34980
34983
34988
34994
34999
35004
35006
35014
35026
35028
35038
35042
35043
35055
35059
35066
35072
35093
35095
35096
35108
35130
35135
35144
35151
35165
35168
35172
35179
35182
35187
35215
35220
35222
35225
35237
35239
35242
35249
35271
35273
35303
35305
35310
35332
35347
35350
35352
35356
35368
35369
35381
35383
35388
35390
35396
35431
35444
35450
35452
35460
35472
35475
35481
35499
35510
35528
35589
35595
35605
35608
35610
35623
35628
35632
35639
35640
35647
35649
35655
35672
35678
35683
35685
35687
35692
35710
35716
35719
35726
35729
35736
35738
35745
35750
35755
35757
35762
35768
35771
35781
35784
35789
35791
35802
35807
35810
35812
35815
35818
35821
35830
35833
35848
35851
35856
35859
35862
35865
35873
35884
35887
35894
35897
35904
35905
35912
35916
35919
35924
35927
35930
35937
35942
35944
35952
35955
35960
35963
35966
35980
35983
35994
36000
36003
36007
36014
36019
36024
36026
36029
36034
36038
36039
36042
36045
36048
36053
36060
36062
36065
36068
36071
36074
36079
36082
36085
36092
36095
36100
36103
36105
36108
36113
36118
36121
36124
36129
36132
36139
36142
36149
36151
36161
36162
36165
36172
36175
36182
36190
36193
36198
36200
36203
36206
36212
36225
36231
36236
36241
36242
36245
36250
36253
36256
36262
36265
36270
36273
36276
36283
36284
36287
36291
36294
36299
36302
36305
36308
36313
36316
36323
36343
36356
36362
36364
36377
36379
36388
36393
36396
36399
36402
36405
36414
36417
36424
36431
36447
36450
36456
36459
36469
36478
36484
36494
36498
36507
36515
36517
36522
36525
36530
36533
36539
36540
36542
36545
36552
36555
36561
36572
36595
36598
36608
36613
36640
36642
36649
36653
36655
36658
36664
36665
36669
36672
36682
36685
36689
36691
36695
36697
36700
36702
36705
36708
36721
36722
36759
36761
36769
36775
36778
36794
36806
36833
36838
36843
36873
36876
36877
36880
36882
36890
36899
36913
36916
36917
36922
36925
36928
36929
36934
36946
36949
36951
36952
36960
36969
36972
36979
36982
36990
36997
37000
37004
37009
37014
37016
37019
37026
37028
37035
37042
37051
37058
37061
37067
37070
37073
37080
37093
37104
37115
37121
37124
37137
37140
37145
37148
37151
37157
37160
37163
37170
37173
37174
37177
37182
37185
37188
37191
37206
37212
37215
37220
37223
37226
37241
37249
37252
37260
37263
37270
37273
37282
37289
37294
37296
37297
37305
37314
37316
37325
37331
37334
37343
37346
37347
37348
37351
37354
37357
37360
37363
37368
37371
37374
37377
37383
37386
37389
37394
37397
37402
37405
37408
37413
37416
37425
37431
37434
37437
37440
37443
37446
37453
37456
37459
37464
37467
37477
37483
37486
37494
37497
37505
37508
37513
37516
37526
37530
37532
37537
37542
37547
37551
37554
37557
37560
37585
37588
37593
37596
37599
37606
37609
37612
37615
37618
37621
37641
37644
37649
37652
37655
37663
37665
37673
37678
37688
37705
37709
37712
37717
37720
37723
37729
37731
37736
37747
37750
37752
37759
37761
37771
37774
37776
37777
37780
37790
37807
37810
37811
37813
37823
37826
37831
37833
37840
37844
37866
37883
37884
37909
37914
37933
37958
37962
37963
37965
37972
37994
37999
38021
38031
38032
38038
38049
38055
38070
38076
38092
38098
38117
38120
38131
38132
38133
38134
38140
38146
38151
38157
38189
38191
38198
38204
38205
38222
38223
38225
38240
38243
38249
38252
38262
38271
38280
38282
38284
38312
38313
38327
38349
38357
38360
38363
38368
38371
38378
38385
38398
38399
38404
38408
38411
38429
38432
38437
38440
38450
38453
38460
38463
38473
38477
38485
38498
38501
38504
38507
38510
38513
38515
38520
38522
38529
38531
38535
38536
38539
38544
38547
38550
38553
38556
38567
38571
38574
38579
38582
38590
38597
38607
38610
38613
38616
38619
38622
38628
38631
38638
38641
38643
38648
38649
38653
38658
38661
38673
38678
38681
38695
38697
38701
38704
38724
38731
38734
38740
38743
38748
38751
38753
38758
38761
38764
38772
38775
38781
38783
38788
38796
38798
38802
38805
38808
38813
38816
38819
38824
38826
38829
38837
38841
38846
38849
38852
38857
38860
38867
38870
38874
38884
38890
38910
38912
38914
38917
38923
38933
38943
38946
38954
38957
38962
38965
38968
38975
38981
38986
38989
38995
38998
39001
39004
39009
39011
39014
39021
39026
39035
39038
39048
39050
39052
39056
39059
39062
39070
39074
39082
39085
39090
39093
39096
39101
39104
39110
39120
39128
39140
39145
39148
39155
39158
39167
39168
39173
39178
39181
39182
39192
39193
39199
39202
39205
39208
39219
39221
39223
39227
39233
39238
39240
39242
39248
39250
39255
39258
39264
39269
39271
39273
39289
39295
39298
39305
39311
39321
39328
39341
39344
39349
39352
39354
39357
39362
39366
39373
39374
39381
39382
39396
39406
39412
39423
39428
39432
39437
39440
39442
39446
39448
39458
39459
39463
39472
39476
39507
39515
39520
39523
39525
39534
39536
39545
39550
39552
39558
39562
39564
39565
39572
39581
39602
39606
39614
39617
39619
39622
39625
39628
39630
39636
39644
39649
39652
39657
39659
39662
39665
39670
39671
39672
39674
39677
39679
39683
39686
39689
39693
39702
39704
39705
39709
39711
39719
39721
39728
39729
39730
39733
39734
39745
39749
39758
39764
39767
39779
39783
39786
39789
39792
39795
39798
39808
39814
39816
39821
39824
39842
39845
39849
39851
39854
39862
39867
39870
39878
39879
39881
39889
39894
39895
39902
39918
39922
39929
39936
39939
39943
39946
39949
39955
39956
39959
39962
39965
39973
39977
39979
39982
39985
39990
39993
39996
40013
40014
40019
40020
40024
40026
40028
40030
40033
40037
40042
40047
40050
40057
40065
40072
40079
40091
40095
40097
40104
40107
40112
40119
40162
40164
40168
40170
40173
40181
40187
40188
40190
40192
40197
40200
40210
40213
40216
40219
40225
40239
40247
40272
40289
40304
40310
40312
40319
40322
40329
40331
40336
40339
40345
40354
40359
40362
40365
40370
40374
40382
40389
40391
40396
40404
40413
40416
40419
40423
40424
40426
40428
40431
40433
40439
40442
40450
40458
40461
40466
40472
40474
40480
40483
40485
40490
40494
40495
40498
40515
40517
40522
40546
40560
40565
40568
40573
40576
40579
40591
40597
40600
40611
40619
40624
40633
40635
40638
40645
40654
40664
40684
40687
40695
40698
40704
40707
40716
40726
40728
40736
40739
40742
40746
40748
40753
40767
40775
40779
40784
40793
40805
40814
40820
40827
40836
40839
40848
40851
40858
40861
40868
40871
40876
40879
40882
40886
40889
40892
40895
40899
40902
40909
40913
40914
40921
40925
40928
40931
40933
40938
40940
40946
40958
40961
40969
40977
40983
40991
40992
40998
41001
41004
41011
41029
41034
41039
41042
41045
41051
41054
41057
41060
41063
41066
41076
41079
41082
41087
41090
41093
41100
41101
41111
41126
41136
41140
41145
41150
41167
41169
41172
41175
41178
41180
41181
41184
41195
41208
41213
41221
41245
41263
41275
41294
41299
41300
41301
41308
41351
41356
41363
41366
41369
41381
41386
41397
41399
41406
41409
41424
41435
41441
41458
41461
41467
41478
41494
41505
41511
41514
41519
41522
41525
41530
41533
41534
41541
41543
41546
41551
41554
41557
41560
41568
41573
41576
41579
41584
41597
41600
41605
41608
41613
41616
41626
41627
41633
41640
41641
41673
41677
41678
41686
41689
41694
41697
41699
41706
41709
41712
41715
41718
41721
41724
41727
41730
41733
41736
41739
41742
41745
41756
41763
41765
41768
41773
41776
41782
41785
41794
41806
41808
41813
41816
41819
41828
41835
41838
41848
41872
41875
41881
41888
41894
41895
41897
41902
41905
41908
41914
41917
41922
41928
41935
41947
41950
41956
41962
41969
41972
41979
41984
41993
41996
42007
42013
42023
42059
42066
42069
42076
42090
42092
42099
42102
42117
42125
42131
42135
42137
42140
42146
42149
42150
42152
42156
42164
42169
42172
42179
42181
42184
42187
42189
42192
42195
42201
42203
42205
42209
42212
42217
42219
42226
42228
42233
42236
42239
42246
42249
42259
42262
42267
42270
42273
42282
42283
42288
42293
42304
42307
42320
42329
42332
42337
42343
42349
42352
42360
42375
42378
42394
42404
42406
42409
42421
42424
42429
42432
42435
42443
42446
42451
42454
42457
42464
42467
42474
42477
42484
42487
42489
42494
42497
42502
42505
42508
42515
42527
42550
42553
42568
42569
42584
42594
42603
42608
42611
42616
42618
42623
42626
42634
42643
42645
42650
42653
42656
42666
42671
42672
42675
42678
42686
42689
42692
42700
42702
42711
42726
42729
42742
42745
42753
42760
42761
42766
42772
42779
42788
42801
42805
42824
42829
42834
42845
42848
42849
42854
42855
42880
42881
42887
42899
42902
42905
42921
42929
42954
42957
42962
42965
42976
42981
42985
42989
42998
43001
43004
43007
43016
43018
43026
43035
43037
43042
43058
43073
43089
43096
43099
43103
43105
43107
43108
43125
43131
43137
43144
43147
43154
43162
43165
43170
43173
43176
43183
43185
43188
43193
43196
43200
43203
43206
43213
43220
43222
43228
43233
43237
43255
43273
43280
43290
43296
43299
43313
43320
43323
43326
43329
43332
43335
43338
43344
43348
43357
43387
43396
43398
43413
43424
43427
43434
43437
43442
43445
43454
43478
43482
43484
43486
43493
43498
43515
43518
43520
43528
43540
43543
43563
43565
43566
43571
43582
43593
43595
43602
43604
43605
43611
43614
43631
43633
43672
43683
43684
43686
43688
43689
43690
43695
43703
43708
43710
43715
43718
43721
43732
43739
43751
43756
43758
43764
43770
43771
43779
43791
43799
43806
43809
43814
43817
43820
43828
43832
43836
43846
43849
43858
43861
43864
43867
43870
43873
43878
43883
43886
43890
43895
43898
43903
43906
43909
43918
43920
43922
43926
43928
43938
43942
43951
43963
43965
43968
43971
43974
43977
43984
43986
43989
43993
43996
44001
44004
44023
44028
44030
44032
44038
44041
44053
44054
44057
44062
44065
44068
44074
44077
44080
44087
44089
44092
44097
44100
44103
44106
44109
44112
44119
44128
44131
44134
44139
44142
44145
44152
44155
44160
44174
44179
44182
44189
44192
44198
44199
44202
44205
44217
44224
44226
44240
44248
44254
44255
44259
44262
44269
44272
44279
44282
44285
44288
44291
44300
44301
44311
44313
44316
44319
44322
44325
44328
44331
44338
44339
44344
44349
44355
44357
44383
44386
44389
44397
44400
44414
44416
44429
44435
44438
44450
44458
44486
44492
44494
44501
44511
44515
44517
44520
44522
44523
44526
44528
44531
44537
44538
44549
44552
44557
44559
44561
44564
44567
44571
44574
44577
44582
44585
44591
44602
44606
44613
44617
44618
44625
44634
44636
44641
44643
44661
44663
44665
44669
44672
44674
44675
44680
44695
44696
44700
44707
44711
44716
44722
44725
44727
44732
44734
44739
44745
44749
44751
44755
44757
44775
44779
44781
44782
44794
44797
44800
44806
44812
44830
44850
44858
44861
44874
44878
44884
44887
44890
44894
44899
44909
44923
44926
44929
44934
44937
44944
44958
44961
44966
44968
44971
44985
44988
44994
45000
45004
45014
45017
45025
45039
45043
45045
45056
45066
45074
45077
45085
45087
45093
45096
45103
45106
45112
45121
45124
45131
45133
45138
45141
45151
45154
45160
45163
45192
45195
45205
45233
45237
45240
45245
45248
45254
45257
45260
45263
45266
45269
45276
45279
45282
45295
45298
45304
45307
45316
45317
45321
45358
45393
45418
45423
45431
45437
45438
45440
45446
45449
45454
45460
45469
45478
45483
45486
45489
45512
45514
45517
45520
45523
45533
45534
45539
45545
45546
45556
45562
45582
45603
45620
45644
45647
45650
45656
45659
45662
45667
45670
45675
45678
45681
45684
45687
45690
45700
45707
45709
45712
45715
45718
45721
45731
45739
45746
45749
45754
45757
45760
45763
45792
45794
45800
45803
45812
45814
45816
45821
45823
45824
45841
45844
45856
45862
45865
45872
45875
45883
45887
45892
45894
45897
45900
45906
45913
45914
45919
45925
45927
45981
45984
45992
45995
45998
46001
46005
46008
46018
46024
46027
46035
46037
46046
46051
46057
46073
46100
46104
46105
46110
46121
46127
46129
46131
46132
46133
46136
46138
46141
46142
46145
46150
46153
46156
46163
46166
46172
46175
46178
46181
46186
46189
46195
46198
46201
46204
46209
46212
46215
46218
46221
46233
46237
46239
46242
46245
46248
46251
46259
46269
46277
46290
46293
46300
46303
46310
46312
46317
46320
46323
46330
46333
46338
46341
46356
46363
46369
46379
46397
46405
46408
46413
46418
46425
46428
46433
46436
46439
46442
46450
46457
46460
46466
46469
46477
46480
46492
46498
46501
46504
46509
46512
46515
46518
46521
46524
46527
46535
46545
46548
46556
46570
46573
46581
46584
46591
46594
46600
46603
46647
46656
46659
46668
46678
46685
46688
46691
46697
46700
46713
46718
46721
46728
46731
46734
46742
46749
46757
46760
46766
46768
46782
46783
46793
46806
46810
46812
46826
46829
46834
46837
46840
46843
46846
46851
46856
46863
46866
46873
46876
46881
46884
46887
46894
46897
46902
46905
46908
46911
46924
46950
46953
46955
46958
46960
46964
46972
46985
46986
46989
46996
47001
47007
47013
47041
47045
47059
47062
47108
47113
47116
47131
47135
47141
47144
47153
47188
47201
47203
47207
47210
47211
47217
47220
47223
47227
47229
47249
47251
47259
47278
47288
47289
47292
47308
47314
47316
47321
47325
47337
47340
47342
47356
47364
47366
47397
47399
47419
47420
47424
47431
47435
47438
47443
47445
47452
47454
47464
47470
47476
47477
47479
47486
47493
47501
47521
47528
47541
47547
47550
47554
47558
47563
47567
47585
47586
47589
47591
47593
47600
47603
47607
47609
47615
47622
47624
47629
47632
47637
47654
47656
47657
47661
47666
47683
47684
47686
47694
47708
47733
47739
47744
47763
47783
47789
47794
47798
47841
47864
47880
47918
47942
47945
47955
47956
47959
47961
47963
47966
47971
47974
47977
47984
47987
47993
47996
47999
48002
48007
48010
48015
48017
48020
48027
48029
48036
48039
48046
48055
48060
48062
48069
48072
48079
48088
48097
48104
48109
48112
48115
48121
48124
48140
48159
48169
48184
48189
48192
48195
48202
48205
48208
48211
48214
48217
48220
48235
48244
48246
48251
48254
48257
48264
48267
48271
48274
48277
48283
48286
48291
48294
48297
48305
48313
48316
48337
48338
48348
48355
48357
48367
48384
48391
48407
48410
48415
48418
48421
48432
48434
48437
48442
48445
48448
48455
48457
48461
48463
48466
48473
48475
48480
48484
48488
48489
48491
48495
48504
48516
48534
48537
48544
48547
48550
48556
48557
48565
48568
48570
48575
48578
48583
48586
48589
48598
48603
48606
48609
48625
48629
48651
48653
48667
48670
48672
48691
48698
48728
48730
48754
48763
48766
48771
48790
48792
48799
48802
48815
48816
48820
48821
48823
48826
48828
48848
48855
48862
48868
48875
48878
48879
48895
48902
48906
48908
48922
48931
48936
48938
48943
48956
48963
48968
48973
48974
48980
48990
48991
48997
49022
49027
49029
49032
49038
49057
49059
49063
49072
49079
49083
49095
49117
49122
49139
49165
49168
49177
49186
49196
49227
49230
49234
49237
49244
49247
49252
49266
49268
49272
49277
49299
49301
49307
49314
49315
49317
49320
49325
49328
49330
49332
49337
49341
49343
49346
49348
49354
49357
49362
49363
49368
49372
49386
49387
49405
49424
49432
49436
49438
49478
49481
49492
49509
49518
49526
49528
49535
49538
49549
49566
49570
49572
49577
49580
49582
49584
49587
49588
49589
49598
49604
49615
49617
49618
49622
49624
49629
49632
49635
49638
49643
49646
49654
49657
49664
49667
49675
49678
49684
49686
49693
49702
49705
49712
49715
49718
49723
49726
49733
49744
49749
49751
49758
49761
49786
49789
49795
49801
49803
49820
49831
49834
49842
49845
49852
49855
49858
49861
49864
49867
49872
49875
49878
49894
49897
49900
49903
49906
49909
49916
49919
49925
49928
49935
49938
49941
49944
49947
49950
49958
49968
49971
49983
49986
49994
50003
50005
50017
50025
50027
50029
50035
50039
50043
50047
50051
50053
50058
50061
50066
50069
50072
50079
50082
50084
50088
50091
50098
50101
50108
50110
50112
50115
50117
50119
50124
50128
50130
50134
50136
50155
50159
50162
50168
50174
50176
50182
50201
50204
50207
50210
50213
50216
50227
50234
50236
50244
50247
50252
50255
50258
50265
50268
50271
50273
50279
50286
50330
50334
50336
50337
50338
50339
50344
50350
50357
50366
50368
50374
50376
50381
50384
50390
50403
50417
50425
50433
50438
50440
50454
50456
50483
50490
50493
50495
50501
50504
50507
50510
50515
50522
50528
50530
50537
50544
50551
50559
50561
50589
50595
50596
50604
50605
50607
50614
50620
50624
50628
50630
50635
50638
50642
50644
50652
50658
50664
50684
50722
50728
50731
50734
50739
50742
50750
50789
50796
50803
50818
50820
50842
50845
50851
50857
50865
50866
50868
50881
50887
50895
50899
50902
50904
50907
50910
50915
50918
50921
50924
50929
50932
50935
50938
50941
50944
50952
50955
50958
50961
50964
50967
50974
50977
50987
50992
50997
51000
51002
51005
51014
51017
51020
51025
51028
51035
51038
51045
51052
51057
51060
51065
51068
51071
51079
51085
51088
51090
51095
51097
51100
51106
51109
51114
51119
51121
51124
51127
51128
51141
51151
51162
51167
51170
51173
51176
51181
51184
51187
51190
51193
51196
51199
51202
51205
51208
51215
51218
51225
51228
51234
51237
51240
51248
51250
51258
51261
51268
51271
51274
51277
51280
51283
51289
51295
51302
51305
51332
51335
51348
51350
51354
51363
51366
51372
51378
51380
51381
51383
51387
51389
51391
51403
51407
51410
51416
51419
51422
51429
51432
51435
51443
51446
51451
51454
51456
51463
51465
51473
51486
51496
51504
51507
51512
51515
51518
51527
51533
51541
51544
51547
51550
51553
51556
51575
51580
51583
51586
51589
51593
51596
51601
51604
51607
51612
51615
51617
51622
51625
51627
51634
51640
51643
51645
51666
51679
51686
51700
51712
51723
51732
51733
51741
51755
51765
51776
51783
51786
51790
51803
51822
51826
51854
51857
51872
51884
51903
51906
51910
51927
51936
51951
51969
51971
51984
51999
52001
52004
52010
52014
52024
52049
52061
52064
52066
52072
52074
52087
52089
52100
52105
52125
52131
52132
52137
52147
52151
52157
52161
52164
52184
52208
52210
52214
52217
52220
52223
52226
52229
52236
52239
52246
52252
52258
52261
52264
52267
52269
52272
52279
52281
52288
52290
52302
52307
52309
52314
52320
52327
52330
52340
52347
52350
52354
52359
52362
52365
52368
52371
52374
52382
52384
52389
52399
52402
52409
52412
52415
52420
52427
52431
52434
52459
52462
52468
52473
52480
52483
52488
52491
52494
52501
52502
52510
52513
52520
52523
52529
52532
52535
52544
52545
52552
52555
52557
52562
52565
52571
52574
52577
52586
52591
52604
52607
52610
52618
52621
52631
52640
52649
52651
52669
52677
52692
52695
52698
52701
52704
52707
52714
52717
52719
52721
52727
52729
52734
52737
52739
52746
52748
52753
52760
52769
52779
52782
52787
52800
52802
52816
52818
52822
52824
52827
52830
52835
52838
52847
52849
52854
52857
52860
52866
52869
52872
52878
52881
52888
52890
52898
52901
52908
52914
52915
52922
52931
52937
52954
52956
52957
52958
52959
52961
52966
52969
52971
52979
52984
52987
52989
52992
52996
52999
53001
53006
53009
53021
53022
53025
53027
53034
53038
53041
53044
53054
53056
53067
53070
53086
53100
53103
53109
53111
53117
53120
53125
53130
53142
53143
53144
53146
53148
53151
53154
53158
53166
53169
53171
53173
53178
53196
53202
53204
53211
53213
53216
53219
53225
53228
53230
53235
53242
53248
53253
53255
53265
53269
53271
53275
53278
53281
53288
53295
53298
53306
53310
53312
53320
53349
53353
53354
53355
53358
53363
53366
53374
53383
53386
53391
53394
53396
53403
53406
53408
53433
53440
53443
53451
53460
53467
53469
53479
53516
53534
53537
53540
53545
53548
53553
53556
53559
53564
53568
53573
53578
53581
53584
53587
53593
53596
53599
53605
53609
53612
53614
53616
53622
53627
53630
53632
53638
53650
53656
53659
53683
53692
53698
53704
53706
53711
53714
53717
53725
53726
53727
53730
53735
53740
53753
53760
53763
53765
53768
53769
53783
53790
53793
53794
53797
53805
53817
53826
53834
53841
53844
53851
53858
53859
53892
53893
53894
53899
53902
53905
53912
53914
53920
53922
53929
53932
53938
53943
53946
53947
53954
53961
53964
53971
53974
53980
53982
53987
53995
53998
54011
54016
54021
54026
54036
54044
54052
54055
54063
54065
54071
54074
54081
54083
54086
54096
54098
54101
54104
54110
54122
54124
54127
54132
54136
54141
54144
54150
54157
54160
54163
54173
54178
54179
54183
54186
54195
54199
54203
54209
54211
54214
54219
54222
54229
54231
54233
54239
54241
54247
54255
54260
54263
54265
54285
54287
54289
54294
54305
54309
54311
54317
54325
54327
54330
54333
54337
54340
54343
54357
54359
54362
54364
54366
54369
54375
54377
54380
54383
54386
54389
54394
54397
54400
54406
54409
54412
54415
54418
54420
54422
54433
54436
54441
54447
54450
54453
54458
54461
54466
54469
54472
54478
54485
54491
54493
54495
54501
54514
54527
54535
54540
54553
54558
54570
54572
54577
54580
54582
54590
54593
54598
54600
54603
54613
54621
54626
54629
54634
54637
54640
54656
54658
54661
54666
54668
54670
54673
54678
54686
54688
54693
54701
54716
54728
54734
54745
54749
54760
54765
54768
54771
54778
54781
54787
54791
54794
54796
54827
54832
54834
54846
54859
54868
54871
54876
54879
54882
54884
54887
54901
54905
54908
54913
54916
54919
54926
54928
54937
54951
54959
54976
54987
54994
55021
55028
55032
55035
55038
55040
55048
55056
55068
55070
55077
55082
55085
55112
55114
55115
55135
55136
55142
55143
55159
55167
55170
55173
55176
55179
55182
55185
55192
55195
55200
55203
55206
55211
55214
55217
55220
55223
55226
55228
55231
55236
55237
55242
55247
55250
55251
55252
55254
55259
55265
55268
55275
55296
55299
55302
55308
55333
55358
55361
55363
55369
55373
55376
55386
55389
55392
55397
55400
55406
55409
55412
55419
55421
55430
55437
55440
55443
55446
55449
55452
55457
55463
55469
55472
55475
55477
55479
55482
55488
55491
55500
55508
55517
55520
55521
55526
55528
55539
55542
55552
55568
55571
55574
55578
55581
55596
55600
55602
55608
55611
55614
55624
55631
55634
55636
55638
55641
55644
55656
55661
55663
55667
55689
55692
55700
55706
55718
55721
55724
55726
55729
55734
55737
55744
55747
55750
55753
55759
55766
55769
55777
55780
55783
55786
55789
55792
55802
55810
55813
55816
55829
55853
55860
55861
55864
55865
55867
55870
55875
55878
55881
55888
55891
55896
55899
55902
55910
55913
55918
55921
55930
55947
55951
55954
55960
55963
55971
55975
55977
55980
55987
55992
55995
55998
56001
56007
56015
56017
56024
56030
56038
56046
56049
56052
56056
56060
56073
56075
56078
56084
56087
56093
56096
56102
56105
56108
56111
56118
56126
56133
56136
56139
56145
56148
56155
56158
56160
56165
56168
56173
56174
56177
56180
56183
56186
56191
56194
56197
56204
56220
56227
56230
56236
56240
56259
56260
56265
56268
56279
56282
56289
56292
56308
56313
56316
56319
56328
56333
56335
56337
56350
56354
56357
56364
56372
56374
56376
56378
56389
56392
56395
56398
56401
56404
56416
56419
56422
56426
56428
56434
56437
56444
56447
56457
56463
56465
56492
56498
56500
56507
56510
56517
56519
56526
56528
56535
56538
56541
56547
56549
56554
56557
56566
56587
56589
56596
56599
56607
56618
56625
56631
56638
56641
56655
56667
56682
56684
56691
56693
56701
56704
56711
56714
56720
56723
56726
56729
56732
56735
56742
56745
56747
56751
56754
56759
56762
56765
56772
56779
56782
56789
56791
56797
56816
56821
56828
56832
56839
56862
56868
56875
56878
56891
56902
56906
56909
56912
56923
56925
56927
56930
56933
56936
56942
56945
56952
56956
56964
56970
56971
56977
56987
56988
56995
56996
57001
57004
57007
57009
57012
57015
57039
57042
57049
57062
57070
57081
57089
57102
57110
57137
57139
57140
57146
57148
57157
57193
57195
57202
57218
57227
57228
57238
57242
57253
57258
57262
57263
57270
57272
57275
57283
57288
57295
57297
57298
57301
57326
57328
57329
57331
57334
57339
57342
57344
57347
57352
57355
57360
57363
57366
57373
57376
57379
57385
57388
57397
57400
57407
57418
57420
57423
57430
57433
57441
57444
57454
57460
57464
57467
57472
57475
57485
57488
57499
57503
57508
57513
57516
57538
57540
57550
57563
57570
57573
57580
57583
57586
57589
57592
57595
57602
57604
57611
57614
57622
57625
57632
57635
57640
57643
57645
57654
57660
57663
57668
57671
57674
57681
57691
57707
57716
57719
57732
57734
57744
57757
57758
57761
57770
57774
57777
57781
57784
57792
57794
57815
57818
57822
57827
57834
57837
57845
57851
57857
57858
57869
57872
57880
57883
57892
57895
57899
57901
57908
57911
57914
57917
57920
57923
57926
57931
57938
57955
57958
57963
57968
57975
57978
57985
57988
57997
58005
58018
58020
58029
58034
58038
58043
58046
58048
58063
58088
58091
58095
58097
58111
58115
58126
58128
58135
58137
58142
58159
58171
58178
58203
58207
58209
58215
58218
58227
58231
58258
58265
58268
58274
58280
58289
58291
58311
58324
58331
58334
58341
58347
58364
58372
58374
58377
58380
58385
58388
58391
58400
58404
58407
58410
58417
58419
58425
58428
58435
58458
58464
58470
58477
58482
58495
58497
58503
58506
58509
58512
58521
58531
58548
58552
58556
58559
58564
58567
58573
58576
58579
58582
58585
58591
58598
58607
58612
58614
58619
58622
58624
58627
58630
58633
58635
58643
58644
58649
58650
58653
58659
58661
58686
58697
58708
58716
58735
58736
58758
58760
58763
58765
58775
58776
58778
58780
58795
58803
58807
58810
58812
58813
58816
58819
58826
58832
58840
58843
58845
58848
58850
58855
58858
58860
58867
58870
58875
58879
58884
58887
58893
58897
58901
58918
58941
58948
58953
58954
58956
58958
58961
58965
58970
58975
58977
58984
59000
59006
59017
59022
59028
59045
59048
59049
59051
59057
59072
59074
59078
59090
59099
59106
59119
59128
59136
59153
59154
59158
59161
59169
59170
59171
59175
59178
59183
59186
59198
59202
59206
59209
59211
59215
59223
59233
59235
59238
59245
59247
59249
59252
59254
59255
59259
59262
59263
59265
59281
59286
59288
59295
59298
59303
59306
59310
59316
59327
59331
59334
59361
59362
59365
59370
59393
59396
59401
59417
59423
59424
59430
59432
59442
59450
59451
59473
59501
59503
59507
59510
59511
59514
59522
59528
59538
59541
59548
59551
59563
59564
59572
59574
59579
59593
59603
59605
59623
59624
59635
59642
59650
59651
59659
59669
59672
59678
59684
59691
59700
59702
59712
59718
59720
59725
59727
59734
59740
59742
59745
59749
59756
59758
59759
59767
59776
59785
59787
59790
59794
59795
59798
59813
59818
59826
59829
59832
59835
59838
59840
59847
59850
59853
59859
59862
59874
59875
59882
59895
59898
59907
59909
59916
59923
59956
59963
59968
59975
59981
59983
59988
59989
59991
59993
59996
60000
60033
60042
60050
60057
60058
60060
60068
60070
60082
60086
60092
60096
60109
60129
60153
60156
60158
60163
60164
60168
60173
60179
60192
60198
60201
60206
60212
60217
60225
60233
60266
60272
60282
60289
60307
60308
60310
60313
60320
60324
60325
60335
60339
60361
60387
60390
60392
60418
60426
60427
60428
60440
60441
60443
60448
60451
60453
60459
60468
60470
60483
60486
60516
60521
60522
60528
60535
60545
60562
60579
60605
60617
60630
60646
60650
60663
60666
60671
60683
60687
60692
60694
60711
60716
60721
60732
60744
60748
60753
60758
60762
60806
60813
60821
60826
60827
60830
60831
60839
60845
60854
60855
60862
60885
60896
60899
60906
60911
60924
60927
60938
60948
60950
60958
60965
60967
60974
60976
60982
61005
61009
61017
61024
61065
61067
61073
61076
61083
61088
61089
61101
61102
61107
61127
61142
61166
61169
61171
61176
61186
61198
61203
61206
61211
61214
61217
61224
61238
61241
61244
61247
61250
61253
61265
61267
61272
61275
61296
61302
61326
61331
61332
61335
61354
61356
61359
61364
61366
61372
61374
61379
61382
61390
61398
61401
61412
61415
61418
61420
61425
61428
61438
61439
61444
61447
61450
61456
61458
61464
61466
61471
61481
61496
61499
61501
61506
61507
61508
61510
61527
61530
61536
61542
61554
61561
61564
61576
61596
61631
61637
61639
61646
61659
61679
61681
61688
61692
61717
61725
61754
61776
61800
61804
61809
61861
61865
61881
61889
61891
61894
61897
61905
61915
61919
61936
61937
61946
61977
61987
62002
62008
62018
62020
62025
62028
62031
62047
62053
62056
62063
62066
62069
62081
62088
62090
62105
62151
62155
62167
62170
62173
62206
62208
62211
62217
62230
62231
62238
62241
62245
62247
62251
62254
62262
62268
62271
62295
62298
62303
62306
62309
62311
62318
62328
62331
62339
62353
62361
62403
62411
62416
62419
62420
62427
62428
62429
62430
62432
62437
62438
62447
62448
62490
62494
62497
62504
62506
62509
62519
62524
62526
62538
62553
62562
62578
62581
62587
62592
62595
62600
62601
62604
62620
62622
62624
62628
62631
62634
62641
62645
62652
62655
62658
62663
62666
62668
62673
62676
62685
62691
62693
62698
62701
62704
62715
62724
62730
62732
62741
62745
62746
62757
62759
62771
62778
62791
62802
62813
62815
62820
62823
62830
62833
62839
62842
62850
62857
62860
62865
62875
62878
62887
62889
62895
62904
62912
62914
62919
62922
62929
62942
62943
62949
62958
62967
62976
62978
62989
62991
62998
63001
63008
63011
63024
63027
63031
63036
63057
63078
63080
63090
63100
63107
63121
63135
63138
63148
63158
63202
63210
63214
63225
63241
63243
63246
63248
63257
63260
63266
63269
63276
63291
63298
63305
63313
63337
63346
63349
63356
63358
63371
63373
63378
63381
63384
63420
63423
63433
63438
63455
63457
63465
63472
63488
63490
63494
63497
63499
63508
63516
63519
63526
63528
63531
63534
63537
63539
63542
63557
63559
63562
63566
63569
63575
63577
63580
63582
63586
63590
63592
63595
63600
63603
63609
63610
63614
63616
63628
63636
63640
63646
63647
63654
63656
63657
63662
63672
63682
63685
63694
63698
63701
63705
63707
63710
63718
63719
63729
63732
63737
63740
63746
63748
63751
63754
63759
63762
63768
63776
63787
63795
63802
63833
63846
63851
63853
63863
63874
63881
63883
63888
63890
63893
63895
63913
63930
63938
63945
63947
63958
63962
63966
63971
63984
63989
63992
64002
64006
64008
64014
64017
64019
64055
64056
64061
64062
64071
64076
64082
64090
64095
64115
64127
64130
64136
64143
64147
64151
64156
64162
64165
64172
64173
64192
64200
64207
64218
64221
64242
64247
64250
64254
64257
64267
64274
64279
64284
64287
64295
64311
64317
64325
64332
64334
64338
64347
64349
64358
64362
64374
64375
64379
64385
64401
64403
64412
64413
64415
64442
64443
64471
64477
64482
64495
64498
64514
64533
64540
64542
64548
64549
64572
64579
64583
64600
64623
64627
64632
64635
64636
64642
64655
64659
64678
64684
64691
64694
64735
64738
64749
64750
64795
64797
64816
64850
64854
64859
64868
64878
64899
64900
64921
64925
64926
64931
64955
64964
64969
64977
65000
65019
65024
65035
65038
65039
65047
65050
65051
65052
65059
65061
65062
65070
65075
65085
65089
65099
65105
65106
65112
65115
65118
65121
65124
65125
65127
65132
65136
65137
65142
65153
65159
65161
65163
65187
65190
65193
65196
65207
65214
65219
65224
65230
65234
65245
65248
65250
65254
65256
65262
65268
65271
65278
65301
65322
65324
65328
65330
65333
65336
65343
65346
65349
65352
65356
65379
65392
65397
65402
65403
65417
65427
65434
65439
65444
65445
65446
65453
65457
65459
65476
65480
65482
65483
65489
65491
65492
65493
65500
65514
65515
65517
65520
65522
65524
65535
65538
65543
65546
65551
65552
65553
65557
65574
65593
65610
65611
65618
65620
65627
65636
65648
65652
65655
65658
65666
65673
65692
65699
65709
65739
65744
65750
65756
65759
65762
65773
65779
65782
65785
65791
65794
65797
65800
65808
65817
65844
65846
65853
65855
65862
65876
65882
65884
65893
65901
65924
65927
65934
65936
65940
65943
65946
65951
65954
65957
65960
65964
65967
65973
65976
65982
65991
66001
66004
66010
66015
66030
66035
66040
66043
66052
66059
66067
66078
66084
66101
66116
66119
66125
66128
66136
66138
66146
66149
66163
66171
66183
66199
66203
66206
66210
66215
66219
66222
66230
66238
66241
66242
66249
66285
66292
66299
66301
66307
66313
66318
66325
66327
66349
66359
66362
66368
66382
66384
66389
66390
66397
66399
66403
66405
66412
66414
66417
66419
66450
66453
66465
66470
66476
66480
66485
66487
66498
66508
66520
66522
66523
66531
66533
66536
66537
66543
66549
66569
66572
66579
66583
66587
66589
66608
66635
66638
66643
66646
66648
66656
66659
66667
66679
66689
66701
66710
66713
66732
66735
66742
66745
66755
66764
66772
66777
66794
66801
66804
66811
66814
66817
66822
66824
66830
66836
66839
66846
66849
66852
66857
66866
66873
66876
66879
66882
66888
66905
66908
66911
66914
66917
66920
66926
66928
66936
66942
66949
66963
66966
66973
66976
66979
66987
66990
66993
66996
66999
67002
67005
67008
67013
67015
67022
67025
67032
67035
67038
67044
67055
67069
67074
67079
67082
67091
67101
67115
67122
67140
67155
67174
67180
67181
67185
67188
67190
67193
67194
67197
67199
67207
67210
67217
67220
67225
67228
67231
67234
67239
67242
67245
67252
67255
67261
67265
67279
67281
67291
67299
67308
67316
67319
67327
67332
67335
67346
67347
67370
67381
67392
67405
67418
67419
67423
67434
67435
67438
67441
67447
67460
67469
67470
67472
67475
67483
67485
67496
67512
67513
67514
67521
67528
67534
67538
67539
67545
67546
67548
67551
67552
67593
67600
67610
67613
67624
67630
67631
67667
67673
67679
67682
67687
67690
67693
67700
67707
67709
67714
67721
67727
67735
67774
67803
67805
67812
67815
67827
67829
67834
67838
67845
67847
67849
67854
67855
67859
67862
67864
67871
67879
67885
67887
67889
67894
67897
67906
67909
67937
67950
67953
67958
67960
67967
67970
67975
67978
67983
67989
67996
67998
68013
68016
68021
68031
68039
68050
68054
68064
68120
68123
68129
68135
68138
68141
68153
68155
68160
68163
68166
68171
68173
68176
68179
68188
68202
68204
68208
68210
68225
68232
68237
68251
68279
68292
68301
68308
68312
68327
68342
68346
68350
68386
68394
68396
68432
68435
68445
68450
68451
68474
68495
68500
68502
68504
68505
68509
68516
68528
68541
68562
68566
68569
68570
68578
68601
68604
68607
68609
68612
68613
68625
68628
68630
68639
68646
68652
68664
68665
68671
68673
68697
68720
68722
68731
68736
68774
68777
68784
68787
68795
68809
68810
68822
68825
68849
68869
68872
68879
68882
68891
68894
68901
68904
68911
68914
68919
68922
68925
68930
68933
68936
68944
68947
68954
68956
68962
68965
68976
68977
68981
68986
68989
68991
68994
69006
69007
69019
69022
69024
69027
69030
69036
69044
69054
69060
69063
69071
69074
69081
69085
69093
69104
69114
69116
69123
69126
69133
69136
69139
69142
69145
69148
69151
69156
69159
69164
69166
69169
69176
69179
69182
69185
69188
69191
69198
69201
69207
69210
69213
69220
69223
69226
69229
69232
69235
69245
69252
69255
69259
69263
69269
69270
69273
69278
69281
69287
69290
69302
69310
69317
69319
69328
69330
69333
69336
69342
69345
69352
69356
69359
69360
69363
69366
69369
69372
69379
69380
69386
69389
69394
69400
69404
69415
69418
69421
69424
69429
69436
69448
69452
69458
69460
69463
69468
69471
69474
69485
69493
69504
69513
69520
69523
69530
69533
69542
69583
69586
69589
69592
69595
69598
69605
69608
69613
69616
69619
69626
69628
69633
69636
69639
69654
69670
69680
69688
69691
69703
69706
69709
69712
69717
69733
69735
69741
69744
69765
69771
69772
69775
69778
69781
69784
69787
69794
69797
69800
69803
69806
69809
69819
69826
69835
69838
69841
69844
69847
69850
69857
69860
69866
69869
69876
69879
69886
69888
69904
69907
69926
69928
69930
69970
69972
69975
69980
69983
69988
69994
69996
70002
70008
70013
70016
70023
70025
70032
70035
70041
70051
70053
70056
70060
70071
70074
70080
70090
70093
70098
70104
70115
70120
70123
70126
70134
70136
70141
70144
70147
70152
70155
70157
70164
70167
70173
70177
70180
70181
70195
70205
70211
70214
70222
70225
70232
70235
70242
70245
70252
70255
70262
70265
70268
70276
70282
70285
70289
70301
70305
70308
70310
70318
70324
70327
70336
70350
70357
70360
70367
70374
70381
70415
70416
70423
70428
70433
70436
70443
70446
70449
70454
70457
70463
70466
70471
70475
70483
70486
70489
70492
70495
70498
70501
70506
70509
70512
70514
70517
70520
70525
70528
70531
70537
70540
70543
70546
70569
70572
70576
70582
70595
70603
70608
70610
70616
70621
70633
70639
70649
70661
70663
70668
70671
70682
70687
70715
70722
70746
70749
70756
70759
70764
70767
70771
70773
70777
70780
70786
70792
70795
70797
70800
70803
70812
70824
70835
70852
70859
70865
70866
70867
70870
70881
70883
70884
70885
70886
70889
70902
70904
70906
70911
70917
70935
70951
70956
70959
70961
70965
70967
70969
70974
71001
71003
71010
71017
71026
71037
71046
71052
71057
71064
71071
71078
71081
71085
71091
71094
71103
71109
71112
71129
71134
71142
71151
71157
71160
71166
71169
71175
71177
71180
71200
71202
71206
71214
71216
71227
71233
71236
71244
71247
71252
71256
71259
71266
71269
71272
71280
71285
71304
71309
71312
71322
71334
71339
71342
71346
71349
71352
71384
71425
71431
71440
71443
71446
71449
71452
71455
71480
71483
71494
71499
71505
71512
71515
71522
71525
71532
71535
71544
71549
71559
71572
71580
71597
71607
71610
71612
71619
71623
71629
71630
71643
71644
71669
71681
71683
71696
71699
71723
71732
71735
71738
71744
71749
71753
71757
71773
71780
71785
71788
71790
71815
71822
71873
71885
71891
71902
71961
71971
71976
71978
71984
71988
71990
71992
71995
72004
72005
72025
72027
72029
72039
72043
72048
72051
72056
72061
72063
72069
72072
72077
72080
72083
72086
72091
72094
72098
72101
72104
72109
72113
72120
72123
72138
72153
72160
72180
72224
72232
72235
72240
72243
72246
72251
72261
72262
72266
72268
72275
72278
72285
72286
72289
72292
72293
72299
72302
72306
72309
72331
72340
72346
72350
72362
72364
72369
72377
72379
72382
72385
72393
72401
72405
72410
72416
72419
72424
72440
72448
72459
72477
72485
72489
72491
72493
72526
72555
72569
72572
72578
72617
72620
72625
72643
72650
72652
72655
72658
72661
72664
72679
72690
72693
72706
72710
72713
72716
72737
72747
72749
72751
72755
72758
72768
72774
72799
72803
72805
72808
72818
72821
72843
72849
72865
72880
72882
72891
72897
72899
72902
72904
72909
72912
72915
72918
72935
72940
72956
72963
72972
72981
72989
73025
73031
73034
73036
73039
73044
73047
73050
73058
73063
73066
73067
73072
73075
73080
73099
73112
73128
73136
73157
73162
73164
73170
73176
73182
73184
73188
73206
73209
73216
73225
73227
73247
73273
73288
73308
73334
73387
73396
73407
73467
73475
73479
73481
73483
73485
73490
73493
73503
73506
73511
73514
73517
73524
73526
73531
73534
73566
73567
73571
73574
73577
73584
73592
73597
73606
73613
73630
73639
73645
73652
73655
73658
73674
73677
73679
73684
73686
73696
73699
73706
73709
73716
73718
73722
73725
73727
73731
73734
73737
73744
73747
73755
73757
73762
73768
73775
73778
73783
73786
73789
73797
73799
73805
73813
73817
73826
73840
73858
73863
73882
73885
73893
73895
73902
73905
73910
73913
73916
73921
73925
73930
73933
73947
73956
73964
73967
73985
73995
73998
74003
74012
74017
74020
74022
74029
74031
74037
74040
74050
74056
74058
74073
74087
74091
74094
74102
74105
74115
74122
74125
74130
74139
74142
74145
74152
74156
74166
74197
74200
74204
74210
74253
74256
74260
74263
74265
74272
74275
74280
74283
74286
74294
74300
74309
74312
74317
74319
74321
74328
74330
74335
74338
74340
74348
74356
74370
74399
74403
74410
74412
74415
74418
74423
74425
74434
74437
74445
74455
74457
74464
74487
74497
74500
74507
74509
74510
74516
74518
74520
74526
74529
74536
74539
74546
74548
74552
74570
74574
74578
74579
74586
74594
74604
74607
74612
74615
74618
74625
74628
74634
74637
74640
74643
74646
74649
74652
74659
74662
74667
74670
74673
74682
74688
74692
74700
74707
74710
74715
74718
74721
74732
74747
74750
74757
74760
74765
74768
74770
74773
74781
74786
74788
74796
74798
74805
74808
74810
74817
74842
74845
74856
74864
74867
74870
74873
74876
74879
74885
74888
74890
74899
74907
74910
74913
74916
74919
74922
74927
74930
74933
74939
74942
74945
74948
74953
74956
74962
74965
74968
74973
74976
74979
74986
74988
74990
75000
75003
75010
75013
75029
75036
75045
75054
75062
75068
75077
75081
75085
75088
75095
75098
75103
75106
75107
75110
75113
75115
75118
75126
75129
75136
75139
75146
75148
75156
75173
75204
75212
75215
75223
75226
75240
75243
75250
75253
75260
75263
75268
75271
75274
75279
75282
75284
75289
75292
75295
75297
75305
75307
75311
75332
75348
75354
75364
75373
75376
75381
75384
75387
75390
75395
75398
75406
75409
75416
75418
75421
75428
75431
75434
75437
75450
75451
75454
75461
75469
75472
75475
75478
75483
75486
75494
75496
75499
75507
75513
75515
75525
75528
75533
75536
75539
75546
75558
75561
75568
75571
75574
75577
75580
75583
75603
75609
75611
75615
75618
75621
75626
75629
75638
75641
75647
75649
75652
75659
75662
75665
75668
75671
75674
75677
75680
75683
75686
75693
75696
75703
75706
75711
75714
75717
75720
75723
75726
75729
75735
75738
75741
75750
75753
75761
75764
75769
75772
75775
75778
75783
75786
75793
75796
75799
75801
75807
75809
75817
75820
75835
75848
75851
75854
75859
75862
75869
75876
75879
75886
75894
75903
75906
75914
75917
75920
75929
75932
75933
75936
75939
75942
75948
75951
75954
75957
75960
75971
75974
75981
75984
75999
76002
76009
76033
76036
76040
76043
76046
76055
76056
76057
76060
76061
76065
76071
76080
76082
76085
76090
76093
76096
76104
76110
76113
76114
76116
76119
76126
76129
76134
76137
76140
76143
76146
76149
76152
76159
76162
76167
76170
76173
76180
76185
76203
76232
76236
76239
76244
76247
76255
76260
76263
76268
76271
76274
76281
76284
76289
76292
76298
76301
76308
76311
76332
76337
76340
76343
76353
76364
76370
76373
76392
76396
76400
76404
76440
76442
76452
76458
76461
76466
76469
76472
76479
76485
76491
76500
76504
76507
76509
76514
76520
76528
76531
76538
76541
76549
76552
76562
76583
76586
76594
76597
76600
76613
76618
76624
76638
76642
76644
76652
76673
76680
76683
76690
76697
76699
76702
76704
76717
76740
76749
76770
76773
76782
76785
76788
76798
76801
76804
76807
76816
76819
76824
76827
76830
76833
76836
76841
76845
76850
76856
76868
76878
76894
76913
76920
76956
76970
76972
77006
77021
77036
77067
77073
77074
77101
77109
77118
77129
77141
77143
77189
77194
77215
77220
77254
77271
77274
77294
77296
77301
77304
77307
77331
77339
77344
77370
77398
77408
77409
77432
77445
77449
77460
77483
77486
77495
77497
77499
77504
77511
77515
77534
77542
77545
77552
77565
77573
77582
77616
77624
77631
77634
77641
77650
77654
77657
77660
77678
77718
77725
77732
77734
77739
77740
77746
77753
77759
77761
77784
77788
77806
77818
77832
77837
77840
77843
77849
77852
77857
77860
77863
77866
77869
77872
77875
77881
77884
77887
77890
77893
77896
77899
77905
77908
77911
77922
77957
77960
77965
77968
77971
77978
77980
77985
77988
77995
78004
78007
78010
78016
78019
78027
78030
78037
78039
78045
78048
78056
78059
78066
78072
78073
78079
78083
78101
78104
78107
78113
78116
78125
78128
78131
78134
78137
78140
78143
78160
78162
78170
78173
78176
78179
78182
78185
78194
78197
78205
78208
78216
78219
78224
78227
78230
78237
78240
78243
78252
78263
78268
78271
78280
78288
78304
78327
78355
78358
78361
78364
78367
78370
78376
78380
78387
78392
78395
78400
78406
78414
78417
78423
78429
78437
78439
78448
78461
78464
78471
78474
78509
78512
78517
78520
78523
78540
78542
78549
78552
78559
78562
78565
78568
78571
78574
78582
78585
78590
78631
78648
78649
78661
78666
78668
78690
78704
78707
78708
78723
78726
78759
78762
78764
78771
78778
78784
78789
78791
78796
78797
78806
78812
78819
78828
78834
78837
78852
78873
78875
78884
78889
78890
78891
78894
78900
78901
78903
78904
78912
78916
78922
78925
78927
78959
78975
78992
78999
79055
79070
79072
79118
79119
79123
79125
79161
79164
79165
79167
79188
79209
79261
79266
79270
79273
79276
79281
79283
79288
79290
79292
79297
79300
79303
79310
79313
79319
79322
79342
79345
79363
79376
79399
79405
79408
79412
79419
79430
79433
79436
79437
79441
79449
79458
79461
79468
79478
79480
79485
79489
79491
79494
79499
79502
79505
79510
79512
79520
79523
79529
79532
79538
79541
79548
79553
79554
79557
79564
79568
79583
79589
79602
79610
79612
79617
79620
79622
79637
79639
79642
79645
79648
79654
79655
79660
79668
79671
79681
79695
79698
79704
79706
79709
79718
79720
79728
79735
79738
79744
79755
79761
79763
79768
79771
79783
79788
79789
79798
79810
79823
79833
79850
79882
79886
79890
79898
79904
79908
79911
79916
79930
79967
79974
79976
79982
79985
79990
80002
80010
80013
80024
80027
80029
80038
80042
80054
80063
80087
80091
80092
80094
80098
80106
80112
80115
80120
80123
80126
80133
80136
80141
80144
80147
80150
80153
80156
80158
80161
80164
80167
80170
80173
80176
80185
80189
80192
80201
80211
80213
80221
80230
80254
80257
80262
80265
80268
80275
80282
80294
80299
80302
80305
80333
80336
80339
80350
80353
80358
80361
80364
80369
80372
80375
80378
80381
80384
80387
80392
80397
80405
80412
80415
80420
80423
80426
80434
80437
80442
80445
80448
80455
80458
80463
80466
80469
80477
80481
80486
80493
80506
80509
80515
80518
80526
80528
80531
80541
80580
80583
80590
80593
80600
80604
80608
80610
80618
80621
80628
80629
80635
80638
80669
80676
80712
80714
80720
80723
80726
80731
80739
80741
80744
80751
80754
80761
80764
80771
80774
80781
80784
80791
80794
80799
80802
80804
80813
80840
80841
80849
80852
80853
80864
80869
80872
80874
80879
80885
80894
80905
80911
80918
80947
80954
80968
80976
80986
80995
80997
81002
81007
81035
81046
81049
81054
81057
81060
81065
81075
81076
81079
81080
81087
81100
81105
81113
81116
81124
81127
81138
81150
81165
81190
81198
81205
81207
81233
81236
81243
81244
81248
81254
81259
81271
81285
81287
81289
81291
81294
81304
81320
81324
81330
81335
81336
81339
81341
81346
81349
81356
81359
81366
81369
81372
81386
81391
81396
81399
81404
81407
81412
81422
81425
81430
81433
81436
81441
81444
81458
81465
81468
81474
81477
81480
81488
81496
81501
81508
81531
81542
81550
81552
81558
81561
81564
81567
81570
81573
81578
81583
81592
81601
81608
81611
81617
81619
81625
81628
81635
81638
81645
81648
81651
81656
81659
81665
81669
81670
81672
81674
81682
81689
81709
81723
81725
81732
81735
81745
81750
81753
81760
81769
81779
81786
81792
81798
81811
81825
81833
81836
81846
81848
81854
81857
81864
81867
81872
81882
81903
81907
81908
81912
81920
81936
81949
81970
81976
81985
81999
82008
82010
82016
82026
82052
82064
82066
82069
82089
82094
82103
82115
82128
82133
82152
82166
82171
82174
82177
82185
82188
82193
82196
82199
82206
82208
82254
82257
82271
82282
82286
82292
82297
82299
82306
82334
82339
82342
82344
82352
82354
82362
82365
82380
82382
82387
82399
82401
82406
82409
82411
82414
82418
82421
82428
82431
82434
82479
82480
82483
82486
82489
82506
82509
82514
82519
82581
82583
82590
82592
82596
82610
82612
82615
82622
82629
82654
82660
82668
82673
82676
82678
82683
82686
82693
82695
82700
82701
82710
82720
82748
82751
82752
82763
82789
82798
82805
82809
82813
82819
82822
82825
82828
82831
82834
82841
82857
82859
82866
82869
82876
82884
82900
82903
82922
82928
82943
82948
82950
82971
82983
82989
82992
82994
83002
83003
83029
83032
83041
83042
83048
83058
83067
83085
