0
4
5
7
8
9
17
18
19
32
42
45
49
54
58
59
67
68
77
78
95
100
101
110
111
118
123
124
125
131
132
136
137
138
142
143
148
149
150
160
161
162
171
172
173
182
183
184
193
196
199
200
201
210
211
212
221
222
223
232
233
234
245
248
249
254
259
260
270
271
272
280
281
282
291
292
293
301
308
309
315
316
317
324
325
326
336
337
338
347
348
349
358
359
360
370
371
372
380
381
391
397
401
407
419
420
421
431
432
433
441
442
443
453
454
455
465
466
472
473
474
482
483
484
494
495
496
506
507
508
518
519
520
529
530
531
539
540
541
548
549
558
559
560
570
574
575
581
582
587
592
594
595
596
603
609
613
620
621
622
632
633
634
641
642
643
651
652
653
660
661
662
672
673
674
685
686
687
699
704
705
712
713
723
724
725
735
736
737
744
745
748
749
751
755
756
757
766
767
768
776
777
778
785
786
787
798
799
807
815
818
819
828
829
830
838
839
840
844
853
855
856
863
864
871
872
880
881
882
889
890
893
894
900
901
902
910
911
912
913
914
915
924
925
926
934
935
936
944
945
946
956
957
958
966
967
968
977
978
979
988
989
990
1002
1004
1009
1010
1013
1014
1015
1025
1026
1027
1035
1036
1044
1045
1053
1054
1060
1061
1062
1069
1070
1078
1079
1080
1087
1088
1089
1097
1098
1099
1108
1109
1110
1120
1121
1122
1131
1135
1141
1142
1145
1151
1157
1163
1164
1167
1168
1169
1179
1180
1181
1190
1191
1192
1201
1202
1203
1212
1213
1214
1222
1223
1224
1232
1233
1234
1244
1245
1246
1255
1256
1257
1266
1267
1268
1277
1278
1279
1284
1292
1293
1294
1302
1303
1304
1316
1320
1322
1323
1342
1343
1350
1351
1362
1365
1368
1370
1371
1380
1381
1382
1390
1391
1392
1401
1402
1403
1410
1411
1412
1421
1422
1423
1433
1434
1437
1438
1446
1447
1448
1453
1454
1455
1456
1464
1465
1466
1474
1477
1478
1483
1484
1489
1490
1491
1499
1500
1501
1509
1510
1518
1519
1520
1528
1529
1533
1534
1535
1540
1545
1546
1557
1561
1562
1571
1572
1583
1584
1588
1589
1596
1597
1598
1601
1602
1605
1611
1620
1623
1626
1628
1633
1642
1643
1650
1651
1654
1655
1662
1666
1667
1675
1676
1683
1685
1689
1690
1695
1696
1702
1709
1716
1717
1718
1727
1728
1729
1739
1740
1741
1749
1750
1751
1761
1762
1765
1766
1767
1777
1778
1779
1785
1786
1787
1796
1797
1798
1806
1807
1811
1812
1817
1818
1819
1823
1824
1825
1835
1836
1837
1845
1846
1853
1854
1855
1863
1874
1875
1884
1885
1886
1894
1895
1896
1905
1906
1913
1914
1915
1925
1926
1927
1938
1946
1947
1953
1954
1960
1963
1964
1965
1974
1975
1976
1986
1987
1988
1997
1998
1999
2009
2010
2011
2019
2020
2027
2028
2029
2039
2040
2041
2051
2052
2053
2062
2063
2064
2073
2079
2080
2081
2088
2096
2097
2098
2108
2114
2118
2124
2126
2127
2134
2143
2152
2153
2154
2162
2163
2164
2173
2174
2175
2184
2185
2194
2195
2196
2205
2206
2207
2216
2217
2218
2223
2231
2235
2236
2237
2242
2243
2249
2250
2251
2261
2262
2269
2271
2272
2273
2282
2283
2284
2292
2293
2294
2301
2302
2308
2310
2314
2315
2316
2322
2330
2334
2337
2343
2351
2353
2356
2360
2362
2369
2370
2373
2381
2387
2391
2392
2393
2396
2401
2402
2407
2416
2417
2418
2426
2427
2428
2434
2438
2442
2449
2450
2455
2456
2460
2464
2465
2474
2475
2487
2495
2496
2497
2501
2502
2511
2512
2513
2519
2520
2527
2528
2532
2542
2543
2544
2553
2554
2555
2563
2564
2565
2571
2576
2577
2580
2581
2586
2587
2588
2596
2597
2598
2606
2607
2608
2614
2615
2616
2623
2625
2629
2630
2635
2636
2637
2639
2640
2641
2642
2646
2648
2650
2651
2652
2657
2658
2666
2667
2672
2673
2682
2683
2684
2691
2692
2696
2698
2707
2714
2715
2736
2737
2750
2751
2755
2756
2759
2763
2766
2770
2771
2772
2777
2784
2787
2788
2791
2793
2801
2808
2814
2820
2825
2827
2833
2837
2838
2847
2848
2858
2859
2860
2867
2868
2874
2875
2883
2885
2886
2887
2895
2896
2901
2902
2903
2911
2912
2913
2924
2931
2934
2935
2936
2945
2946
2947
2955
2956
2957
2965
2966
2967
2973
2985
2991
2996
2997
3005
3006
3014
3015
3016
3023
3024
3033
3038
3039
3046
3047
3048
3057
3058
3059
3067
3068
3069
3077
3078
3079
3087
3093
3094
3099
3100
3101
3108
3109
3110
3120
3121
3130
3131
3132
3142
3143
3144
3147
3151
3158
3171
3175
3176
3177
3183
3184
3193
3195
3196
3205
3206
3213
3214
3221
3222
3228
3229
3230
3240
3241
3242
3250
3254
3258
3262
3263
3264
3265
3272
3273
3274
3280
3282
3284
3287
3288
3295
3296
3297
3304
3310
3311
3318
3322
3323
3324
3328
3329
3333
3341
3353
3354
3362
3366
3368
3374
3385
3390
3395
3398
3409
3410
3418
3419
3427
3432
3433
3440
3443
3444
3451
3452
3458
3459
3465
3466
3471
3472
3478
3479
3483
3486
3488
3491
3496
3507
3508
3513
3514
3520
3521
3523
3529
3533
3534
3546
3552
3555
3568
3569
3571
3572
3578
3580
3581
3582
3590
3591
3592
3599
3600
3601
3608
3609
3610
3615
3621
3622
3628
3629
3630
3638
3645
3651
3652
3659
3660
3661
3667
3673
3674
3675
3686
3689
3690
3691
3697
3698
3704
3710
3722
3725
3726
3735
3736
3737
3745
3746
3747
3756
3757
3758
3767
3768
3775
3783
3784
3794
3795
3803
3804
3813
3814
3815
3822
3826
3827
3832
3839
3840
3847
3850
3853
3854
3856
3857
3858
3860
3864
3872
3873
3880
3885
3890
3891
3896
3897
3898
3907
3908
3909
3916
3918
3919
3920
3925
3926
3929
3934
3942
3944
3945
3952
3953
3954
3963
3964
3965
3971
3973
3978
3981
3982
3983
3988
3989
3994
4001
4005
4006
4007
4010
4019
4020
4029
4030
4031
4043
4049
4054
4055
4062
4063
4067
4073
4075
4083
4084
4091
4093
4098
4102
4103
4110
4111
4115
4121
4122
4123
4130
4131
4132
4141
4142
4143
4151
4152
4159
4160
4167
4168
4174
4175
4178
4179
4180
4187
4188
4189
4195
4196
4197
4206
4207
4208
4215
4219
4224
4225
4230
4234
4238
4242
4243
4247
4252
4253
4259
4260
4261
4266
4271
4272
4276
4277
4278
4287
4288
4289
4297
4299
4300
4307
4308
4309
4315
4322
4327
4333
4334
4335
4341
4354
4367
4370
4375
4376
4384
4389
4390
4392
4395
4396
4401
4402
4408
4409
4410
4418
4419
4428
4434
4440
4452
4458
4459
4460
4464
4465
4469
4470
4471
4473
4474
4475
4478
4484
4490
4491
4498
4506
4507
4511
4512
4518
4522
4523
4527
4528
4535
4536
4539
4540
4547
4548
4555
4568
4570
4573
4574
4575
4579
4580
4583
4585
4589
4596
4606
4616
4617
4620
4623
4624
4633
4646
4647
4652
4656
4661
4667
4670
4671
4677
4680
4686
4692
4694
4697
4702
4703
4709
4710
4715
4716
4726
4732
4733
4734
4739
4742
4743
4745
4748
4755
4758
4759
4762
4774
4776
4781
4782
4786
4787
4790
4791
4792
4800
4801
4807
4808
4812
4814
4817
4822
4823
4825
4829
4830
4832
4834
4835
4841
4842
4843
4851
4852
4853
4862
4865
4871
4872
4883
4887
4888
4889
4898
4899
4907
4910
4913
4917
4921
4922
4930
4931
4938
4939
4940
4949
4950
4951
4960
4969
4970
4979
4982
4983
4984
4992
4993
4994
5001
5002
5003
5013
5014
5015
5022
5023
5028
5032
5038
5039
5040
5050
5051
5052
5060
5061
5062
5070
5071
5072
5082
5083
5093
5094
5102
5103
5104
5112
5113
5119
5120
5121
5130
5131
5132
5140
5141
5142
5150
5154
5159
5164
5165
5166
5173
5182
5183
5184
5194
5195
5196
5206
5207
5208
5218
5219
5220
5228
5229
5235
5243
5244
5245
5255
5256
5257
5266
5267
5268
5277
5278
5279
5288
5289
5294
5295
5302
5303
5304
5310
5311
5318
5319
5320
5323
5334
5335
5336
5341
5342
5343
5344
5351
5352
5360
5369
5370
5371
5379
5380
5381
5389
5390
5391
5399
5402
5403
5406
5407
5416
5422
5423
5424
5432
5433
5434
5442
5445
5447
5450
5452
5453
5454
5461
5462
5463
5473
5474
5479
5483
5489
5490
5493
5498
5499
5500
5506
5507
5523
5524
5526
5531
5536
5538
5539
5545
5546
5547
5551
5552
5555
5556
5558
5559
5565
5566
5567
5580
5581
5582
5592
5593
5594
5602
5603
5611
5612
5613
5619
5620
5630
5631
5640
5641
5642
5651
5652
5661
5662
5663
5666
5668
5671
5672
5673
5681
5682
5683
5691
5692
5699
5708
5711
5712
5719
5720
5721
5729
5730
5731
5740
5741
5742
5751
5752
5753
5761
5762
5763
5772
5774
5775
5779
5780
5788
5797
5798
5799
5809
5810
5811
5819
5820
5821
5831
5832
5833
5843
5844
5845
5852
5853
5861
5862
5863
5872
5873
5874
5884
5885
5886
5895
5896
5897
5906
5907
5908
5915
5916
5923
5924
5925
5932
5943
5945
5949
5960
5961
5962
5965
5966
5967
5970
5971
5972
5980
5981
5988
5989
5990
5997
5998
5999
6008
6009
6010
6019
6020
6021
6030
6032
6033
6034
6035
6038
6043
6044
6045
6053
6054
6055
6064
6068
6073
6074
6075
6084
6085
6086
6095
6099
6100
6108
6109
6111
6116
6121
6122
6123
6124
6127
6128
6129
6133
6134
6141
6142
6143
6151
6152
6157
6161
6162
6168
6169
6170
6178
6186
6194
6195
6196
6198
6200
6201
6208
6209
6217
6220
6227
6238
6242
6243
6251
6252
6253
6265
6273
6274
6279
6280
6285
6286
6292
6293
6298
6299
6307
6308
6309
6318
6319
6320
6328
6329
6330
6339
6340
6341
6351
6352
6354
6355
6358
6359
6360
6369
6370
6371
6379
6380
6381
6391
6392
6393
6402
6403
6408
6409
6416
6417
6418
6423
6430
6431
6432
6441
6442
6443
6453
6454
6455
6464
6465
6466
6474
6475
6476
6483
6484
6485
6490
6491
6499
6500
6501
6509
6510
6518
6519
6520
6528
6529
6538
6539
6540
6548
6549
6554
6555
6560
6561
6566
6571
6572
6579
6580
6589
6592
6593
6594
6604
6605
6606
6615
6616
6617
6625
6626
6627
6637
6638
6639
6649
6650
6651
6658
6659
6660
6670
6671
6672
6681
6682
6683
6693
6694
6695
6704
6705
6712
6713
6714
6721
6722
6723
6732
6733
6741
6742
6745
6749
6757
6758
6762
6765
6769
6777
6788
6793
6794
6795
6803
6804
6805
6814
6815
6816
6826
6827
6828
6837
6838
6839
6849
6850
6851
6861
6865
6870
6875
6876
6877
6881
6886
6887
6894
6898
6899
6900
6909
6910
6911
6920
6922
6926
6928
6930
6931
6932
6941
6942
6943
6951
6952
6958
6959
6965
6968
6969
6971
6972
6980
6981
6984
6985
6988
6990
6993
6994
7003
7004
7005
7015
7022
7023
7024
7031
7037
7049
7050
7057
7058
7059
7067
7068
7069
7078
7079
7080
7086
7089
7090
7095
7096
7099
7100
7101
7110
7111
7112
7124
7128
7129
7133
7134
7141
7145
7147
7148
7154
7155
7156
7165
7166
7167
7175
7176
7177
7186
7187
7188
7201
7202
7211
7212
7213
7222
7223
7224
7233
7234
7235
7243
7244
7249
7250
7251
7254
7255
7260
7261
7262
7263
7264
7274
7275
7276
7285
7286
7287
7297
7298
7299
7308
7309
7316
7317
7325
7327
7328
7329
7338
7339
7348
7349
7350
7360
7361
7362
7370
7371
7380
7381
7382
7391
7395
7396
7404
7405
7406
7411
7423
7424
7425
7435
7436
7437
7446
7447
7448
7458
7459
7460
7470
7471
7472
7482
7483
7484
7492
7493
7494
7504
7505
7506
7516
7517
7518
7528
7529
7530
7539
7540
7541
7550
7551
7552
7559
7560
7561
7570
7571
7572
7587
7588
7589
7592
7593
7597
7598
7604
7605
7611
7616
7622
7624
7625
7626
7635
7636
7637
7644
7649
7654
7663
7664
7672
7673
7674
7682
7683
7684
7693
7694
7695
7703
7704
7705
7715
7716
7717
7727
7728
7729
7730
7735
7737
7738
7739
7745
7746
7747
7753
7755
7756
7766
7767
7768
7782
7787
7793
7794
7799
7800
7801
7810
7811
7812
7821
7822
7830
7831
7832
7846
7847
7855
7856
7863
7864
7878
7881
7882
7883
7889
7890
7898
7899
7900
7906
7915
7916
7921
7929
7930
7945
7954
7955
7961
7966
7975
7976
7985
7986
7987
7996
8002
8003
8009
8016
8017
8018
8023
8024
8025
8032
8044
8049
8053
8056
8057
8058
8068
8069
8079
8080
8081
8090
8091
8099
8100
8105
8109
8110
8111
8116
8117
8120
8121
8130
8131
8132
8137
8138
8139
8147
8148
8149
8165
8168
8170
8171
8172
8180
8181
8182
8192
8193
8194
8203
8204
8205
8212
8213
8214
8221
8222
8230
8231
8232
8241
8242
8243
8251
8252
8261
8262
8263
8271
8272
8275
8276
8283
8284
8292
8300
8307
8312
8314
8320
8321
8330
8332
8333
8334
8343
8344
8351
8352
8357
8358
8362
8363
8364
8373
8374
8375
8386
8389
8393
8394
8399
8409
8410
8411
8425
8429
8430
8431
8440
8441
8442
8449
8454
8455
8456
8461
8465
8468
8477
8481
8490
8499
8503
8506
8512
8517
8518
8524
8533
8534
8538
8539
8540
8546
8547
8554
8555
8557
8560
8566
8568
8573
8575
8576
8579
8593
8594
8600
8604
8612
8614
8616
8620
8621
8622
8625
8629
8634
8635
8636
8642
8648
8649
8653
8659
8661
8662
8671
8672
8674
8679
8680
8688
8690
8691
8692
8693
8694
8698
8707
8709
8714
8715
8726
8730
8734
8736
8737
8741
8742
8750
8751
8752
8758
8762
8763
8768
8770
8772
8773
8778
8779
8787
8788
8798
8799
8802
8805
8812
8816
8820
8821
8827
8828
8829
8837
8839
8841
8842
8847
8849
8850
8854
8857
8866
8871
8873
8875
8876
8879
8880
8886
8890
8898
8904
8906
8909
8910
8911
8920
8922
8923
8927
8928
8937
8941
8944
8945
8948
8949
8955
8960
8964
8968
8970
8971
8979
8980
8989
8990
8998
8999
9006
9007
9010
9011
9012
9018
9019
9020
9021
9022
9031
9032
9033
9041
9046
9047
9055
9060
9063
9064
9069
9074
9082
9083
9084
9090
9092
9095
9096
9097
9105
9106
9107
9115
9116
9122
9123
9130
9131
9137
9141
9142
9143
9150
9151
9152
9158
9159
9168
9169
9179
9209
9210
9214
9218
9219
9220
9228
9229
9230
9239
9240
9242
9248
9252
9253
9254
9255
9256
9267
9274
9277
9279
9280
9281
9290
9291
9292
9300
9301
9302
9309
9310
9316
9318
9320
9323
9329
9330
9331
9339
9340
9348
9350
9351
9359
9360
9361
9370
9371
9375
9377
9379
9381
9382
9383
9391
9392
9393
9403
9406
9408
9410
9412
9413
9414
9423
9424
9425
9434
9435
9436
9445
9446
9447
9458
9459
9460
9470
9471
9472
9480
9481
9482
9491
9492
9493
9501
9502
9509
9512
9513
9520
9523
9524
9525
9534
9535
9536
9545
9546
9547
9556
9557
9558
9566
9567
9575
9576
9585
9586
9588
9589
9590
9598
9599
9600
9608
9609
9610
9620
9621
9622
9631
9632
9633
9643
9644
9645
9653
9654
9659
9660
9663
9666
9670
9671
9676
9677
9687
9688
9689
9699
9700
9701
9710
9711
9712
9722
9723
9724
9735
9736
9737
9747
9748
9749
9758
9759
9760
9769
9770
9771
9781
9782
9783
9793
9794
9795
9804
9805
9806
9815
9816
9817
9824
9825
9826
9835
9836
9837
9844
9846
9853
9854
9859
9860
9864
9865
9869
9870
9874
9875
9879
9880
9881
9888
9889
9890
9896
9898
9899
9902
9904
9905
9906
9915
9916
9917
9925
9926
9927
9937
9938
9939
9947
9948
9949
9959
9960
9961
9970
9971
9973
9974
9975
9983
9984
9985
9990
9992
9993
9994
10003
10004
10005
10013
10019
10020
10021
10025
10028
10032
10033
10034
10044
10045
10046
10055
10056
10057
10064
10065
10066
10074
10077
10090
10100
10102
10108
10110
10114
10115
10116
10117
10121
10122
10123
10129
10130
10135
10138
10149
10160
10161
10172
10175
10179
10192
10193
10209
10210
10221
10222
10226
10230
10231
10232
10238
10239
10245
10246
10247
10253
10254
10260
10272
10278
10283
10284
10285
10293
10294
10295
10300
10304
10305
10314
10320
10327
10333
10337
10345
10348
10350
10355
10360
10368
10375
10376
10381
10382
10384
10385
10393
10400
10412
10422
10427
10430
10440
10444
10446
10447
10453
10456
10458
10463
10468
10471
10474
10476
10481
10492
10498
10501
10508
10511
10516
10517
10526
10529
10530
10536
10545
10552
10555
10564
10565
10566
10572
10573
10574
10580
10585
10586
10589
10590
10597
10604
10605
10606
10615
10616
10617
10626
10633
10634
10641
10642
10643
10649
10656
10657
10658
10667
10668
10676
10688
10689
10690
10700
10701
10710
10711
10712
10718
10719
10726
10727
10732
10736
10737
10738
10746
10747
10748
10753
10754
10761
10762
10768
10769
10770
10776
10777
10778
10787
10792
10793
10798
10800
10801
10802
10811
10812
10820
10821
10822
10830
10831
10832
10840
10841
10842
10849
10850
10854
10855
10856
10863
10864
10865
10873
10874
10875
10884
10885
10886
10895
10898
10903
10906
10907
10908
10914
10928
10929
10934
10938
10939
10941
10943
10944
10945
10951
10952
10959
10960
10965
10971
10972
10973
10983
10984
10985
10995
10997
11004
11006
11007
11008
11016
11023
11026
11029
11034
11035
11040
11041
11046
11049
11050
11055
11056
11068
11076
11086
11088
11089
11091
11095
11097
11098
11101
11102
11105
11108
11114
11115
11122
11129
11132
11133
11136
11138
11139
11147
11148
11149
11150
11153
11159
11170
11175
11178
11179
11181
11186
11190
11192
11197
11198
11199
11207
11208
11209
11217
11224
11229
11232
11233
11234
11239
11240
11241
11248
11249
11255
11256
11262
11270
11271
11282
11291
11292
11301
11302
11308
11310
11311
11316
11318
11332
11335
11342
11347
11349
11352
11353
11362
11363
11369
11370
11371
11380
11381
11382
11394
11395
11400
11406
11407
11408
11412
11417
11422
11427
11431
11433
11440
11441
11446
11451
11452
11459
11460
11461
11473
11474
11480
11481
11482
11490
11494
11495
11504
11505
11506
11513
11517
11520
11521
11523
11524
11525
11531
11532
11533
11540
11541
11542
11550
11556
11557
11558
11568
11569
11570
11579
11580
11587
11588
11589
11607
11608
11609
11617
11618
11626
11627
11636
11637
11638
11647
11648
11651
11652
11653
11658
11664
11667
11668
11669
11679
11680
11681
11690
11691
11692
11701
11702
11703
11710
11711
11712
11719
11720
11727
11728
11729
11738
11739
11740
11748
11749
11758
11759
11760
11770
11771
11772
11781
11782
11790
11791
11795
11796
11800
11801
11804
11805
11809
11819
11821
11822
11823
11833
11834
11835
11845
11846
11847
11857
11858
11859
11869
11870
11879
11880
11881
11889
11890
11891
11901
11902
11903
11913
11914
11915
11925
11926
11927
11937
11938
11939
11948
11949
11958
11959
11960
11969
11970
11971
11980
11981
11983
11985
11989
11990
11991
11995
11996
12000
12001
12002
12009
12010
12022
12023
12026
12027
12028
12036
12037
12038
12046
12047
12048
12058
12059
12066
12067
12068
12078
12079
12080
12091
12092
12094
12097
12099
12102
12103
12109
12110
12116
12117
12118
12126
12127
12128
12136
12143
12146
12147
12152
12153
12162
12163
12164
12172
12173
12174
12182
12190
12191
12196
12197
12198
12202
12210
12218
12219
12220
12229
12232
12241
12249
12255
12256
12265
12266
12276
12277
12281
12290
12293
12309
12310
12318
12319
12328
12329
12338
12339
12343
12344
12350
12351
12358
12359
12360
12368
12373
12376
12383
12384
12391
12396
12399
12401
12405
12406
12414
12419
12425
12426
12432
12433
12434
12439
12444
12445
12446
12447
12450
12451
12452
12461
12462
12463
12471
12472
12473
12482
12483
12484
12491
12492
12497
12498
12505
12506
12514
12515
12521
12522
12523
12532
12533
12534
12543
12546
12549
12550
12553
12554
12555
12563
12565
12570
12573
12578
12581
12583
12584
12590
12596
12603
12604
12610
12611
12612
12621
12622
12629
12631
12632
12640
12641
12647
12648
12651
12652
12653
12662
12669
12675
12679
12689
12690
12691
12700
12712
12716
12717
12724
12725
12735
12736
12737
12743
12744
12745
12752
12755
12756
12758
12759
12762
12763
12764
12773
12774
12775
12784
12785
12793
12801
12802
12803
12804
12810
12811
12818
12819
12820
12829
12830
12831
12841
12845
12852
12853
12854
12863
12864
12865
12873
12874
12875
12883
12884
12885
12894
12899
12904
12908
12909
12910
12918
12919
12920
12927
12928
12929
12936
12937
12952
12955
12956
12957
12959
12961
12962
12963
12972
12973
12974
12982
12983
12984
12993
12994
12995
13004
13005
13010
13011
13012
13017
13018
13019
13028
13029
13030
13038
13039
13040
13048
13049
13050
13059
13060
13063
13064
13067
13068
13076
13077
13078
13088
13089
13091
13100
13110
13111
13121
13125
13127
13128
13137
13138
13144
13145
13153
13154
13160
13161
13162
13172
13173
13174
13186
13190
13191
13195
13196
13204
13205
13206
13214
13219
13226
13227
13228
13235
13240
13241
13242
13248
13252
13255
13258
13261
13262
13269
13275
13278
13283
13290
13291
13292
13298
13304
13305
13306
13307
13311
13312
13313
13315
13320
13321
13325
13326
13330
13335
13337
13338
13342
13343
13345
13346
13349
13357
13358
13359
13366
13367
13375
13376
13379
13380
13381
13389
13390
13397
13398
13399
13403
13408
13409
13416
13424
13426
13428
13433
13442
13446
13447
13453
13454
13461
13462
13464
13465
13469
13495
13514
13516
13519
13520
13522
13523
13528
13530
13531
13532
13533
13539
13540
13544
13545
13547
13551
13555
13559
13560
13569
13570
13577
13578
13579
13585
13586
13592
13593
13602
13603
13611
13612
13613
13620
13626
13627
13628
13636
13637
13638
13646
13647
13653
13654
13662
13671
13677
13678
13679
13685
13686
13692
13693
13704
13708
13709
13716
13717
13718
13719
13727
13728
13736
13737
13738
13752
13753
13759
13764
13772
13773
13782
13783
13784
13794
13798
13804
13809
13819
13821
13827
13828
13829
13834
13837
13838
13841
13842
13843
13853
13854
13855
13870
13873
13874
13880
13888
13890
13891
13892
13900
13901
13907
13908
13913
13914
13915
13920
13923
13926
13928
13929
13931
13934
13940
13941
13947
13952
13954
13955
13963
13964
13965
13974
13977
13979
13986
13992
13999
14012
14019
14020
14027
14033
14034
14038
14039
14046
14051
14052
14057
14063
14066
14074
14075
14084
14085
14086
14105
14106
14109
14115
14124
14125
14133
14134
14143
14144
14145
14155
14160
14163
14169
14170
14175
14176
14182
14188
14191
14192
14193
14202
14203
14212
14214
14216
14219
14220
14221
14227
14230
14231
14235
14236
14241
14245
14246
14248
14250
14251
14255
14258
14260
14269
14272
14276
14277
14283
14290
14294
14300
14301
14307
14308
14309
14318
14320
14323
14331
14332
14339
14340
14343
14344
14351
14352
14359
14360
14371
14376
14377
14378
14387
14388
14389
14398
14399
14407
14408
14415
14420
14423
14424
14430
14431
14437
14438
14444
14445
14459
14461
14463
14464
14465
14473
14474
14475
14481
14482
14483
14492
14493
14494
14500
14501
14507
14508
14509
14515
14524
14525
14526
14533
14534
14540
14541
14542
14548
14549
14550
14554
14555
14575
14581
14582
14583
14590
14591
14592
14597
14602
14603
14608
14609
14610
14617
14618
14619
14627
14628
14630
14631
14634
14638
14639
14646
14648
14654
14655
14656
14663
14666
14674
14678
14681
14684
14685
14695
14696
14703
14707
14713
14733
14734
14735
14740
14747
14751
14761
14762
14767
14770
14771
14772
14780
14781
14782
14791
14792
14800
14801
14808
14812
14813
14818
14819
14825
14826
14833
14834
14835
14843
14847
14848
14855
14856
14857
14864
14868
14869
14878
14883
14884
14890
14894
14895
14906
14907
14912
14918
14925
14931
14932
14933
14942
14943
14951
14952
14953
14961
14962
14963
14970
14977
14978
14982
14983
14993
14994
15001
15002
15003
15011
15012
15013
15021
15022
15026
15027
15034
15039
15042
15043
15044
15060
15061
15068
15073
15074
15075
15081
15082
15089
15090
15091
15099
15101
15102
15107
15112
15113
15117
15122
15124
15125
15126
15134
15135
15141
15149
15160
15171
15172
15178
15181
15196
15197
15205
15210
15219
15222
15228
15238
15240
15241
15247
15248
15255
15258
15262
15267
15269
15271
15272
15275
15276
15283
15286
15287
15290
15291
15292
15293
15299
15300
15301
15307
15315
15316
15317
15333
15334
15340
15341
15349
15353
15354
15360
15361
15362
15363
15367
15372
15377
15378
15379
15382
15385
15387
15397
15398
15408
15414
15421
15424
15427
15431
15433
15434
15435
15438
15442
15450
15457
15463
15468
15476
15479
15481
15490
15491
15492
15498
15499
15511
15515
15516
15524
15535
15536
15537
15547
15548
15558
15564
15570
15576
15581
15582
15586
15587
15594
15595
15596
15602
15609
15619
15620
15622
15623
15624
15628
15629
15633
15634
15642
15643
15651
15660
15674
15675
15682
15683
15684
15689
15690
15695
15696
15705
15706
15716
15717
15734
15737
15742
15745
15752
15755
15770
15775
15779
15780
15788
15789
15793
15800
15805
15806
15815
15816
15817
15826
15827
15832
15833
15834
15840
15841
15851
15856
15863
15871
15872
15873
15883
15889
15892
15893
15894
15898
15901
15907
15908
15909
15915
15916
15917
15920
15923
15924
15925
15928
15929
15930
15934
15941
15942
15949
15950
15951
15963
15965
15966
15971
15974
15977
15982
15983
15986
15989
15990
15991
16000
16001
16002
16010
16016
16017
16018
16024
16030
16038
16039
16044
16045
16046
16057
16058
16067
16068
16082
16083
16091
16096
16097
16102
16103
16107
16112
16113
16114
16121
16122
16128
16129
16130
16143
16144
16145
16153
16154
16155
16165
16166
16167
16175
16176
16177
16185
16186
16187
16194
16195
16201
16202
16203
16211
16212
16213
16220
16221
16222
16231
16232
16233
16242
16251
16255
16256
16257
16261
16266
16267
16271
16279
16280
16287
16293
16294
16295
16303
16304
16305
16314
16315
16316
16330
16332
16338
16339
16342
16343
16345
16346
16347
16348
16355
16356
16361
16366
16367
16377
16380
16384
16389
16391
16398
16403
16407
16411
16413
16414
16417
16418
16419
16431
16435
16436
16440
16441
16445
16448
16449
16454
16458
16472
16473
16477
16483
16492
16497
16500
16507
16510
16513
16514
16519
16523
16525
16532
16533
16539
16548
16552
16557
16558
16566
16567
16573
16576
16582
16583
16584
16585
16595
16596
16603
16609
16616
16621
16626
16630
16631
16640
16644
16645
16654
16655
16656
16667
16668
16677
16681
16682
16688
16689
16690
16696
16697
16704
16705
16712
16715
16723
16725
16726
16733
16739
16742
16748
16749
16750
16758
16759
16769
16771
16774
16777
16783
16784
16785
16793
16795
16796
16801
16802
16805
16808
16810
16814
16819
16821
16823
16825
16829
16830
16835
16837
16838
16839
16845
16846
16852
16858
16863
16865
16881
16885
16886
16887
16894
16895
16899
16904
16909
16910
16918
16919
16920
16927
16930
16931
16938
16950
16955
16956
16965
16966
16967
16975
16976
16977
16984
16985
16986
16999
17000
17008
17009
17010
17016
17017
17018
17025
17026
17027
17035
17036
17040
17043
17044
17045
17046
17047
17049
17050
17051
17059
17060
17061
17069
17070
17079
17080
17081
17089
17095
17100
17102
17103
17111
17112
17113
17116
17117
17118
17124
17125
17131
17132
17133
17139
17140
17141
17150
17156
17160
17161
17164
17168
17169
17170
17179
17180
17181
17189
17190
17191
17199
17200
17201
17209
17210
17211
17218
17219
17220
17227
17228
17229
17237
17238
17239
17249
17250
17251
17260
17261
17262
17270
17271
17272
17279
17280
17286
17287
17288
17293
17294
17295
17301
17309
17310
17314
17317
17320
17326
17335
17336
17343
17351
17358
17359
17366
17367
17374
17375
17376
17385
17390
17397
17398
17399
17407
17408
17414
17417
17418
17419
17421
17422
17429
17430
17431
17437
17441
17442
17451
17453
17457
17461
17463
17464
17465
17468
17472
17473
17475
17479
17480
17489
17496
17504
17505
17517
17519
17521
17524
17525
17529
17531
17539
17540
17544
17546
17547
17548
17553
17565
17573
17580
17581
17582
17592
17593
17601
17602
17608
17609
17610
17617
17618
17624
17625
17629
17630
17637
17638
17647
17651
17652
17653
17660
17661
17662
17669
17670
17676
17677
17683
17687
17688
17692
17693
17700
17703
17712
17713
17714
17721
17726
17727
17728
17736
17737
17738
17748
17749
17757
17758
17759
17767
17768
17769
17778
17779
17786
17792
17793
17801
17802
17803
17810
17811
17812
17821
17822
17823
17830
17831
17838
17839
17848
17849
17856
17862
17863
17867
17868
17872
17873
17874
17875
17882
17883
17891
17897
17898
17900
17901
17910
17911
17912
17921
17922
17926
17930
17931
17940
17948
17951
17956
17957
17958
17966
17967
17978
17981
17985
17989
17990
17997
17998
17999
18006
18007
18009
18010
18013
18017
18024
18025
18028
18029
18030
18041
18042
18046
18048
18049
18053
18054
18057
18059
18060
18062
18068
18069
18074
18075
18081
18088
18089
18092
18096
18100
18101
18102
18110
18115
18119
18120
18122
18128
18130
18132
18135
18136
18137
18149
18152
18153
18155
18161
18163
18167
18176
18180
18188
18193
18197
18198
18199
18206
18207
18211
18213
18217
18221
18222
18226
18242
18243
18250
18251
18252
18259
18260
18266
18267
18268
18276
18277
18281
18282
18284
18291
18297
18298
18305
18306
18313
18321
18328
18330
18331
18334
18335
18336
18342
18343
18348
18354
18357
18358
18359
18367
18376
18392
18401
18402
18405
18409
18413
18418
18422
18424
18425
18427
18428
18433
18448
18449
18451
18452
18455
18461
18465
18470
18476
18486
18489
18495
18502
18513
18522
18532
18533
18539
18540
18550
18551
18558
18559
18560
18565
18567
18572
18575
18577
18583
18584
18589
18593
18594
18600
18601
18606
18611
18612
18617
18618
18621
18622
18625
18628
18629
18646
18647
18658
18659
18662
18663
18673
18674
18680
18681
18687
18701
18704
18710
18714
18715
18717
18721
18722
18725
18728
18729
18743
18757
18764
18768
18778
18779
18783
18784
18789
18790
18791
18800
18802
18803
18809
18810
18819
18823
18825
18826
18828
18829
18837
18838
18843
18858
18870
18875
18877
18878
18879
18882
18884
18896
18905
18906
18909
18910
18913
18917
18921
18925
18926
18931
18938
18942
18945
18948
18950
18955
18960
18973
18978
18979
18982
18984
18990
18992
19004
19005
19011
19012
19020
19025
19026
19031
19034
19035
19039
19040
19046
19051
19052
19059
19060
19067
19069
19074
19076
19081
19085
19088
19089
19093
19094
19101
19103
19105
19106
19114
19115
19116
19123
19124
19130
19131
19139
19145
19150
19151
19159
19160
19166
19167
19168
19174
19175
19176
19186
19191
19196
19213
19220
19222
19224
19225
19233
19234
19235
19244
19250
19251
19252
19259
19260
19261
19269
19270
19276
19277
19280
19286
19287
19288
19293
19298
19303
19304
19309
19317
19318
19323
19331
19344
19346
19347
19355
19356
19357
19365
19374
19375
19382
19389
19390
19391
19398
19399
19405
19406
19413
19415
19418
19421
19422
19430
19431
19432
19440
19444
19445
19455
19456
19461
19465
19471
19475
19476
19480
19481
19488
19489
19490
19505
19506
19507
19516
19517
19518
19527
19528
19529
19536
19537
19538
19546
19547
19555
19556
19557
19565
19566
19567
19576
19577
19578
19585
19586
19587
19596
19597
19598
19606
19611
19616
19617
19623
19624
19631
19634
19642
19648
19651
19652
19658
19659
19669
19670
19671
19676
19677
19678
19686
19687
19688
19697
19702
19706
19713
19714
19723
19724
19727
19729
19730
19738
19739
19740
19745
19750
19753
19755
19756
19760
19764
19766
19767
19771
19772
19773
19776
19777
19779
19781
19786
19789
19796
19797
19801
19807
19810
19812
19813
19814
19815
19819
19826
19834
19836
19840
19844
19845
19850
19855
19859
19863
19864
19870
19873
19877
19882
19883
19889
19890
19899
19900
19907
19910
19914
19922
19928
19930
19932
19933
19939
19944
19946
19948
19952
19960
19970
19971
19972
19981
19982
19984
19985
19992
19993
19994
20000
20004
20007
20008
20012
20013
20014
20021
20022
20027
20038
20046
20047
20054
20055
20056
20065
20073
20074
20079
20083
20090
20091
20092
20104
20107
20111
20117
20118
20124
20125
20132
20133
20134
20143
20144
20145
20155
20156
20164
20165
20166
20174
20177
20178
20181
20182
20183
20191
20192
20201
20202
20203
20212
20213
20221
20222
20230
20233
20237
20238
20239
20248
20249
20250
20259
20260
20261
20268
20269
20270
20279
20280
20286
20287
20291
20292
20293
20300
20301
20309
20310
20311
20321
20322
20323
20330
20331
20332
20341
20342
20343
20352
20353
20362
20366
20369
20381
20382
20383
20392
20393
20394
20404
20405
20406
20415
20416
20417
20426
20427
20428
20436
20437
20438
20446
20447
20448
20457
20458
20459
20467
20468
20469
20478
20479
20487
20488
20493
20494
20495
20503
20504
20505
20513
20514
20527
20535
20547
20553
20564
20565
20572
20573
20574
20580
20581
20589
20590
20591
20598
20599
20600
20609
20610
20611
20622
20623
20625
20627
20628
20629
20635
20636
20645
20646
20647
20653
20654
20663
20669
20671
20673
20674
20675
20683
20684
20685
20693
20694
20700
20701
20708
20709
20711
20713
20714
20721
20722
20727
20736
20739
20740
20741
20742
20743
20746
20753
20755
20758
20760
20766
20771
20777
20781
20782
20783
20786
20787
20793
20801
20807
20810
20813
20825
20826
20827
20834
20835
20845
20858
20859
20864
20865
20872
20882
20886
20890
20897
20898
20903
20914
20915
20923
20928
20933
20934
20944
20954
20958
20962
20968
20974
20978
20980
20981
20987
21000
21002
21003
21006
21007
21008
21011
21012
21014
21016
21017
21018
21019
21027
21028
21029
21035
21036
21040
21041
21042
21056
21057
21063
21064
21065
21072
21073
21082
21085
21090
21091
21093
21094
21095
21103
21104
21111
21112
21113
21119
21129
21136
21143
21146
21147
21148
21154
21155
21156
21170
21177
21179
21180
21181
21182
21183
21184
21185
21195
21196
21197
21206
21207
21208
21216
21217
21218
21224
21225
21234
21235
21236
21243
21244
21252
21253
21254
21262
21263
21272
21273
21274
21281
21287
21288
21295
21296
21300
21315
21316
21320
21321
21337
21338
21344
21345
21346
21352
21353
21361
21362
21363
21366
21367
21368
21377
21378
21379
21393
21399
21406
21414
21415
21416
21420
21424
21428
21432
21437
21441
21444
21449
21453
21473
21480
21482
21483
21485
21486
21494
21498
21499
21505
21506
21510
21511
21512
21516
21517
21522
21523
21527
21533
21534
21535
21544
21546
21561
21582
21587
21590
21591
21596
21604
21610
21611
21613
21614
21615
21617
21618
21621
21622
21626
21629
21630
21631
21637
21640
21643
21650
21655
21658
21659
21660
21664
21669
21670
21672
21675
21680
21682
21685
21689
21695
21696
21703
21706
21707
21713
21715
21721
21722
21726
21727
21728
21736
21737
21738
21748
21753
21757
21758
21762
21766
21767
21768
21778
21791
21792
21804
21820
21822
21825
21827
21828
21829
21837
21838
21846
21847
21851
21855
21867
21868
21873
21877
21878
21879
21885
21886
21893
21898
21900
21903
21906
21907
21912
21913
21921
21922
21930
21931
21936
21939
21940
21949
21950
21959
21964
21965
21974
21975
21983
21989
21990
21991
22000
22001
22007
22008
22011
22016
22018
22019
22022
22027
22028
22029
22039
22040
22046
22052
22053
22056
22057
22058
22064
22065
22072
22073
22082
22083
22084
22092
22093
22094
22102
22103
22104
22111
22112
22116
22118
22119
22120
22128
22129
22130
22138
22139
22145
22146
22147
22155
22157
22164
22165
22166
22174
22175
22176
22183
22187
22188
22192
22195
22197
22199
22201
22202
22203
22210
22211
22212
22220
22221
22222
22230
22231
22232
22240
22243
22244
22245
22254
22255
22263
22268
22271
22286
22287
22293
22294
22298
22303
22308
22311
22312
22322
22327
22331
22333
22334
22336
22339
22340
22344
22345
22347
22349
22350
22354
22357
22359
22362
22370
22371
22379
22380
22381
22394
22395
22397
22405
22407
22408
22412
22416
22417
22424
22425
22426
22434
22438
22439
22442
22450
22451
22452
22460
22461
22462
22470
22477
22478
22479
22494
22495
22496
22507
22508
22509
22519
22520
22521
22530
22531
22537
22538
22544
22545
22546
22556
22557
22558
22566
22568
22569
22572
22573
22574
22581
22582
22583
22593
22594
22595
22604
22608
22609
22617
22618
22619
22620
22621
22622
22632
22633
22634
22643
22644
22651
22652
22667
22668
22673
22676
22677
22683
22690
22691
22692
22699
22700
22701
22713
22714
22723
22724
22725
22733
22734
22735
22744
22745
22746
22755
22756
22757
22766
22767
22768
22777
22778
22785
22786
22790
22791
22792
22801
22802
22803
22812
22813
22822
22830
22832
22834
22835
22836
22837
22847
22848
22849
22857
22858
22864
22865
22871
22876
22880
22881
22888
22889
22897
22899
22903
22904
22908
22912
22913
22915
22919
22920
22921
22931
22932
22933
22943
22944
22945
22955
22956
22957
22968
22969
22972
22973
22974
22984
22985
22986
22996
23004
23009
23010
23019
23020
23026
23028
23031
23034
23035
23036
23043
23044
23045
23050
23051
23057
23058
23059
23065
23066
23068
23069
23070
23078
23079
23089
23096
23102
23103
23113
23118
23122
23123
23131
23132
23133
23147
23150
23154
23155
23156
23165
23166
23173
23190
23191
23195
23200
23203
23213
23215
23216
23217
23218
23219
23220
23225
23226
23235
23236
23242
23243
23247
23253
23256
23265
23269
23270
23275
23276
23278
23279
23280
23282
23283
23284
23289
23292
23297
23303
23304
23320
23323
23328
23332
23333
23336
23340
23349
23350
23355
23359
23360
23361
23368
23369
23374
23377
23378
23380
23381
23384
23386
23387
23399
23400
23406
23407
23408
23418
23420
23421
23423
23424
23438
23442
23446
23447
23450
23453
23456
23464
23465
23471
23478
23479
23484
23485
23486
23491
23492
23495
23497
23498
23504
23505
23508
23509
23513
23514
23517
23518
23519
23520
23527
23528
23533
23534
23535
23544
23547
23548
23557
23563
23567
23575
23576
23582
23588
23589
23590
23594
23595
23596
23598
23605
23609
23612
23614
23620
23627
23632
23635
23638
23641
23643
23646
23649
23653
23654
23657
23659
23673
23683
23686
23687
23697
23700
23705
23708
23709
23710
23712
23720
23728
23735
23738
23743
23744
23745
23753
23754
23755
23770
23771
23780
23783
23784
23788
23789
23795
23798
23813
23814
23815
23821
23822
23829
23830
23831
23839
23842
23849
23857
23858
23859
23867
23868
23869
23877
23878
23886
23887
23896
23897
23898
23911
23915
23916
23923
23924
23925
23933
23934
23935
23939
23940
23941
23942
23951
23952
23953
23960
23961
23967
23972
23982
23987
23994
24002
24003
24011
24012
24013
24019
24020
24021
24030
24031
24032
24040
24041
24049
24050
24051
24060
24061
24064
24065
24069
24070
24071
24079
24080
24081
24089
24090
24099
24115
24116
24123
24124
24131
24136
24137
24142
24144
24152
24162
24168
24174
24177
24178
24179
24186
24187
24188
24195
24196
24197
24206
24207
24214
24218
24219
24220
24229
24230
24231
24239
24240
24243
24244
24248
24249
24253
24259
24260
24267
24268
24269
24280
24281
24282
24289
24297
24298
24301
24303
24304
24305
24308
24313
24316
24319
24320
24324
24325
24328
24333
24334
24339
24340
24350
24355
24362
24364
24369
24372
24373
24376
24379
24384
24388
24389
24393
24394
24401
24412
24413
24418
24419
24422
24427
24430
24431
24457
24462
24463
24471
24472
24479
24489
24492
24493
24494
24495
24496
24499
24503
24506
24511
24513
24518
24521
24522
24525
24526
24527
24529
24530
24531
24537
24542
24545
24546
24547
24551
24564
24565
24570
24571
24572
24573
24580
24581
24592
24594
24595
24606
24612
24614
24618
24619
24626
24627
24632
24633
24645
24648
24653
24659
24663
24668
24669
24671
24673
24677
24679
24680
24687
24694
24700
24701
24708
24713
24748
24750
24752
24758
24759
24767
24768
24771
24772
24778
24785
24786
24793
24794
24804
24805
24807
24808
24811
24813
24814
24830
24831
24838
24839
24840
24848
24849
24850
24858
24859
24868
24873
24874
24879
24880
24882
24887
24891
24895
24896
24901
24908
24913
24914
24915
24920
24922
24923
24926
24927
24928
24937
24938
24939
24947
24948
24957
24958
24959
24967
24968
24969
24977
24978
24979
24983
24987
24988
24989
24998
24999
25007
25011
25016
25017
25018
25027
25028
25036
25037
25044
25049
25050
25054
25055
25057
25063
25064
25067
25070
25071
25072
25082
25083
25091
25092
25102
25103
25104
25113
25114
25115
25123
25124
25125
25133
25134
25140
25141
25147
25148
25149
25158
25159
25160
25168
25169
25170
25177
25178
25187
25189
25190
25191
25196
25197
25198
25205
25206
25207
25211
25212
25213
25219
25220
25224
25226
25233
25234
25235
25241
25245
25250
25253
25254
25255
25264
25265
25266
25273
25274
25275
25284
25285
25286
25294
25297
25298
25299
25300
25309
25310
25311
25320
25321
25329
25330
25334
25335
25340
25341
25345
25347
25348
25353
25354
25364
25365
25375
25376
25378
25387
25388
25395
25400
25407
25408
25409
25415
25422
25424
25428
25429
25431
25435
25439
25444
25445
25449
25450
25456
25457
25458
25464
25467
25468
25469
25474
25475
25480
25481
25492
25493
25498
25499
25513
25517
25518
25519
25524
25525
25532
25536
25537
25538
25544
25551
25558
25559
25561
25564
25568
25569
25572
25584
25594
25596
25600
25604
25611
25616
25620
25625
25627
25628
25631
25632
25636
25641
25650
25652
25658
25659
25669
25681
25684
25695
25698
25699
25701
25707
25711
25712
25713
25721
25722
25723
25731
25732
25737
25738
25739
25740
25750
25751
25758
25765
25770
25780
25781
25789
25790
25791
25798
25799
25804
25810
25816
25817
25821
25822
25832
25833
25834
25843
25844
25845
25854
25855
25863
25864
25866
25867
25868
25877
25878
25879
25891
25892
25899
25900
25901
25910
25911
25922
25923
25924
25932
25933
25940
25941
25942
25948
25953
25957
25962
25965
25966
25969
25973
25974
25975
25981
25982
25983
25990
25991
25993
25994
25995
26005
26006
26007
26016
26017
26018
26027
26028
26029
26038
26039
26040
26049
26050
26051
26060
26064
26065
26071
26072
26073
26083
26084
26085
26093
26094
26102
26110
26112
26113
26121
26122
26123
26130
26131
26137
26138
26152
26153
26163
26172
26173
26180
26184
26185
26188
26189
26190
26199
26200
26201
26209
26210
26211
26221
26222
26223
26235
26236
26237
26246
26247
26248
26256
26257
26262
26263
26264
26270
26271
26280
26283
26284
26285
26286
26295
26296
26297
26304
26305
26311
26312
26319
26324
26325
26332
26334
26336
26337
26342
26350
26360
26367
26370
26372
26374
26379
26385
26388
26389
26391
26393
26396
26397
26401
26406
26410
26411
26412
26413
26417
26419
26424
26430
26434
26435
26436
26437
26438
26439
26444
26455
26457
26458
26459
26464
26466
26469
26470
26471
26474
26475
26476
26484
26488
26490
26491
26494
26497
26498
26508
26511
26516
26517
26528
26530
26542
26547
26548
26553
26555
26556
26563
26568
26574
26578
26581
26584
26585
26589
26591
26592
26593
26602
26603
26604
26612
26613
26617
26622
26626
26630
26631
26634
26635
26636
26642
26644
26645
26647
26648
26649
26658
26659
26660
26666
26667
26668
26676
26677
26678
26686
26691
26694
26695
26696
26705
26706
26707
26717
26718
26719
26727
26728
26734
26735
26738
26739
26740
26749
26750
26751
26761
26762
26767
26768
26769
26778
26785
26787
26791
26795
26796
26797
26807
26808
26809
26815
26816
26817
26823
26824
26825
26831
26834
26835
26836
26837
26838
26839
26842
26843
26848
26849
26859
26860
26868
26869
26875
26877
26879
26887
26888
26889
26895
26896
26897
26905
26906
26914
26915
26916
26924
26925
26926
26933
26941
26943
26944
26952
26953
26954
26963
26964
26965
26972
26973
26974
26985
26986
26988
26989
26990
26998
26999
27006
27007
27011
27012
27016
27017
27018
27026
27029
27032
27033
27034
27040
27042
27043
27044
27051
27052
27053
27060
27061
27062
27071
27072
27073
27081
27084
27085
27086
27087
27088
27097
27098
27099
27108
27110
27111
27115
27118
27119
27125
27126
27127
27135
27136
27138
27139
27144
27145
27146
27154
27159
27160
27161
27168
27169
27170
27171
27178
27179
27186
27188
27189
27195
27200
27201
27206
27217
27218
27219
27228
27229
27232
27233
27236
27240
27244
27245
27252
27253
27254
27261
27264
27265
27272
27283
27288
27289
27290
27295
27321
27328
27329
27330
27335
27336
27337
27340
27341
27349
27350
27351
27355
27356
27357
27366
27367
27368
27372
27378
27387
27390
27393
27400
27401
27414
27418
27419
27425
27430
27432
27433
27441
27450
27455
27460
27469
27470
27490
27491
27495
27500
27507
27508
27533
27534
27535
27538
27539
27540
27549
27550
27563
27569
27570
27571
27579
27580
27581
27590
27593
27595
27602
27603
27604
27612
27613
27614
27620
27621
27625
27629
27631
27636
27639
27642
27653
27654
27655
27667
27668
27669
27676
27677
27690
27691
27699
27700
27701
27705
27709
27713
27714
27720
27732
27733
27741
27745
27750
27754
27760
27766
27767
27770
27775
27776
27778
27779
27780
27781
27789
27790
27791
27797
27807
27815
27816
27820
27821
27822
27831
27832
27841
27842
27845
27853
27856
27857
27863
27864
27865
27868
27869
27872
27873
27878
27882
27886
27889
27890
27898
27899
27909
27911
27922
27928
27929
27936
27937
27938
27952
27955
27956
27962
27963
27972
27973
27975
27976
27977
27988
27990
27991
27996
28002
28010
28015
28016
28017
28018
28029
28030
28038
28039
28040
28048
28049
28055
28056
28057
28063
28068
28069
28077
28078
28079
28089
28093
28097
28098
28104
28106
28109
28111
28112
28114
28117
28118
28119
28120
28121
28126
28127
28133
28141
28142
28151
28153
28154
28159
28160
28168
28170
28173
28182
28187
28197
28203
28206
28207
28216
28217
28218
28224
28229
28235
28239
28250
28251
28255
28256
28259
28282
28283
28287
28288
28289
28296
28297
28298
28305
28306
28307
28314
28315
28322
28323
28331
28332
28333
28334
28337
28338
28344
28345
28346
28351
28356
28357
28358
28365
28371
28372
28380
28385
28386
28393
28401
28402
28403
28408
28409
28410
28417
28425
28426
28427
28436
28437
28438
28445
28446
28453
28454
28455
28463
28466
28479
28480
28481
28488
28489
28496
28497
28525
28528
28533
28535
28538
28539
28542
28543
28544
28546
28547
28556
28557
28558
28562
28563
28564
28574
28575
28576
28584
28586
28587
28588
28595
28596
28597
28605
28613
28616
28617
28620
28621
28622
28626
28631
28634
28637
28638
28641
28642
28648
28654
28655
28661
28665
28666
28667
28668
28674
28676
28678
28679
28682
28683
28688
28690
28695
28696
28700
28701
28702
28706
28707
28710
28712
28715
28722
28725
28731
28736
28737
28739
28740
28741
28744
28746
28747
28752
28753
28761
28762
28763
28778
28786
28792
28793
28800
28801
28807
28816
28825
28826
28827
28835
28836
28837
28845
28852
28854
28855
28856
28865
28866
28867
28883
28884
28885
28891
28892
28898
28902
28903
28911
28912
28913
28920
28925
28926
28927
28929
28931
28932
28935
28944
28950
28955
28956
28957
28958
28967
28968
28974
28975
28976
28986
28987
28988
28998
28999
29000
29009
29010
29011
29021
29024
29025
29034
29035
29036
29043
29044
29045
29053
29058
29059
29067
29068
29075
29082
29095
29099
29106
29110
29111
29115
29122
29123
29124
29128
29129
29130
29139
29140
29147
29148
29154
29155
29156
29164
29165
29173
29180
29181
29188
29193
29200
29201
29211
29215
29226
29227
29230
29231
29235
29240
29242
29243
29251
29252
29253
29263
29264
29274
29275
29276
29283
29284
29285
29288
29292
29293
29302
29303
29304
29309
29317
29318
29319
29327
29335
29336
29340
29349
29350
29351
29359
29360
29366
29367
29368
29376
29377
29378
29386
29391
29392
29396
29401
29402
29403
29415
29416
29423
29424
29431
29436
29437
29452
29457
29458
29459
29465
29474
29475
29476
29485
29486
29493
29494
29503
29504
29505
29512
29513
29514
29522
29523
29524
29530
29536
29537
29545
29546
29554
29555
29562
29563
29571
29572
29573
29580
29581
29589
29593
29606
29611
29620
29621
29624
29627
29629
29637
29638
29643
29644
29653
29654
29655
29663
29668
29671
29672
29673
29681
29682
29683
29692
29693
29700
29704
29708
29714
29719
29723
29724
29728
29729
29735
29737
29739
29745
29746
29754
29767
29774
29781
29786
29787
29796
29797
29801
29804
29806
29808
29810
29813
29815
29816
29817
29825
29826
29827
29832
29833
29843
29844
29850
29851
29861
29864
29865
29870
29871
29881
29888
29889
29898
29910
29913
29914
29919
29921
29922
29929
29937
29944
29945
29953
29954
29955
29959
29960
29961
29968
29969
29970
29978
29981
29982
29983
29991
29992
29993
30005
30006
30012
30013
30014
30015
30016
30023
30024
30033
30038
30040
30041
30045
30046
30049
30053
30058
30064
30065
30071
30072
30073
30081
30082
30091
30098
30099
30106
30107
30113
30119
30128
30129
30133
30134
30137
30138
30144
30145
30148
30153
30154
30162
30163
30164
30171
30172
30180
30183
30189
30199
30214
30216
30222
30223
30224
30225
30226
30227
30228
30232
30233
30236
30238
30241
30244
30245
30250
30253
30260
30263
30269
30273
30278
30279
30288
30289
30290
30302
30308
30311
30318
30319
30326
30332
30335
30336
30341
30349
30350
30358
30359
30360
30368
30373
30377
30378
30384
30385
30395
30396
30397
30405
30406
30415
30416
30425
30426
30427
30436
30437
30442
30443
30450
30459
30460
30469
30470
30479
30480
30487
30488
30496
30497
30505
30508
30511
30517
30523
30530
30531
30540
30541
30550
30551
30552
30560
30561
30570
30571
30572
30581
30582
30583
30590
30591
30592
30596
30597
30598
30607
30608
30615
30616
30617
30625
30626
30632
30634
30635
30636
30643
30644
30645
30651
30655
30656
30666
30671
30672
30681
30682
30686
30689
30690
30691
30698
30699
30700
30707
30708
30718
30724
30727
30728
30738
30739
30740
30752
30760
30761
30768
30769
30786
30787
30795
30796
30797
30806
30808
30816
30823
30829
30843
30848
30849
30850
30855
30865
30868
30873
30874
30884
30886
30887
30893
30905
30907
30908
30914
30915
30921
30927
30933
30936
30939
30940
30943
30946
30947
30953
30960
30961
30967
30976
30977
30984
30988
30989
30990
30991
30996
30997
31000
31001
31003
31004
31007
31010
31012
31013
31018
31019
31025
31026
31032
31039
31043
31046
31050
31053
31056
31065
31066
31073
31074
31075
31090
31091
31092
31095
31097
31103
31104
31105
31109
31110
31117
31118
31126
31128
31130
31133
31138
31140
31141
31142
31150
31151
31156
31157
31163
31164
31171
31172
31173
31181
31182
31183
31192
31199
31200
31210
31211
31212
31213
31219
31220
31222
31225
31226
31227
31228
31235
31236
31239
31240
31241
31249
31250
31251
31256
31257
31258
31264
31265
31266
31271
31278
31284
31285
31286
31293
31294
31295
31301
31302
31305
31306
31307
31310
31311
31312
31319
31320
31325
31327
31330
31331
31333
31336
31337
31339
31342
31344
31350
31359
31366
31367
31368
31382
31383
31384
31393
31394
31395
31406
31411
31412
31416
31424
31426
31439
31448
31451
31452
31460
31461
31462
31470
31471
31479
31480
31488
31497
31498
31505
31509
31515
31524
31525
31532
31537
31538
31543
31549
31550
31551
31559
31560
31567
31569
31570
31573
31588
31589
31592
31597
31598
31607
31608
31609
31618
31619
31620
31629
31630
31631
31641
31642
31643
31649
31650
31653
31654
31663
31664
31665
31673
31679
31680
31688
31689
31690
31699
31700
31701
31710
31716
31722
31724
31726
31727
31732
31733
31741
31742
31747
31751
31754
31755
31759
31764
31765
31766
31773
31774
31775
31782
31787
31788
31790
31791
31800
31801
31809
31813
31819
31825
31826
31834
31835
31842
31845
31849
31850
31857
31858
31859
31872
31880
31881
31888
31889
31896
31897
31910
31911
31919
31921
31925
31926
31927
31929
31930
31936
31938
31944
31947
31949
31954
31958
31961
31962
31967
31968
31969
31978
31979
31980
31988
31989
31990
31999
32000
32001
32010
32011
32012
32021
32022
32023
32032
32033
32042
32043
32051
32053
32054
32064
32065
32066
32074
32075
32081
32089
32094
32101
32102
32103
32111
32112
32113
32121
32129
32130
32131
32138
32139
32146
32147
32148
32153
32155
32156
32159
32160
32164
32165
32167
32168
32174
32175
32176
32184
32186
32187
32191
32192
32193
32201
32202
32210
32211
32212
32221
32222
32223
32232
32240
32241
32242
32248
32249
32257
32258
32259
32267
32276
32277
32278
32287
32288
32289
32298
32299
32300
32307
32308
32309
32316
32317
32318
32324
32328
32331
32332
32340
32341
32342
32350
32351
32357
32358
32359
32370
32372
32375
32380
32383
32384
32385
32390
32394
32395
32397
32398
32399
32408
32409
32410
32417
32420
32424
32425
32426
32432
32433
32434
32442
32443
32449
32450
32451
32455
32456
32460
32461
32469
32474
32475
32484
32490
32491
32492
32501
32502
32503
32515
32520
32521
32522
32530
32531
32532
32540
32541
32542
32550
32551
32552
32561
32562
32570
32571
32574
32577
32585
32587
32595
32600
32603
32604
32607
32612
32613
32620
32625
32635
32636
32640
32641
32651
32652
32667
32673
32678
32679
32688
32689
32690
32701
32706
32707
32708
32714
32720
32721
32730
32731
32735
32738
32746
32756
32761
32762
32771
32772
32773
32774
32780
32785
32786
32789
32792
32797
32798
32802
32808
32810
32811
32812
32821
32826
32827
32832
32837
32839
32840
32842
32843
32844
32847
32849
32850
32854
32857
32859
32865
32867
32868
32877
32885
32886
32901
32907
32914
32915
32918
32919
32930
32931
32935
32936
32942
32943
32948
32951
32954
32957
32962
32963
32971
32972
32973
32977
32979
32980
32982
32986
32997
32999
33001
33008
33016
33020
33038
33042
33045
33055
33059
33064
33068
33076
33077
33081
33089
33091
33099
33100
33103
33106
33108
33113
33120
33124
33126
33127
33135
33136
33137
33145
33146
33147
33156
33157
33158
33167
33168
33169
33177
33178
33179
33187
33195
33196
33203
33207
33208
33216
33217
33218
33232
33241
33243
33244
33253
33254
33255
33262
33268
33269
33274
33280
33285
33290
33291
33300
33301
33306
33307
33308
33318
33319
33320
33329
33334
33337
33338
33347
33348
33349
33356
33357
33364
33365
33370
33371
33372
33379
33380
33381
33389
33390
33397
33398
33409
33413
33414
33419
33425
33432
33435
33440
33441
33442
33451
33452
33453
33463
33466
33467
33476
33477
33478
33485
33486
33493
33494
33495
33502
33503
33512
33515
33516
33523
33524
33525
33533
33534
33542
33543
33544
33555
33556
33557
33563
33564
33565
33572
33573
33574
33582
33583
33584
33592
33600
33601
33608
33612
33615
33618
33620
33621
33626
33627
33633
33634
33649
33650
33653
33654
33660
33664
33666
33670
33673
33674
33675
33679
33680
33681
33688
33693
33696
33697
33704
33705
33706
33713
33717
33721
33725
33735
33747
33748
33753
33756
33758
33761
33767
33770
33776
33783
33784
33789
33794
33798
33799
33802
33803
33812
33815
33822
33825
33836
33843
33854
33859
33864
33871
33872
33877
33880
33881
33889
33890
33896
33897
33905
33906
33910
33911
33917
33918
33926
33927
33948
33951
33953
33962
33964
33967
33972
33973
33986
33987
33989
33996
33997
34004
34009
34011
34012
34013
34014
34020
34021
34025
34033
34034
34041
34042
34043
34044
34050
34053
34057
34058
34061
34065
34066
34067
34069
34071
34076
34077
34078
34082
34083
34092
34093
34108
34111
34112
34117
34123
34126
34140
34141
34146
34147
34156
34157
34158
34166
34167
34168
34176
34177
34178
34186
34187
34188
34193
34194
34195
34201
34202
34208
34209
34212
34213
34214
34222
34223
34224
34233
34234
34240
34241
34242
34249
34250
34252
34253
34260
34261
34270
34275
34281
34286
34290
34294
34299
34300
34301
34309
34310
34311
34319
34320
34321
34331
34332
34333
34342
34343
34344
34350
34351
34354
34355
34365
34366
34367
34374
34375
34376
34383
34384
34391
34392
34393
34402
34403
34404
34412
34413
34419
34420
34427
34428
34429
34436
34437
34444
34452
34458
34466
34471
34476
34480
34481
34482
34491
34492
34493
34501
34504
34505
34509
34510
34511
34519
34520
34521
34528
34529
34537
34544
34546
34550
34553
34554
34557
34558
34564
34565
34575
34576
34580
34581
34583
34593
34594
34595
34605
34606
34607
34615
34620
34621
34629
34630
34631
34640
34641
34642
34650
34651
34652
34661
34672
34676
34679
34681
34686
34687
34690
34693
34694
34695
34702
34706
34707
34714
34721
34722
34729
34730
34732
34733
34740
34742
34758
34764
34765
34766
34769
34772
34775
34778
34780
34786
34787
34789
34790
34797
34798
34799
34808
34809
34811
34812
34818
34819
34824
34825
34826
34831
34832
34833
34836
34837
34841
34842
34847
34855
34856
34857
34858
34859
34866
34868
34883
34884
34885
34891
34892
34893
34897
34899
34901
34905
34909
34910
34912
34913
34919
34923
34926
34930
34939
34940
34944
34951
34964
34971
34972
34974
34976
34986
34989
34993
34996
34997
34999
35002
35008
35013
35016
35023
35024
35028
35029
35030
35039
35040
35041
35050
35051
35052
35062
35063
35064
35072
35073
35074
35084
35085
35086
35094
35095
35103
35112
35114
35115
35116
35124
35125
35126
35135
35136
35137
35144
35145
35151
35159
35160
35169
35170
35171
35178
35183
35184
35185
35191
35192
35199
35200
35201
35207
35208
35211
35212
35217
35218
35223
35225
35226
35234
35235
35236
35244
35245
35246
35256
35257
35258
35268
35269
35270
35277
35278
35279
35286
35287
35288
35297
35298
35299
35307
35308
35316
35317
35318
35326
35327
35328
35338
35339
35340
35349
35350
35358
35359
35366
35379
35380
35392
35393
35403
35404
35405
35409
35413
35416
35417
35423
35424
35431
35432
35441
35442
35443
35457
35462
35463
35464
35473
35474
35482
35489
35504
35505
35509
35510
35511
35515
35516
35523
35524
35525
35532
35534
35537
35540
35541
35542
35552
35553
35554
35561
35563
35564
35567
35568
35577
35578
35579
35585
35586
35587
35596
35597
35598
35607
35608
35617
35618
35625
35626
35628
35630
35633
35642
35643
35646
35650
35651
35652
35659
35665
35666
35672
35673
35678
35682
35684
35685
35687
35701
35703
35707
35708
35710
35722
35726
35728
35730
35739
35746
35748
35750
35752
35757
35760
35762
35772
35776
35781
35788
35794
35800
35802
35819
35822
35833
35836
35837
35838
35848
35849
35850
35857
35858
35859
35867
35868
35869
35878
35879
35880
35889
35890
35891
35899
35906
35916
35917
35926
35927
35935
35936
35944
35945
35953
35961
35962
35963
35973
35974
35975
35983
35987
35988
35993
35996
36002
36004
36005
36009
36010
36015
36016
36018
36019
36021
36022
36023
36032
36033
36041
36042
36043
36052
36053
36054
36062
36070
36071
36072
36079
36080
36081
36090
36091
36092
36100
36108
36109
36117
36118
36126
36127
36128
36136
36142
36143
36144
36151
36153
36155
36156
36157
36163
36164
36165
36171
36175
36180
36186
36188
36194
36199
36202
36203
36204
36214
36215
36216
36224
36225
36229
36230
36237
36238
36246
36247
36255
36256
36261
36262
36270
36279
36280
36286
36292
36298
36301
36303
36304
36305
36306
36315
36316
36317
36325
36326
36333
36334
36335
36341
36342
36343
36351
36352
36353
36360
36361
36369
36376
36379
36394
36395
36398
36401
36410
36411
36417
36418
36426
36433
36434
36439
36440
36441
36445
36448
36452
36457
36464
36466
36467
36472
36479
36485
36492
36497
36498
36505
36506
36514
36522
36528
36529
36537
36543
36561
36565
36567
36572
36574
36580
36581
36582
36589
36590
36593
36604
36610
36615
36616
36620
36621
36628
36634
36641
36642
36647
36653
36659
36660
36661
36668
36669
36676
36677
36681
36682
36683
36691
36697
36710
36714
36715
36716
36722
36723
36724
36727
36728
36734
36735
36743
36745
36746
36751
36764
36765
36771
36772
36781
36782
36791
36796
36797
36799
36800
36807
36808
36809
36824
36825
36831
36832
36840
36841
36858
36868
36870
36872
36878
36879
36888
36889
36890
36898
36901
36902
36909
36914
36915
36928
36932
36942
36948
36949
36957
36964
36965
36970
36975
36976
36984
36985
36986
36998
37009
37010
37012
37013
37017
37025
37026
37033
37034
37040
37041
37049
37050
37064
37068
37071
37072
37073
37078
37079
37080
37086
37087
37092
37093
37094
37098
37099
37100
37101
37106
37113
37117
37118
37119
37123
37129
37130
37136
37137
37144
37145
37146
37160
37164
37173
37174
37180
37182
37183
37190
37191
37195
37198
37199
37207
37208
37209
37218
37224
37225
37227
37229
37231
37232
37233
37241
37242
37243
37250
37251
37256
37263
37271
37274
37280
37286
37287
37295
37296
37308
37309
37321
37323
37324
37325
37326
37327
37328
37329
37330
37336
37337
37346
37347
37356
37357
37358
37365
37366
37367
37377
37378
37388
37389
37392
37394
37395
37396
37403
37404
37413
37414
37416
37417
37422
37424
37425
37433
37434
37442
37447
37465
37470
37477
37478
37484
37485
37486
37494
37495
37496
37504
37515
37516
37517
37526
37527
37528
37541
37542
37550
37551
37558
37559
37565
37574
37575
37578
37584
37588
37589
37593
37602
37611
37612
37613
37621
37622
37623
37633
37639
37650
37656
37660
37661
37663
37667
37670
37672
37678
37679
37680
37688
37689
37690
37706
37707
37708
37716
37717
37718
37724
37725
37731
37741
37747
37757
37762
37764
37771
37773
37775
37776
37777
37789
37790
37795
37796
37797
37803
37804
37807
37809
37812
37815
37818
37820
37821
37825
37826
37827
37837
37838
37839
37847
37848
37849
37857
37858
37865
37866
37867
37877
37884
37891
37892
37899
37900
37908
37909
37910
37917
37922
37930
37931
37932
37933
37942
37943
37944
37950
37954
37955
37960
37964
37969
37970
37973
37974
37975
37976
37977
37978
37984
37985
37986
37993
37994
37995
38004
38005
38006
38014
38015
38022
38029
38030
38031
38041
38042
38043
38052
38053
38059
38060
38061
38067
38068
38074
38075
38076
38083
38089
38090
38096
38103
38104
38112
38113
38118
38121
38123
38124
38130
38138
38139
38148
38149
38150
38156
38163
38164
38171
38172
38173
38180
38184
38188
38189
38190
38193
38194
38198
38200
38206
38210
38218
38221
38225
38226
38227
38233
38234
38235
38244
38245
38252
38253
38258
38259
38260
38270
38271
38272
38280
38281
38286
38287
38293
38295
38297
38298
38303
38305
38309
38312
38313
38314
38323
38324
38332
38333
38334
38343
38344
38345
38353
38354
38355
38361
38362
38363
38374
38375
38382
38389
38390
38391
38401
38402
38403
38407
38408
38410
38411
38421
38422
38429
38430
38437
38441
38442
38453
38456
38458
38467
38468
38475
38476
38477
38486
38487
38488
38497
38508
38509
38510
38519
38520
38521
38529
38530
38538
38539
38540
38545
38555
38556
38564
38571
38572
38582
38583
38592
38600
38604
38607
38608
38609
38617
38618
38619
38627
38628
38637
38638
38644
38648
38649
38657
38662
38665
38670
38673
38674
38675
38676
38677
38685
38686
38687
38695
38696
38697
38704
38705
38712
38713
38714
38722
38723
38724
38735
38746
38747
38748
38751
38752
38753
38760
38761
38768
38769
38776
38777
38785
38792
38793
38794
38800
38809
38816
38817
38824
38827
38829
38831
38835
38843
38844
38853
38854
38857
38860
38865
38866
38873
38874
38875
38881
38882
38883
38892
38893
38894
38909
38910
38911
38916
38917
38926
38927
38928
38935
38936
38937
38941
38947
38948
38954
38955
38956
38964
38988
38989
38990
38991
38992
38996
38997
38999
39006
39007
39014
39015
39023
39024
39025
39031
39032
39033
39037
39040
39041
39044
39047
39051
39057
39063
39064
39073
39074
39081
39082
39083
39086
39087
39095
39096
39107
39114
39121
39124
39131
39139
39140
39145
39146
39149
39155
39156
39161
39165
39169
39171
39173
39178
39181
39184
39190
39193
39201
39203
39213
39214
39217
39220
39221
39222
39230
39231
39240
39241
39242
39251
39252
39253
39261
39262
39263
39272
39273
39279
39280
39281
39297
39298
39306
39307
39308
39315
39316
39323
39324
39330
39334
39335
39336
39345
39346
39347
39353
39354
39361
39362
39366
39367
39374
39375
39376
39378
39384
39396
39397
39405
39406
39407
39415
39416
39417
39427
39428
39429
39437
39438
39445
39446
39447
39454
39455
39456
39463
39464
39473
39474
39482
39488
39489
39490
39498
39499
39507
39508
39509
39515
39524
39525
39531
39532
39533
39543
39550
39552
39557
39558
39564
39567
39568
39569
39577
39578
39586
39587
39598
39599
39600
39607
39615
39616
39617
39623
39631
39634
39644
39651
39652
39662
39665
39666
39667
39668
39677
39678
39689
39696
39697
39704
39705
39706
39715
39716
39724
39725
39726
39732
39733
39740
39747
39755
39757
39767
39769
39771
39785
39792
39793
39798
39806
39811
39820
39821
39823
39831
39836
39837
39842
39843
39853
39861
39862
39867
39874
39886
39889
39898
39899
39903
39907
39908
39910
39912
39913
39922
39931
39934
39936
39937
39942
39943
39944
39949
39950
39958
39959
39964
39971
39972
39973
39985
39990
39991
39992
39998
40003
40008
40011
40012
40021
40022
40023
40033
40038
40039
40040
40045
40051
40052
40053
40063
40064
40065
40077
40081
40082
40091
40092
40101
40102
40109
40115
40122
40129
40130
40135
40136
40143
40145
40147
40150
40153
40154
40155
40161
40162
40171
40172
40178
40179
40180
40186
40189
40190
40194
40197
40199
40202
40205
40206
40207
40208
40209
40216
40217
40218
40223
40231
40239
40245
40246
40255
40256
40261
40263
40285
40286
40291
40292
40293
40298
40299
40306
40313
40316
40320
40323
40326
40329
40330
40345
40346
40347
40348
40349
40350
40357
40358
40359
40366
40368
40369
40377
40383
40384
40390
40391
40399
40409
40410
40415
40416
40422
40423
40428
40430
40432
40436
40437
40442
40450
40451
40453
40454
40455
40462
40463
40470
40471
40476
40477
40486
40487
40493
40494
40500
40501
40502
40505
40506
40507
40508
40513
40518
40534
40539
40545
40546
40550
40551
40552
40560
40561
40568
40569
40577
40578
40579
40585
40586
40592
40594
40595
40603
40610
40611
40617
40618
40627
40628
40629
40632
40637
40638
40645
40648
40649
40654
40655
40661
40667
40668
40675
40682
40683
40689
40690
40691
40697
40698
40699
40707
40708
40709
40718
40722
40727
40733
40734
40742
40743
40747
40748
40756
40757
40758
40763
40764
40765
40767
40775
40776
40780
40781
40782
40790
40791
40799
40802
40803
40809
40815
40820
40821
40825
40826
40830
40835
40840
40843
40848
40851
40852
40856
40861
40865
40874
40876
40877
40886
40887
40894
40895
40896
40903
40904
40905
40913
40916
40930
40934
40943
40956
40961
40967
40974
40979
40982
40983
40987
40989
41005
41014
41015
41021
41022
41036
41041
41044
41045
41049
41053
41055
41057
41061
41063
41071
41077
41080
41084
41088
41089
41090
41098
41099
41102
41108
41113
41117
41122
41129
41130
41144
41147
41151
41152
41156
41158
41171
41174
41175
41176
41179
41195
41199
41201
41212
41214
41217
41218
41221
41222
41227
41228
41234
41235
41239
41241
41242
41261
41266
41267
41272
41273
41274
41277
41289
41290
41299
41301
41306
41310
41311
41315
41316
41319
41320
41323
41335
41341
41342
41363
41364
41367
41368
41373
41374
41379
41380
41387
41388
41394
41396
41398
41402
41404
41405
41406
41411
41414
41419
41420
41425
41426
41427
41433
41442
41443
41449
41454
41458
41459
41462
41466
41476
41480
41485
41487
41490
41496
41503
41504
41508
41517
41526
41528
41535
41543
41544
41545
41547
41560
41562
41563
41569
41570
41571
41578
41582
41589
41592
41598
41599
41600
41601
41605
41606
41613
41625
41626
41633
41634
41636
41641
41643
41644
41645
41653
41654
41665
41666
41672
41673
41674
41684
41685
41686
41698
41699
41706
41707
41716
41723
41729
41735
41739
41741
41747
41755
41756
41762
41763
41768
41769
41770
41776
41783
41784
41785
41790
41793
41794
41798
41807
41808
41813
41815
41817
41818
41822
41823
41827
41830
41837
41840
41844
41846
41853
41854
41860
41861
41862
41871
41880
41881
41887
41888
41898
41899
41903
41907
41908
41914
41915
41921
41924
41926
41928
41929
41933
41937
41940
41943
41944
41950
41956
41961
41983
41984
41987
41989
41990
41997
41998
41999
42001
42002
42004
42005
42010
42014
42022
42029
42034
42035
42045
42050
42056
42062
42064
42065
42073
42074
42075
42080
42085
42090
42091
42092
42100
42101
42112
42113
42117
42118
42123
42124
42127
42132
42143
42144
42145
42153
42162
42166
42167
42171
42178
42188
42189
42194
42196
42199
42205
42209
42211
42212
42221
42222
42229
42230
42235
42249
42257
42263
42268
42271
42273
42282
42288
42294
42295
42296
42304
42305
42316
42321
42322
42343
42348
42349
42350
42361
42362
42365
42366
42377
42378
42386
42387
42388
42399
42404
42405
42406
42415
42416
42417
42425
42426
42427
42434
42435
42442
42443
42452
42457
42461
42462
42463
42469
42470
42477
42481
42486
42489
42492
42497
42498
42503
42519
42524
42525
42532
42533
42534
42541
42542
42543
42550
42558
42559
42566
42568
42573
42574
42582
42589
42590
42597
42605
42608
42609
42615
42616
42625
42632
42634
42636
42637
42640
42647
42648
42654
42655
42662
42663
42664
42671
42672
42673
42682
42684
42685
42686
42694
42695
42704
42708
42715
42728
42733
42734
42738
42741
42750
42756
42757
42761
42766
42769
42786
42787
42790
42791
42797
42798
42807
42809
42812
42813
42821
42822
42828
42829
42830
42835
42837
42840
42844
42845
42848
42849
42852
42854
42855
42859
42860
42863
42864
42867
42868
42869
42876
42877
42878
42885
42886
42893
42898
42899
42908
42909
42920
42923
42924
42927
42929
42930
42933
42936
42940
42941
42946
42950
42954
42955
42959
42960
42967
42968
42975
42976
42984
42985
42986
42993
42994
43003
43004
43016
43017
43023
43024
43025
43032
43035
43036
43044
43051
43052
43053
43058
43061
43062
43066
43069
43071
43075
43080
43088
43092
43093
43100
43101
43111
43112
43113
43114
43119
43120
43121
43129
43130
43136
43137
43141
43142
43149
43150
43155
43156
43163
43164
43167
43180
43193
43194
43199
43203
43206
43209
43212
43213
43219
43220
43228
43229
43235
43238
43247
43252
43263
43264
43267
43269
43272
43278
43280
43281
43284
43286
43287
43289
43291
43303
43317
43320
43321
43326
43336
43344
43346
43352
43355
43364
43365
43371
43377
43380
43381
43384
43392
43393
43401
43402
43407
43408
43409
43420
43421
43424
43427
43434
43435
43444
43445
43448
43449
43450
43452
43459
43466
43467
43470
43473
43485
43488
43489
43492
43493
43496
43500
43507
43517
43523
43529
43531
43532
43541
43542
43543
43546
43547
43552
43555
43560
43561
43565
43570
43576
43577
43594
43597
43605
43606
43612
43619
43622
43623
43628
43629
43632
43644
43654
43669
43675
43683
43691
43696
43702
43708
43709
43715
43719
43720
43725
43728
43730
43731
43735
43740
43744
43748
43753
43760
43761
43765
43769
43773
43774
43777
43778
43780
43784
43789
43791
43794
43795
43796
43806
43811
43812
43816
43820
43821
43835
43837
43856
43859
43860
43861
43862
43864
43865
43868
43874
43876
43880
43888
43889
43897
43903
43907
43912
43919
43920
43925
43926
43931
43932
43936
43937
43948
43953
43962
43967
43968
43987
43994
43995
44003
44004
44010
44016
44017
44020
44026
44030
44031
44032
44034
44035
44038
44040
44041
44045
44051
44054
44057
44058
44062
44066
44067
44071
44072
44073
44078
44079
44087
44094
44098
44101
44111
44112
44113
44117
44123
44129
44130
44136
44137
44149
44150
44151
44160
44161
44169
44174
44179
44180
44188
44195
44196
44197
44205
44206
44212
44213
44221
44222
44231
44232
44233
44242
44243
44244
44253
44259
44266
44267
44272
44278
44279
44296
44300
44301
44321
44322
44327
44328
44336
44337
44346
44347
44354
44360
44367
44369
44370
44371
44378
44379
44380
44387
44388
44394
44398
44400
44401
44406
44407
44408
44415
44420
44434
44437
44438
44440
44441
44442
44445
44450
44451
44458
44459
44460
44467
44468
44475
44476
44484
44485
44490
44495
44499
44502
44505
44506
44519
44531
44533
44534
44535
44539
44544
44549
44550
44555
44559
44561
44567
44578
44582
44583
44590
44594
44595
44599
44606
44607
44610
44611
44616
44617
44618
44621
44623
44625
44634
44635
44643
44644
44649
44653
44656
44659
44666
44669
44671
44678
44679
44684
44697
44700
44706
44711
44712
44717
44719
44720
44728
44729
44746
44753
44754
44755
44760
44769
44775
44776
44782
44787
44788
44796
44797
44798
44806
44813
44819
44832
44840
44841
44849
44850
44851
44860
44867
44870
44871
44872
44880
44881
44882
44891
44893
44894
44901
44902
44903
44910
44911
44914
44917
44918
44919
44929
44930
44935
44941
44945
44946
44953
44954
44958
44959
44966
44967
44973
44974
44975
44979
44980
44981
44990
44991
44992
44998
44999
45006
45007
45008
45016
45017
45018
45027
45028
45035
45040
45043
45044
45050
45051
45057
45058
45063
45072
45077
45078
45083
45088
45089
45094
45096
45097
45098
45103
45108
45109
45112
45117
45118
45119
45121
45125
45126
45133
45134
45142
45143
45144
45153
45154
45163
45164
45165
45166
45173
45174
45175
45182
45183
45184
45186
45189
45196
45204
45206
45207
45214
45215
45216
45222
45227
45228
45229
45235
45239
45241
45242
45247
45254
45260
45263
45264
45267
45271
45276
45284
45289
45293
45295
45296
45307
45312
45313
45314
45320
45321
45322
45323
45327
45330
45331
45335
45343
45345
45350
45354
45355
45363
45364
45365
45369
45370
45373
45374
45382
45389
45396
45399
45400
45405
45410
45413
45417
45420
45426
45427
45431
45438
45439
45441
45455
45456
45463
45464
45465
45473
45474
45475
45483
45484
45489
45490
45497
45502
45508
45511
45522
45531
45532
45540
45541
45542
45551
45552
45561
45571
45574
45581
45589
45592
45593
45599
45606
45609
45615
45618
45621
45629
45630
45631
45636
45637
45644
45645
45646
45653
45654
45655
45662
45670
45671
45681
45682
45683
45684
45690
45691
45692
45697
45698
45703
45704
45709
45710
45717
45718
45726
45729
45734
45735
45741
45742
45748
45757
45758
45759
45764
45773
45774
45780
45789
45793
45798
45799
45800
45803
45804
45814
45818
45825
45832
45836
45842
45844
45845
45846
45851
45852
45865
45866
45871
45876
45886
45894
45899
45903
45912
45913
45915
45916
45921
45934
45936
45939
45944
45948
45953
45966
45967
45968
45969
45980
45987
45990
46004
46010
46012
46013
46021
46034
46042
46043
46045
46046
46047
46051
46055
46061
46066
46067
46068
46075
46076
46077
46083
46084
46085
46093
46094
46095
46103
46104
46105
46114
46115
46116
46125
46126
46127
46135
46136
46137
46145
46146
46153
46159
46168
46169
46181
46192
46193
46203
46204
46218
46224
46232
46233
46234
46241
46244
46250
46251
46260
46261
46268
46269
46270
46278
46279
46280
46290
46291
46292
46301
46302
46309
46314
46315
46316
46326
46327
46328
46336
46337
46338
46347
46348
46349
46357
46358
46359
46369
46370
46371
46379
46380
46386
46392
46397
46398
46403
46404
46410
46411
46420
46421
46426
46431
46432
46441
46442
46443
46455
46465
46466
46467
46474
46479
46480
46481
46485
46487
46498
46499
46500
46508
46515
46517
46519
46524
46531
46532
46533
46542
46543
46544
46555
46560
46561
46567
46568
46574
46575
46582
46583
46584
46592
46593
46599
46610
46621
46623
46624
46625
46635
46636
46637
46645
46646
46647
46656
46657
46658
46665
46666
46675
46676
46677
46687
46688
46689
46696
46697
46705
46706
46716
46717
46721
46722
46725
46727
46728
46736
46737
46738
46746
46750
46762
46763
46764
46774
46775
46776
46783
46784
46785
46795
46796
46797
46805
46806
46813
46814
46815
46819
46820
46821
46831
46832
46833
46841
46842
46843
46850
46851
46858
46859
46860
46868
46874
46875
46880
46881
46882
46890
46891
46897
46898
46904
46910
46915
46916
46925
46926
46935
46937
46938
46944
46945
46946
46954
46955
46956
46964
46965
46972
46973
46979
46987
46988
46994
46995
46998
47007
47008
47009
47018
47019
47028
47037
47038
47039
47046
47047
47056
47057
47058
47066
47072
47073
47082
47085
47088
47097
47098
47105
47106
47114
47115
47116
47124
47125
47126
47134
47135
47136
47144
47145
47146
47155
47156
47162
47163
47164
47169
47170
47175
47176
47177
47178
47185
47186
47192
47193
47194
47200
47201
47206
47207
47208
47215
47216
47222
47224
47233
47242
47243
47245
47249
47250
47258
47259
47260
47266
47267
47268
47277
47278
47279
47288
47289
47294
47295
47300
47301
47302
47312
47313
47314
47323
47324
47332
47333
47334
47343
47344
47345
47354
47355
47356
47369
47370
47376
47382
47385
47392
47401
47409
47420
47428
47429
47441
47446
47450
47451
47456
47457
47462
47463
47467
47468
47469
47477
47478
47479
47487
47488
47492
47493
47498
47505
47506
47514
47515
47516
47523
47527
47532
47541
47546
47547
47559
47560
47564
47570
47576
47577
47582
47588
47595
47610
47611
47615
47616
47618
47625
47635
47640
47641
47646
47647
47657
47658
47662
47672
47679
47680
47684
47689
47695
47696
47697
47703
47704
47715
47728
47730
47731
47738
47741
47752
47753
47761
47762
47763
47772
47773
47774
47781
47797
47804
47805
47811
47815
47824
47825
47826
47833
47834
47840
47844
47846
47850
47865
47869
47870
47871
47881
47882
47883
47894
47895
47902
47903
47912
47913
47920
47921
47922
47930
47931
47939
47940
47948
47955
47958
47964
47970
47976
47978
47989
47996
48000
48004
48007
48017
48019
48020
48027
48028
48029
48037
48042
48043
48047
48048
48055
48056
48069
48075
48087
48091
48093
48094
48096
48100
48101
48105
48108
48111
48115
48122
48133
48135
48138
48139
48141
48147
48152
48155
48156
48157
48158
48161
48171
48176
48177
48178
48185
48186
48194
48195
48203
48204
48212
48217
48218
48219
48223
48230
48231
48232
48235
48240
48245
48247
48252
48257
48266
48270
48271
48274
48275
48276
48285
48286
48287
48298
48302
48303
48309
48310
48316
48322
48328
48329
48336
48337
48338
48354
48358
48361
48365
48368
48378
48384
48385
48395
48396
48403
48407
48413
48417
48418
48422
48423
48430
48446
48447
48451
48461
48466
48470
48474
48475
48481
48496
48500
48502
48506
48510
48519
48520
48521
48529
48530
48531
48532
48538
48539
48540
48545
48548
48551
48552
48553
48558
48559
48568
48569
48573
48574
48575
48582
48586
48598
48608
48609
48616
48618
48627
48630
48631
48637
48639
48641
48644
48648
48660
48661
48664
48665
48673
48680
48686
48688
48689
48691
48694
48695
48705
48713
48714
48716
48720
48723
48724
48732
48733
48734
48745
48749
48753
48754
48757
48759
48763
48764
48765
48772
48779
48781
48788
48789
48810
48811
48817
48824
48828
48830
48837
48845
48849
48850
48852
48860
48862
48865
48874
48875
48878
48884
48891
48893
48894
48904
48912
48913
48914
48921
48922
48923
48932
48933
48934
48942
48951
48952
48958
48962
48967
48970
48973
48979
48980
48981
48990
48998
49006
49007
49013
49016
49017
49018
49022
49027
49028
49029
49034
49035
49036
49050
49051
49059
49060
49061
49067
49068
49069
49077
49078
49079
49087
49088
49094
49095
49101
49102
49103
49111
49112
49113
49121
49122
49131
49139
49140
49141
49150
49151
49152
49160
49166
49171
49173
49174
49179
49180
49183
49186
49187
49189
49193
49205
49212
49213
49217
49218
49226
49227
49228
49235
49241
49242
49247
49248
49250
49254
49255
49260
49274
49275
49276
49283
49284
49285
49294
49305
49306
49314
49315
49322
49323
49324
49331
49335
49336
49342
49343
49345
49349
49353
49361
49362
49363
49371
49372
49380
49381
49382
49388
49389
49394
49395
49404
49408
49409
49415
49416
49421
49427
49434
49435
49439
49445
49446
49451
49452
49453
49461
49462
49468
49469
49470
49479
49480
49481
49492
49493
49498
49499
49500
49507
49508
49515
49516
49524
49525
49531
49532
49538
49539
49540
49547
49548
49551
49558
49559
49561
49562
49564
49565
49574
49575
49583
49584
49585
49592
49599
49602
49605
49607
49609
49612
49614
49615
49616
49619
49620
49621
49628
49630
49637
49638
49647
49648
49655
49656
49657
49664
49677
49683
49685
49691
49697
49700
49701
49709
49710
49711
49719
49720
49721
49730
49731
49732
49742
49743
49744
49752
49753
49754
49763
49768
49786
49787
49795
49796
49804
49811
49813
49814
49822
49823
49824
49832
49833
49840
49841
49847
49848
49852
49857
49859
49870
49871
49878
49885
49886
49887
49897
49898
49899
49908
49909
49916
49923
49924
49934
49935
49936
49945
49946
49947
49956
49957
49958
49967
49968
49969
49978
49979
49980
49989
49990
49995
50003
50010
50011
50012
50023
50024
50031
50033
50044
50045
50050
50051
50052
50060
50061
50062
50070
50076
50078
50079
50080
50088
50089
50090
50098
50099
50100
50106
50111
50116
50117
50122
50127
50130
50131
50132
50140
50141
50142
50154
50162
50163
50164
50171
50172
50173
50182
50183
50192
50193
50200
50201
50208
50211
50213
50215
50216
50222
50224
50225
50226
50232
50233
50239
50240
50241
50250
50251
50252
50261
50262
50263
50271
50272
50273
50281
50282
50283
50284
50285
50293
50294
50304
50309
50315
50319
50323
50324
50325
50334
50335
50336
50343
50344
50352
50353
50360
50361
50368
50369
50378
50379
50380
50388
50389
50390
50396
50397
50398
50406
50407
50408
50418
50419
50420
50431
50435
50440
50441
50447
50455
50457
50458
50459
50467
50468
50469
50477
50478
50479
50489
50490
50491
50501
50502
50503
50511
50512
50520
50521
50522
50531
50532
50533
50543
50544
50545
50554
50555
50556
50564
50565
50566
50567
50575
50576
50577
50586
50587
50588
50596
50597
50598
50606
50609
50612
50615
50616
50624
50625
50626
50632
50636
50637
50638
50643
50644
50652
50653
50654
50661
50666
50667
50674
50677
50678
50683
50684
50685
50692
50696
50698
50699
50702
50703
50704
50713
50714
50715
50725
50728
50731
50732
50733
50740
50741
50742
50750
50755
50756
50757
50764
50769
50773
50780
50781
50782
50790
50793
50797
50798
50801
50803
50807
50809
50810
50819
50820
50821
50830
50831
50834
50835
50838
50839
50840
50848
50849
50850
50858
50859
50860
50870
50871
50872
50880
50881
50882
50891
50892
50898
50902
50903
50904
50921
50923
50924
50925
50932
50933
50934
50941
50942
50943
50951
50952
50953
50958
50959
50960
50966
50967
50968
50975
50976
50977
50987
50988
50997
50998
50999
51006
51009
51010
51011
51017
51018
51022
51023
51031
51032
51038
51044
51048
51050
51057
51058
51064
51065
51070
51071
51072
51081
51082
51083
51091
51092
51101
51102
51110
51111
51119
51120
51127
51128
51129
51137
51138
51139
51146
51147
51148
51155
51158
51159
51164
51165
51172
51173
51184
51191
51192
51198
51201
51204
51206
51208
51209
51212
51213
51220
51221
51228
51231
51232
51241
51242
51251
51258
51262
51265
51266
51268
51271
51272
51273
51281
51282
51283
51291
51293
51294
51295
51302
51303
51305
51306
51314
51324
51328
51329
51333
51334
51336
51338
51340
51349
51350
51351
51355
51365
51370
51375
51377
51379
51386
51392
51406
51410
51411
51413
51415
51416
51418
51420
51430
51433
51437
51441
51442
51443
51450
51459
51460
51468
51469
51483
51486
51488
51491
51492
51498
51502
51505
51508
51512
51515
51516
51517
51521
51526
51527
51528
51531
51532
51534
51536
51537
51538
51539
51540
51542
51544
51545
51552
51565
51566
51567
51573
51574
51580
51582
51588
51589
51597
51611
51612
51614
51615
51622
51623
51624
51634
51635
51642
51643
51651
51654
51659
51661
51662
51668
51673
51674
51678
51680
51681
51682
51683
51686
51693
51694
51705
51706
51724
51733
51734
51735
51741
51742
51743
51752
51753
51754
51764
51765
51766
51775
51776
51777
51787
51788
51789
51798
51799
51800
51808
51815
51824
51825
51826
51834
51835
51836
51844
51848
51849
51850
51858
51861
51862
51863
51872
51873
51874
51882
51883
51889
51890
51894
51895
51903
51904
51905
51911
51913
51915
51916
51917
51923
51924
51925
51926
51935
51936
51944
51945
51946
51956
51957
51958
51967
51968
51974
51975
51981
51982
51983
51993
51994
51995
52003
52004
52005
52013
52014
52015
52023
52024
52033
52034
52035
52043
52052
52061
52062
52063
52071
52077
52078
52079
52082
52087
52093
52094
52098
52099
52103
52104
52105
52106
52116
52117
52118
52134
52135
52136
52145
52146
52154
52155
52156
52161
52162
52177
52182
52183
52184
52192
52193
52194
52202
52206
52209
52219
52220
52221
52230
52231
52238
52242
52245
52246
52254
52255
52256
52264
52265
52275
52276
52277
52284
52285
52286
52294
52295
52310
52311
52315
52322
52329
52336
52337
52341
52342
52345
52346
52349
52355
52357
52361
52364
52369
52373
52374
52379
52391
52396
52401
52402
52409
52421
52428
52429
52434
52440
52443
52444
52446
52447
52451
52458
52460
52471
52475
52478
52481
52483
52484
52487
52488
52492
52493
52495
52498
52503
52511
52513
52516
52519
52520
52523
52528
52530
52533
52537
52538
52540
52541
52546
52550
52565
52573
52581
52582
52589
52590
52599
52600
52608
52609
52610
52616
52617
52630
52631
52637
52638
52645
52649
52650
52651
52655
52656
52662
52663
52665
52670
52671
52674
52683
52690
52695
52696
52697
52705
52706
52713
52714
52718
52720
52721
52729
52730
52731
52740
52748
52749
52756
52757
52764
52765
52766
52777
52783
52786
52787
52792
52793
52795
52796
52808
52809
52817
52827
52829
52830
52836
52837
52838
52841
52845
52846
52848
52850
52854
52858
52860
52861
52862
52869
52876
52879
52880
52886
52894
52895
52896
52902
52903
52904
52914
52918
52919
52927
52936
52939
52942
52943
52950
52952
52953
52957
52962
52964
52970
52971
52972
52977
52978
52983
52988
52994
52998
53004
53005
53008
53009
53010
53013
53016
53020
53021
53023
53024
53025
53031
53047
53060
53065
53066
53075
53076
53077
53085
53086
53087
53096
53097
53098
53108
53109
53110
53111
53121
53122
53123
53132
53140
53148
53151
53158
53159
53160
53165
53168
53169
53173
53175
53176
53177
53186
53187
53188
53196
53197
53198
53201
53202
53203
53208
53217
53218
53219
53228
53230
53232
53238
53239
53248
53249
53250
53259
53260
53261
53271
53272
53273
53282
53289
53290
53298
53299
53300
53309
53310
53311
53319
53320
53329
53330
53331
53339
53340
53341
53349
53350
53351
53379
53380
53381
53384
53385
53391
53392
53394
53395
53400
53404
53411
53412
53413
53421
53422
53423
53431
53432
53434
53437
53438
53446
53447
53448
53456
53462
53463
53464
53479
53484
53485
53494
53495
53504
53505
53506
53517
53520
53521
53522
53529
53530
53531
53538
53539
53540
53548
53549
53550
53558
53565
53566
53567
53576
53583
53589
53592
53594
53595
53596
53598
53600
53610
53611
53620
53621
53629
53637
53644
53650
53651
53658
53669
53670
53671
53675
53676
53679
53680
53686
53687
53694
53698
53699
53700
53702
53703
53708
53709
53713
53714
53715
53720
53721
53722
53731
53732
53733
53749
53757
53758
53759
53769
53770
53771
53777
53778
53786
53787
53793
53796
53797
53798
53803
53807
53815
53829
53832
53852
53858
53859
53867
53871
53872
53878
53879
53887
53888
53905
53909
53910
53915
53916
53917
53924
53925
53926
53933
53934
53935
53944
53945
53950
53951
53958
53959
53960
53966
53967
53971
53972
53973
53975
53976
53984
53985
53986
53993
53998
54001
54007
54008
54015
54021
54027
54029
54031
54036
54039
54045
54046
54052
54053
54063
54064
54065
54073
54079
54080
54086
54087
54093
54094
54101
54102
54107
54108
54116
54117
54125
54126
54135
54143
54144
54151
54154
54155
54161
54164
54165
54170
54171
54178
54179
54180
54181
54186
54194
54207
54213
54214
54221
54227
54228
54230
54231
54240
54241
54245
54246
54250
54258
54259
54266
54267
54271
54276
54282
54300
54303
54305
54317
54323
54324
54330
54339
54342
54346
54350
54353
54356
54362
54363
54370
54371
54374
54377
54385
54386
54391
54392
54393
54401
54402
54410
54411
54417
54418
54424
54425
54428
54432
54436
54444
54448
54455
54456
54464
54473
54474
54480
54481
54488
54489
54500
54501
54509
54510
54517
54518
54526
54533
54541
54542
54554
54561
54562
54563
54564
54569
54573
54574
54587
54588
54589
54592
54604
54609
54615
54616
54626
54629
54632
54636
54637
54645
54646
54647
54654
54659
54666
54667
54675
54676
54682
54702
54708
54711
54715
54720
54721
54726
54730
54735
54741
54747
54748
54749
54759
54760
54761
54769
54770
54774
54775
54780
54781
54790
54796
54797
54802
54803
54804
54811
54812
54819
54825
54831
54832
54836
54837
54845
54846
54851
54852
54855
54856
54857
54861
54866
54868
54882
54883
54887
