3
6
14
15
16
25
26
27
28
30
31
35
41
44
52
56
65
66
73
74
76
85
86
90
91
92
99
107
108
109
117
129
130
141
146
147
157
158
159
168
169
170
179
180
181
190
191
192
195
207
208
209
219
220
229
230
231
240
241
253
267
268
269
278
279
288
289
290
299
300
306
307
322
323
333
334
335
344
345
346
356
357
367
368
369
378
379
386
387
396
400
406
413
428
429
430
439
440
450
451
452
461
462
463
464
470
471
480
481
491
492
493
503
504
505
515
516
517
527
528
537
538
546
547
555
556
557
566
567
568
573
579
580
586
591
593
600
601
602
607
608
611
612
616
617
619
629
630
631
640
649
650
659
669
670
671
680
681
682
684
690
695
696
698
703
710
711
719
720
722
732
733
734
742
743
746
750
754
763
764
765
774
775
784
793
794
806
810
811
813
826
827
835
836
842
843
849
854
860
861
862
868
869
870
878
879
886
887
899
906
907
908
909
921
922
923
932
933
942
943
952
953
964
965
975
976
985
986
987
996
997
1001
1003
1008
1011
1012
1022
1023
1024
1033
1034
1042
1043
1051
1052
1059
1067
1076
1077
1086
1095
1096
1105
1106
1107
1117
1118
1119
1128
1129
1130
1134
1139
1140
1149
1150
1156
1176
1177
1178
1188
1189
1198
1199
1200
1210
1211
1219
1220
1221
1230
1231
1241
1242
1243
1252
1253
1254
1263
1264
1265
1275
1276
1282
1283
1290
1291
1300
1301
1310
1311
1312
1315
1321
1326
1327
1331
1332
1337
1340
1348
1349
1356
1357
1360
1361
1366
1367
1377
1378
1379
1388
1389
1398
1399
1400
1408
1409
1418
1419
1420
1430
1431
1432
1436
1444
1445
1452
1462
1463
1472
1473
1482
1488
1497
1498
1507
1508
1516
1517
1526
1527
1532
1539
1543
1544
1551
1552
1555
1556
1568
1569
1570
1578
1579
1581
1582
1587
1594
1595
1600
1610
1614
1617
1618
1619
1622
1630
1632
1639
1640
1641
1647
1648
1653
1659
1660
1661
1664
1672
1673
1674
1681
1682
1684
1687
1688
1694
1701
1707
1708
1714
1715
1724
1725
1726
1736
1737
1738
1747
1748
1756
1757
1760
1764
1774
1775
1776
1784
1793
1794
1795
1804
1805
1816
1822
1832
1833
1834
1843
1844
1851
1852
1861
1862
1871
1872
1881
1882
1883
1892
1893
1902
1903
1904
1911
1912
1922
1923
1924
1932
1933
1937
1942
1945
1950
1951
1952
1958
1961
1972
1973
1983
1984
1985
1995
1996
2006
2007
2008
2017
2018
2026
2036
2037
2038
2048
2049
2050
2059
2060
2061
2070
2071
2072
2077
2078
2086
2087
2094
2095
2104
2106
2107
2110
2113
2116
2117
2132
2133
2140
2141
2142
2146
2148
2160
2161
2171
2172
2181
2182
2183
2192
2193
2202
2203
2204
2214
2215
2221
2222
2227
2229
2234
2241
2248
2257
2258
2268
2279
2280
2281
2290
2291
2299
2300
2307
2309
2313
2321
2328
2333
2340
2342
2346
2349
2350
2352
2355
2359
2364
2368
2371
2372
2375
2379
2380
2384
2385
2390
2400
2405
2410
2413
2414
2424
2425
2432
2433
2441
2447
2448
2459
2463
2471
2472
2473
2481
2486
2491
2500
2510
2518
2524
2525
2526
2535
2540
2550
2551
2552
2561
2562
2569
2570
2585
2593
2594
2595
2604
2605
2612
2613
2619
2620
2633
2645
2647
2649
2656
2661
2665
2670
2671
2679
2680
2681
2688
2689
2694
2695
2701
2712
2713
2721
2722
2726
2733
2734
2735
2743
2744
2749
2753
2754
2762
2768
2769
2776
2783
2786
2792
2794
2795
2798
2804
2812
2813
2819
2824
2831
2832
2836
2842
2843
2846
2855
2856
2857
2865
2866
2872
2873
2880
2881
2882
2893
2894
2900
2909
2910
2918
2919
2922
2923
2926
2930
2933
2942
2943
2944
2953
2954
2963
2964
2971
2972
2979
2982
2984
2989
2990
2995
3003
3004
3012
3013
3021
3022
3030
3031
3032
3037
3044
3055
3056
3065
3066
3074
3075
3076
3085
3086
3091
3092
3098
3107
3117
3118
3119
3127
3128
3129
3139
3140
3141
3146
3150
3156
3157
3163
3164
3166
3168
3170
3174
3181
3182
3187
3189
3192
3202
3203
3204
3212
3219
3220
3226
3237
3238
3239
3248
3249
3257
3270
3271
3279
3283
3294
3302
3303
3309
3316
3321
3326
3332
3335
3338
3350
3351
3352
3358
3359
3364
3365
3372
3373
3380
3381
3384
3388
3389
3394
3400
3401
3405
3407
3408
3416
3417
3425
3426
3430
3431
3438
3449
3450
3457
3463
3464
3469
3470
3477
3481
3489
3490
3492
3493
3494
3495
3498
3504
3505
3512
3518
3522
3528
3531
3536
3538
3540
3544
3545
3556
3557
3563
3567
3570
3574
3588
3589
3598
3606
3607
3613
3614
3619
3620
3627
3636
3637
3643
3644
3647
3648
3649
3657
3658
3666
3672
3682
3685
3688
3695
3696
3702
3703
3709
3716
3717
3723
3724
3732
3733
3734
3743
3744
3753
3754
3755
3765
3766
3774
3781
3782
3791
3792
3793
3801
3802
3810
3811
3812
3820
3821
3825
3831
3837
3838
3844
3849
3855
3859
3863
3878
3879
3883
3884
3888
3889
3895
3905
3906
3915
3917
3923
3924
3932
3933
3939
3940
3950
3951
3959
3976
3977
3987
3993
3996
4009
4015
4017
4027
4028
4037
4038
4042
4047
4052
4053
4060
4061
4065
4066
4072
4080
4081
4082
4089
4090
4097
4101
4107
4109
4119
4120
4127
4128
4138
4139
4140
4149
4150
4157
4158
4165
4166
4173
4185
4186
4193
4194
4204
4205
4213
4214
4223
4246
4249
4250
4258
4265
4270
4284
4285
4286
4294
4295
4296
4305
4314
4320
4331
4332
4340
4344
4346
4350
4352
4353
4359
4361
4364
4369
4377
4380
4382
4393
4394
4416
4417
4423
4424
4427
4432
4433
4438
4439
4446
4447
4449
4450
4451
4456
4457
4463
4468
4485
4488
4496
4497
4504
4505
4510
4520
4521
4526
4534
4545
4546
4553
4554
4560
4561
4562
4578
4582
4584
4594
4595
4601
4602
4605
4611
4612
4615
4619
4626
4627
4629
4632
4636
4644
4645
4649
4650
4655
4660
4665
4666
4668
4675
4676
4679
4681
4685
4689
4695
4700
4701
4708
4714
4721
4722
4731
4738
4752
4753
4761
4769
4770
4772
4789
4798
4799
4805
4806
4811
4816
4819
4821
4824
4837
4839
4849
4850
4860
4861
4870
4879
4880
4884
4886
4895
4896
4897
4904
4905
4912
4915
4916
4928
4929
4936
4937
4946
4947
4948
4957
4958
4959
4966
4967
4968
4975
4976
4978
4989
4990
4991
4999
5000
5010
5011
5012
5021
5026
5027
5031
5036
5047
5048
5049
5058
5059
5068
5069
5078
5079
5081
5088
5089
5092
5100
5101
5110
5111
5117
5118
5127
5128
5129
5138
5139
5148
5149
5153
5158
5162
5163
5169
5172
5178
5179
5191
5192
5193
5203
5204
5205
5215
5216
5217
5226
5227
5234
5241
5242
5252
5253
5254
5263
5264
5265
5275
5276
5285
5286
5287
5293
5301
5308
5309
5316
5317
5324
5326
5328
5332
5333
5339
5349
5350
5358
5359
5366
5367
5368
5377
5378
5387
5388
5397
5398
5405
5413
5414
5415
5421
5430
5431
5440
5441
5444
5446
5449
5459
5460
5468
5469
5472
5478
5482
5485
5488
5491
5492
5497
5505
5513
5514
5515
5522
5529
5530
5534
5535
5544
5550
5554
5564
5572
5573
5574
5579
5589
5590
5591
5600
5601
5609
5610
5618
5627
5628
5629
5638
5639
5648
5649
5650
5658
5659
5660
5670
5679
5680
5689
5690
5698
5705
5706
5707
5717
5718
5727
5728
5737
5738
5739
5748
5749
5750
5759
5760
5769
5770
5771
5786
5787
5792
5796
5806
5807
5808
5817
5818
5828
5829
5830
5840
5841
5842
5851
5860
5869
5870
5871
5881
5882
5883
5892
5893
5894
5904
5905
5913
5914
5921
5922
5930
5931
5937
5938
5948
5954
5958
5964
5978
5979
5986
5987
5996
6006
6007
6017
6018
6028
6029
6037
6041
6042
6052
6061
6062
6063
6081
6082
6083
6093
6094
6098
6103
6104
6107
6115
6120
6126
6139
6140
6149
6150
6156
6159
6160
6166
6167
6173
6174
6177
6180
6182
6185
6189
6199
6205
6206
6207
6214
6215
6225
6226
6232
6235
6236
6237
6240
6241
6249
6250
6259
6260
6271
6272
6284
6297
6305
6306
6316
6317
6326
6327
6337
6338
6347
6348
6353
6357
6366
6367
6368
6377
6378
6388
6389
6390
6399
6400
6401
6413
6414
6415
6429
6438
6439
6440
6450
6451
6452
6461
6462
6463
6472
6473
6481
6482
6488
6497
6498
6507
6508
6516
6517
6526
6527
6535
6536
6537
6546
6547
6553
6565
6570
6577
6578
6586
6587
6588
6590
6601
6602
6603
6613
6614
6622
6623
6624
6634
6635
6636
6646
6647
6648
6657
6667
6668
6669
6678
6679
6680
6690
6691
6692
6702
6703
6710
6711
6719
6720
6729
6730
6731
6739
6740
6744
6748
6750
6767
6774
6775
6776
6781
6782
6784
6787
6792
6801
6802
6811
6812
6813
6823
6824
6825
6835
6836
6846
6847
6848
6858
6859
6860
6862
6864
6869
6872
6880
6893
6907
6908
6918
6919
6924
6925
6927
6929
6938
6939
6940
6948
6949
6950
6956
6957
6964
6967
6970
6978
6979
6987
7001
7002
7012
7013
7016
7021
7028
7033
7035
7036
7039
7044
7046
7048
7055
7056
7065
7066
7076
7077
7085
7087
7088
7092
7094
7098
7108
7109
7117
7118
7123
7127
7132
7136
7140
7144
7153
7162
7163
7164
7173
7174
7183
7184
7185
7195
7196
7197
7208
7209
7210
7220
7221
7230
7231
7232
7241
7242
7248
7258
7259
7271
7272
7273
7283
7284
7294
7295
7296
7306
7307
7315
7323
7324
7335
7336
7337
7345
7346
7347
7357
7358
7359
7368
7369
7377
7378
7379
7388
7389
7390
7394
7400
7401
7403
7409
7410
7416
7420
7432
7433
7434
7444
7445
7455
7456
7457
7467
7468
7469
7479
7480
7481
7490
7491
7501
7502
7503
7513
7514
7515
7525
7526
7527
7537
7538
7547
7548
7549
7557
7558
7567
7568
7569
7578
7579
7580
7586
7596
7603
7609
7610
7614
7615
7618
7619
7621
7632
7633
7634
7642
7643
7648
7653
7658
7661
7662
7669
7670
7671
7680
7681
7690
7691
7692
7701
7702
7712
7713
7714
7724
7725
7726
7731
7734
7744
7752
7763
7764
7765
7775
7776
7781
7786
7791
7792
7798
7807
7808
7809
7818
7819
7820
7828
7829
7839
7840
7844
7845
7852
7853
7854
7862
7869
7871
7875
7876
7884
7888
7895
7896
7897
7905
7907
7911
7919
7920
7926
7927
7933
7934
7937
7939
7952
7953
7959
7960
7962
7964
7969
7973
7982
7983
7984
7993
7994
7995
8001
8007
8008
8014
8015
8022
8030
8031
8038
8039
8048
8052
8055
8065
8066
8067
8076
8077
8078
8087
8088
8089
8097
8098
8103
8104
8108
8114
8115
8127
8128
8129
8136
8144
8145
8146
8155
8156
8157
8161
8163
8164
8167
8169
8178
8179
8189
8190
8191
8200
8201
8202
8210
8211
8219
8220
8228
8229
8238
8239
8240
8249
8250
8258
8259
8260
8269
8270
8274
8281
8282
8290
8291
8298
8299
8301
8306
8309
8319
8326
8340
8341
8342
8349
8350
8355
8356
8361
8370
8371
8372
8382
8383
8384
8392
8397
8398
8406
8407
8408
8415
8416
8420
8424
8437
8438
8439
8447
8448
8453
8459
8460
8462
8463
8467
8471
8472
8473
8475
8478
8479
8489
8491
8493
8495
8496
8501
8508
8515
8516
8522
8527
8532
8537
8544
8545
8552
8553
8556
8561
8562
8565
8578
8586
8590
8591
8592
8599
8603
8610
8611
8618
8619
8623
8624
8633
8641
8646
8652
8654
8660
8663
8665
8673
8684
8689
8697
8703
8713
8716
8717
8720
8721
8725
8733
8735
8747
8748
8749
8756
8757
8761
8766
8767
8769
8777
8785
8786
8794
8795
8806
8807
8808
8810
8811
8814
8815
8826
8834
8835
8836
8838
8853
8859
8863
8868
8869
8870
8882
8885
8894
8896
8897
8901
8905
8915
8917
8925
8935
8936
8943
8947
8953
8959
8963
8967
8969
8977
8978
8986
8988
8995
8996
9002
9005
9016
9017
9028
9029
9030
9039
9040
9045
9052
9057
9059
9062
9067
9068
9073
9080
9081
9088
9103
9104
9113
9114
9120
9121
9128
9129
9135
9136
9148
9149
9156
9157
9166
9167
9175
9176
9183
9184
9189
9190
9192
9203
9204
9205
9208
9212
9213
9225
9226
9227
9236
9237
9238
9246
9247
9261
9265
9266
9270
9273
9288
9289
9297
9298
9308
9314
9315
9337
9338
9346
9347
9357
9358
9367
9368
9369
9374
9389
9390
9398
9399
9404
9405
9407
9420
9421
9422
9432
9433
9442
9443
9444
9453
9454
9467
9468
9469
9478
9479
9489
9490
9499
9500
9507
9508
9511
9518
9519
9531
9532
9533
9543
9544
9553
9554
9555
9564
9565
9573
9574
9582
9583
9584
9595
9596
9597
9606
9607
9617
9618
9619
9628
9629
9630
9640
9641
9642
9651
9652
9658
9665
9674
9675
9681
9682
9683
9686
9696
9697
9698
9707
9708
9709
9719
9720
9721
9731
9732
9733
9734
9744
9745
9746
9755
9756
9757
9766
9767
9768
9778
9779
9780
9790
9791
9792
9801
9802
9803
9812
9813
9814
9822
9823
9832
9833
9834
9842
9843
9849
9852
9857
9858
9863
9868
9873
9878
9886
9887
9895
9912
9913
9914
9923
9924
9934
9935
9936
9945
9946
9956
9957
9958
9968
9969
9980
9981
9982
9989
10000
10001
10002
10011
10012
10018
10024
10041
10042
10043
10052
10053
10054
10062
10063
10072
10073
10076
10081
10087
10088
10089
10095
10096
10101
10104
10113
10119
10126
10127
10128
10134
10142
10152
10154
10158
10159
10163
10166
10167
10168
10170
10171
10174
10176
10184
10185
10191
10198
10199
10200
10206
10207
10208
10212
10213
10219
10220
10225
10229
10236
10237
10244
10251
10252
10261
10266
10269
10271
10281
10282
10291
10292
10298
10303
10309
10311
10313
10323
10342
10353
10358
10370
10371
10373
10379
10380
10387
10388
10391
10399
10402
10403
10409
10418
10419
10426
10436
10438
10441
10448
10450
10455
10462
10465
10466
10467
10480
10483
10485
10487
10494
10496
10497
10510
10513
10521
10522
10525
10528
10532
10535
10540
10543
10554
10561
10570
10571
10578
10579
10582
10584
10588
10595
10596
10600
10602
10612
10613
10614
10624
10625
10631
10632
10639
10647
10648
10655
10664
10665
10666
10674
10675
10680
10697
10698
10699
10708
10709
10716
10717
10724
10725
10731
10734
10743
10744
10745
10752
10760
10766
10767
10775
10783
10784
10789
10791
10796
10797
10799
10808
10809
10810
10818
10819
10828
10829
10838
10839
10847
10848
10853
10861
10862
10871
10872
10881
10882
10883
10892
10893
10894
10897
10905
10912
10922
10932
10933
10937
10940
10949
10950
10957
10958
10964
10970
10980
10981
10982
10992
10993
10994
11005
11014
11015
11022
11025
11039
11048
11059
11065
11073
11074
11075
11079
11085
11094
11099
11110
11113
11121
11127
11128
11131
11134
11135
11143
11146
11157
11158
11163
11164
11167
11173
11185
11195
11196
11204
11205
11206
11215
11216
11221
11222
11223
11226
11227
11228
11231
11238
11246
11247
11254
11261
11264
11265
11276
11277
11281
11286
11287
11290
11298
11299
11300
11307
11314
11320
11323
11325
11331
11340
11346
11358
11361
11368
11377
11378
11379
11389
11390
11393
11398
11399
11404
11405
11411
11421
11425
11426
11430
11436
11439
11445
11449
11450
11457
11458
11467
11468
11470
11472
11478
11479
11485
11486
11487
11488
11489
11493
11501
11502
11503
11511
11512
11516
11519
11529
11530
11538
11539
11548
11549
11554
11555
11565
11566
11567
11577
11578
11586
11594
11595
11602
11614
11615
11616
11624
11625
11633
11634
11635
11645
11646
11657
11663
11676
11677
11678
11688
11689
11699
11700
11708
11709
11718
11724
11725
11735
11736
11737
11746
11747
11755
11756
11757
11767
11768
11769
11778
11779
11780
11788
11789
11793
11794
11798
11799
11808
11812
11815
11816
11818
11830
11831
11832
11842
11843
11844
11854
11855
11856
11865
11866
11868
11876
11877
11878
11887
11888
11898
11899
11900
11910
11911
11912
11922
11923
11924
11934
11935
11936
11945
11946
11947
11955
11956
11957
11966
11967
11968
11977
11988
11993
11998
12007
12008
12014
12018
12020
12021
12025
12033
12034
12035
12044
12045
12055
12056
12057
12064
12065
12075
12076
12077
12087
12088
12093
12101
12108
12115
12124
12125
12134
12135
12139
12140
12145
12151
12159
12160
12161
12170
12171
12180
12181
12188
12189
12200
12201
12208
12209
12215
12217
12225
12226
12228
12230
12236
12238
12242
12243
12245
12246
12247
12254
12258
12259
12262
12263
12269
12270
12274
12279
12284
12285
12287
12288
12289
12292
12297
12298
12301
12303
12316
12317
12325
12326
12327
12333
12336
12337
12342
12349
12355
12356
12357
12364
12365
12375
12380
12381
12382
12389
12390
12395
12398
12400
12411
12412
12413
12418
12423
12424
12437
12438
12442
12458
12459
12460
12469
12470
12479
12480
12481
12489
12490
12496
12503
12504
12511
12512
12513
12520
12530
12531
12541
12542
12545
12552
12560
12562
12569
12576
12577
12589
12595
12601
12602
12609
12618
12619
12620
12627
12628
12636
12639
12646
12650
12659
12660
12661
12667
12668
12673
12674
12677
12678
12683
12686
12697
12698
12699
12705
12706
12711
12721
12722
12723
12729
12731
12732
12741
12742
12751
12754
12757
12761
12770
12771
12772
12782
12783
12790
12791
12792
12797
12798
12800
12808
12809
12817
12826
12827
12828
12837
12838
12840
12844
12849
12851
12860
12861
12862
12871
12872
12881
12882
12903
12916
12917
12925
12926
12934
12935
12943
12944
12945
12948
12949
12950
12951
12969
12970
12971
12980
12981
12990
12991
12992
13001
13002
13003
13009
13015
13016
13025
13026
13027
13036
13037
13046
13047
13057
13058
13062
13066
13074
13075
13084
13085
13094
13095
13098
13099
13103
13104
13107
13115
13119
13120
13124
13134
13135
13136
13142
13143
13151
13152
13158
13159
13169
13170
13171
13181
13182
13184
13188
13189
13193
13201
13202
13203
13211
13212
13213
13217
13218
13225
13233
13234
13239
13247
13254
13257
13260
13266
13272
13274
13276
13277
13287
13288
13289
13297
13302
13303
13310
13324
13336
13341
13348
13356
13365
13372
13373
13374
13378
13384
13394
13395
13396
13402
13406
13407
13415
13418
13420
13427
13431
13432
13437
13438
13440
13441
13445
13452
13457
13458
13459
13460
13468
13474
13475
13478
13479
13484
13486
13490
13494
13501
13506
13509
13513
13521
13526
13527
13537
13538
13550
13554
13566
13567
13568
13575
13576
13583
13584
13589
13590
13596
13597
13601
13609
13610
13618
13619
13634
13635
13644
13645
13652
13660
13661
13668
13675
13676
13684
13690
13691
13699
13700
13703
13706
13707
13713
13725
13726
13734
13735
13744
13750
13751
13762
13763
13770
13771
13779
13780
13781
13790
13791
13792
13802
13803
13813
13814
13818
13826
13850
13851
13852
13862
13863
13872
13879
13884
13885
13889
13897
13898
13899
13905
13906
13911
13912
13919
13922
13924
13925
13927
13937
13944
13946
13949
13950
13961
13962
13972
13973
13976
13984
13985
13990
13991
13997
13998
14004
14008
14018
14025
14026
14031
14032
14036
14041
14042
14049
14050
14056
14062
14065
14071
14072
14073
14081
14082
14083
14092
14093
14098
14099
14104
14108
14112
14113
14114
14121
14122
14123
14131
14132
14141
14142
14151
14152
14153
14158
14165
14166
14167
14168
14174
14180
14181
14186
14187
14190
14199
14200
14201
14209
14210
14213
14215
14225
14234
14239
14240
14244
14252
14253
14262
14264
14281
14282
14288
14289
14293
14299
14302
14306
14322
14328
14329
14330
14337
14338
14342
14350
14357
14358
14365
14369
14370
14375
14384
14385
14386
14396
14397
14405
14406
14412
14419
14422
14428
14429
14435
14436
14443
14452
14454
14455
14471
14472
14479
14480
14489
14490
14491
14499
14505
14506
14514
14521
14522
14523
14531
14532
14538
14539
14547
14552
14559
14560
14563
14566
14578
14588
14589
14600
14601
14607
14615
14616
14625
14626
14633
14637
14642
14643
14645
14652
14653
14662
14664
14665
14670
14672
14673
14677
14679
14680
14688
14693
14694
14700
14706
14711
14715
14718
14719
14721
14729
14732
14738
14739
14743
14746
14750
14755
14758
14760
14764
14765
14769
14777
14778
14779
14789
14790
14798
14799
14806
14807
14809
14811
14816
14817
14824
14831
14832
14841
14842
14853
14854
14862
14863
14867
14874
14875
14876
14877
14889
14893
14899
14900
14904
14905
14911
14916
14917
14920
14924
14929
14930
14939
14940
14941
14949
14950
14958
14959
14960
14969
14974
14975
14976
14981
14990
14991
14992
14999
15000
15008
15009
15010
15019
15020
15025
15032
15033
15037
15038
15041
15047
15051
15057
15058
15059
15066
15067
15071
15072
15080
15087
15088
15097
15098
15103
15105
15106
15110
15111
15116
15119
15121
15131
15132
15133
15139
15140
15144
15145
15147
15150
15155
15165
15166
15177
15185
15189
15193
15203
15204
15209
15214
15221
15226
15227
15233
15245
15246
15254
15261
15265
15270
15274
15280
15281
15298
15306
15313
15314
15322
15323
15326
15327
15328
15332
15337
15338
15339
15348
15358
15376
15384
15394
15395
15396
15404
15405
15406
15426
15430
15437
15444
15445
15454
15459
15462
15466
15467
15471
15473
15475
15480
15482
15483
15485
15489
15496
15497
15510
15514
15521
15528
15529
15534
15542
15543
15553
15563
15568
15569
15574
15575
15585
15592
15593
15600
15601
15607
15608
15614
15618
15627
15632
15640
15641
15648
15649
15650
15653
15654
15655
15656
15665
15670
15680
15681
15688
15694
15700
15701
15702
15704
15713
15714
15715
15721
15724
15728
15729
15741
15744
15746
15751
15753
15757
15759
15761
15765
15774
15777
15778
15786
15797
15799
15801
15803
15812
15813
15814
15824
15825
15831
15839
15845
15846
15850
15855
15861
15862
15869
15870
15878
15879
15880
15887
15891
15897
15900
15914
15919
15927
15933
15939
15947
15948
15957
15958
15962
15970
15973
15981
15985
15988
15997
15998
15999
16008
16009
16014
16015
16022
16029
16036
16037
16042
16043
16053
16064
16065
16066
16075
16076
16080
16081
16089
16090
16094
16095
16106
16111
16119
16120
16127
16135
16141
16151
16152
16162
16163
16164
16173
16174
16183
16184
16192
16193
16199
16200
16208
16209
16210
16218
16219
16228
16229
16230
16239
16240
16241
16246
16249
16250
16254
16259
16264
16265
16277
16278
16285
16286
16291
16292
16300
16301
16311
16312
16313
16323
16324
16325
16329
16336
16337
16341
16352
16353
16354
16364
16365
16373
16374
16379
16385
16387
16393
16401
16402
16406
16410
16416
16423
16426
16434
16446
16456
16457
16461
16462
16463
16470
16471
16476
16482
16489
16491
16494
16495
16501
16505
16518
16522
16529
16530
16531
16537
16538
16544
16545
16551
16556
16564
16565
16572
16575
16580
16581
16592
16593
16594
16601
16602
16608
16611
16613
16619
16620
16625
16629
16635
16637
16639
16642
16651
16652
16653
16661
16665
16666
16672
16676
16686
16687
16694
16695
16703
16710
16711
16718
16721
16722
16730
16731
16736
16737
16738
16741
16747
16756
16757
16766
16767
16768
16770
16782
16789
16791
16799
16800
16807
16813
16815
16824
16827
16834
16836
16844
16856
16857
16862
16869
16870
16873
16874
16875
16878
16884
16892
16893
16897
16903
16908
16915
16916
16917
16925
16926
16929
16937
16943
16944
16945
16949
16954
16962
16963
16964
16973
16974
16982
16983
16993
16994
17005
17006
17007
17023
17024
17033
17034
17039
17042
17057
17058
17067
17068
17077
17078
17087
17088
17094
17099
17109
17110
17115
17123
17129
17130
17137
17138
17147
17148
17154
17159
17166
17176
17177
17178
17187
17188
17197
17198
17207
17208
17216
17217
17226
17235
17236
17246
17247
17248
17258
17259
17268
17269
17277
17278
17284
17285
17292
17300
17325
17334
17342
17349
17350
17355
17356
17357
17364
17365
17372
17373
17382
17383
17384
17386
17389
17395
17405
17406
17413
17427
17428
17435
17436
17440
17447
17448
17456
17459
17462
17470
17477
17482
17484
17486
17488
17491
17494
17500
17501
17510
17516
17520
17528
17530
17533
17537
17551
17559
17563
17564
17569
17574
17589
17590
17591
17599
17600
17605
17606
17607
17615
17623
17635
17636
17644
17646
17649
17650
17658
17659
17667
17668
17674
17675
17682
17685
17686
17698
17699
17709
17710
17711
17720
17725
17730
17745
17746
17747
17755
17756
17765
17766
17775
17776
17784
17785
17791
17798
17799
17800
17808
17809
17818
17819
17820
17828
17829
17833
17834
17837
17845
17846
17847
17853
17855
17880
17881
17889
17890
17895
17896
17899
17908
17909
17918
17919
17925
17929
17937
17938
17939
17945
17947
17955
17962
17965
17972
17974
17979
17986
17995
17996
18004
18005
18012
18014
18015
18021
18032
18035
18038
18040
18045
18052
18056
18058
18061
18066
18067
18073
18080
18087
18099
18105
18106
18107
18113
18116
18123
18124
18129
18139
18143
18146
18151
18154
18160
18173
18175
18187
18191
18192
18196
18202
18205
18210
18212
18214
18225
18230
18231
18236
18239
18241
18248
18249
18257
18258
18264
18265
18274
18275
18279
18280
18290
18295
18296
18303
18304
18312
18319
18320
18325
18333
18340
18341
18346
18347
18353
18356
18364
18365
18366
18371
18372
18373
18375
18378
18382
18389
18390
18391
18393
18394
18396
18397
18398
18404
18407
18408
18410
18415
18421
18431
18454
18459
18460
18467
18475
18481
18482
18493
18494
18498
18499
18500
18504
18506
18509
18510
18519
18520
18521
18527
18528
18535
18545
18549
18556
18557
18566
18571
18588
18591
18592
18598
18599
18605
18608
18609
18615
18616
18627
18630
18634
18636
18638
18640
18642
18651
18652
18656
18665
18672
18679
18684
18689
18691
18694
18695
18700
18709
18713
18720
18724
18727
18733
18734
18736
18750
18751
18753
18762
18763
18766
18767
18773
18782
18786
18787
18788
18797
18798
18808
18812
18815
18818
18821
18834
18835
18836
18841
18842
18847
18850
18852
18856
18857
18859
18860
18865
18868
18876
18891
18892
18899
18900
18904
18912
18916
18920
18930
18941
18952
18954
18958
18959
18962
18965
18966
18967
18970
18974
18983
18989
18994
19000
19002
19003
19009
19010
19018
19019
19023
19024
19030
19033
19044
19045
19050
19057
19058
19066
19073
19078
19084
19092
19099
19102
19112
19113
19121
19122
19129
19136
19137
19138
19143
19144
19157
19158
19165
19173
19182
19183
19185
19194
19195
19198
19199
19200
19201
19202
19203
19212
19218
19219
19221
19223
19231
19232
19240
19243
19248
19249
19255
19258
19263
19264
19274
19275
19285
19292
19296
19297
19308
19315
19316
19321
19324
19329
19330
19337
19343
19345
19353
19354
19363
19364
19372
19373
19379
19381
19387
19388
19397
19404
19411
19412
19417
19419
19427
19428
19429
19437
19438
19439
19449
19450
19454
19459
19460
19463
19464
19469
19470
19474
19479
19486
19487
19496
19513
19514
19515
19524
19525
19526
19534
19535
19544
19545
19552
19553
19554
19563
19564
19573
19574
19575
19583
19584
19594
19595
19604
19605
19609
19610
19614
19615
19622
19630
19632
19635
19637
19641
19646
19656
19657
19664
19665
19666
19668
19675
19684
19685
19694
19695
19701
19705
19711
19712
19719
19720
19721
19722
19725
19736
19737
19744
19748
19749
19752
19754
19759
19761
19769
19770
19775
19778
19788
19794
19795
19799
19800
19803
19804
19806
19809
19818
19824
19825
19832
19833
19839
19849
19858
19869
19872
19876
19881
19887
19888
19895
19897
19898
19905
19916
19917
19918
19921
19937
19938
19943
19950
19951
19954
19955
19956
19959
19962
19968
19990
19991
19999
20003
20011
20017
20020
20026
20030
20031
20034
20035
20039
20044
20052
20053
20061
20062
20063
20064
20070
20071
20072
20076
20077
20082
20088
20089
20097
20099
20103
20106
20110
20116
20123
20130
20131
20140
20141
20142
20152
20153
20154
20162
20163
20170
20171
20176
20188
20189
20190
20199
20200
20209
20210
20211
20219
20220
20225
20226
20229
20232
20236
20245
20246
20247
20257
20258
20266
20267
20276
20277
20278
20284
20285
20298
20299
20307
20308
20318
20319
20320
20329
20338
20339
20340
20349
20350
20351
20357
20360
20361
20364
20365
20368
20374
20375
20376
20380
20390
20391
20401
20402
20403
20412
20413
20414
20423
20424
20425
20433
20434
20435
20444
20445
20454
20455
20456
20465
20466
20475
20476
20477
20485
20486
20492
20501
20502
20510
20511
20512
20520
20522
20529
20533
20534
20539
20540
20542
20543
20545
20546
20552
20557
20570
20571
20579
20587
20588
20596
20597
20606
20607
20608
20618
20619
20620
20634
20640
20644
20651
20652
20660
20661
20662
20668
20670
20672
20681
20682
20691
20692
20699
20707
20719
20720
20725
20728
20733
20735
20745
20748
20749
20750
20754
20762
20765
20768
20785
20792
20797
20798
20818
20819
20823
20824
20831
20833
20843
20844
20849
20850
20851
20853
20854
20862
20863
20871
20874
20880
20881
20885
20889
20895
20896
20902
20909
20910
20912
20913
20918
20921
20926
20927
20929
20931
20939
20942
20943
20948
20949
20952
20957
20967
20970
20975
20976
20986
20991
20994
20995
20997
21005
21024
21025
21026
21033
21034
21039
21046
21053
21054
21055
21062
21069
21070
21071
21078
21081
21088
21089
21100
21101
21102
21109
21110
21118
21124
21125
21128
21132
21133
21140
21141
21142
21153
21161
21162
21167
21168
21169
21176
21192
21193
21194
21204
21205
21213
21214
21215
21223
21231
21232
21233
21241
21242
21250
21251
21260
21261
21269
21270
21271
21279
21280
21284
21285
21286
21293
21294
21299
21305
21306
21308
21310
21314
21326
21327
21330
21331
21334
21336
21343
21351
21358
21359
21360
21365
21374
21375
21376
21385
21386
21390
21391
21398
21402
21403
21411
21412
21413
21423
21430
21431
21436
21439
21451
21452
21456
21461
21462
21464
21467
21475
21478
21479
21481
21489
21492
21504
21509
21514
21515
21521
21525
21528
21529
21530
21532
21537
21539
21542
21550
21551
21552
21555
21565
21567
21570
21573
21574
21578
21580
21584
21585
21586
21589
21593
21594
21595
21598
21599
21600
21602
21603
21605
21616
21620
21624
21628
21635
21636
21638
21639
21642
21648
21649
21654
21656
21657
21663
21668
21679
21693
21694
21701
21702
21705
21709
21710
21712
21714
21719
21720
21725
21734
21735
21743
21752
21756
21761
21765
21774
21775
21777
21783
21787
21796
21799
21800
21806
21808
21811
21818
21819
21834
21835
21836
21844
21845
21849
21850
21854
21857
21860
21861
21862
21863
21865
21871
21872
21884
21891
21892
21896
21897
21902
21905
21910
21918
21919
21920
21928
21929
21935
21946
21947
21948
21956
21957
21963
21971
21972
21973
21980
21981
21982
21986
21987
21988
21997
21998
21999
22005
22006
22010
22015
22021
22025
22026
22035
22038
22044
22045
22050
22051
22054
22062
22063
22071
22079
22080
22081
22090
22091
22100
22101
22110
22114
22115
22117
22126
22127
22136
22137
22144
22153
22162
22163
22169
22170
22173
22178
22179
22181
22182
22186
22194
22196
22208
22209
22219
22228
22229
22238
22239
22241
22242
22252
22253
22261
22262
22266
22267
22270
22275
22276
22280
22281
22285
22292
22297
22302
22307
22315
22318
22320
22326
22337
22342
22346
22358
22368
22369
22377
22378
22388
22389
22392
22393
22400
22403
22406
22411
22414
22422
22423
22432
22433
22436
22437
22441
22444
22445
22449
22458
22459
22468
22469
22475
22476
22485
22486
22493
22501
22502
22503
22516
22517
22518
22527
22528
22529
22536
22542
22543
22553
22554
22555
22564
22565
22571
22579
22580
22590
22591
22592
22602
22603
22607
22614
22615
22616
22629
22630
22631
22641
22642
22649
22650
22657
22661
22662
22665
22672
22675
22681
22682
22686
22697
22698
22706
22707
22710
22712
22720
22721
22722
22731
22732
22741
22742
22743
22752
22753
22754
22763
22764
22765
22774
22775
22776
22783
22784
22789
22799
22800
22809
22810
22811
22819
22820
22821
22828
22829
22844
22845
22846
22855
22856
22862
22863
22869
22870
22875
22879
22886
22887
22894
22895
22898
22902
22907
22911
22918
22928
22929
22930
22940
22941
22942
22952
22953
22954
22963
22964
22967
22971
22981
22982
22983
22992
22993
22995
23001
23002
23003
23008
23017
23018
23024
23025
23030
23032
23041
23042
23049
23055
23056
23063
23067
23075
23076
23077
23084
23085
23086
23094
23101
23109
23112
23128
23129
23130
23138
23141
23143
23146
23148
23149
23153
23162
23163
23164
23172
23176
23184
23185
23189
23193
23194
23199
23202
23205
23206
23207
23209
23210
23211
23212
23223
23224
23233
23234
23241
23246
23255
23260
23268
23273
23281
23285
23286
23288
23296
23309
23310
23313
23326
23335
23338
23339
23341
23343
23348
23357
23366
23367
23373
23383
23385
23393
23396
23404
23405
23412
23413
23417
23419
23430
23431
23436
23437
23441
23444
23449
23452
23458
23463
23470
23477
23483
23490
23496
23502
23503
23507
23516
23525
23526
23532
23539
23543
23545
23546
23552
23553
23554
23562
23565
23573
23574
23580
23581
23586
23587
23592
23593
23602
23603
23608
23616
23618
23619
23623
23626
23631
23634
23637
23640
23644
23645
23652
23664
23665
23667
23671
23675
23676
23677
23679
23681
23682
23684
23689
23694
23699
23704
23707
23715
23718
23722
23725
23726
23731
23742
23751
23752
23761
23762
23765
23766
23767
23769
23774
23778
23779
23787
23794
23811
23812
23819
23820
23827
23828
23837
23838
23841
23844
23847
23848
23852
23853
23856
23864
23865
23866
23875
23876
23884
23885
23894
23895
23905
23906
23908
23921
23922
23931
23932
23948
23949
23950
23958
23959
23965
23966
23970
23971
23980
23981
23985
23986
23989
23992
23993
23997
23998
23999
24000
24008
24009
24010
24017
24018
24027
24028
24029
24038
24039
24046
24047
24048
24058
24059
24067
24068
24076
24077
24078
24087
24088
24096
24097
24098
24106
24107
24108
24120
24121
24122
24129
24130
24135
24141
24150
24151
24157
24158
24167
24184
24185
24193
24194
24203
24204
24205
24212
24213
24217
24226
24227
24228
24237
24238
24252
24257
24265
24266
24273
24274
24278
24279
24286
24288
24295
24296
24307
24312
24314
24318
24323
24338
24344
24345
24348
24349
24353
24354
24359
24360
24361
24371
24383
24387
24392
24399
24400
24404
24408
24417
24425
24426
24429
24433
24439
24441
24443
24446
24448
24456
24460
24461
24467
24469
24470
24477
24478
24482
24485
24486
24500
24505
24510
24512
24517
24519
24523
24528
24533
24534
24535
24536
24538
24544
24549
24562
24563
24578
24579
24585
24587
24590
24598
24599
24603
24608
24617
24620
24625
24631
24638
24642
24652
24656
24657
24667
24676
24685
24686
24691
24692
24698
24699
24706
24712
24719
24722
24725
24726
24727
24729
24730
24731
24735
24736
24737
24738
24739
24740
24741
24742
24743
24745
24746
24751
24753
24755
24764
24766
24770
24776
24777
24784
24790
24791
24797
24799
24803
24818
24819
24824
24827
24828
24829
24836
24837
24846
24847
24856
24857
24862
24864
24871
24872
24878
24886
24894
24899
24900
24906
24907
24911
24912
24919
24925
24934
24935
24936
24945
24946
24953
24954
24956
24965
24966
24975
24976
24982
24986
24995
24996
24997
25005
25006
25010
25015
25024
25025
25026
25033
25035
25047
25048
25053
25058
25061
25062
25079
25080
25081
25089
25090
25099
25100
25101
25110
25111
25112
25121
25122
25130
25131
25132
25137
25138
25139
25146
25156
25157
25166
25167
25175
25176
25183
25184
25185
25195
25203
25204
25210
25217
25218
25223
25231
25232
25236
25238
25244
25247
25248
25249
25251
25252
25261
25262
25263
25271
25272
25281
25282
25283
25292
25293
25296
25306
25307
25308
25318
25319
25327
25328
25333
25339
25344
25346
25352
25360
25361
25363
25370
25371
25374
25377
25384
25385
25386
25393
25399
25404
25405
25406
25413
25414
25420
25427
25430
25438
25441
25448
25454
25455
25462
25463
25466
25473
25479
25485
25486
25491
25494
25496
25497
25502
25505
25506
25509
25516
25523
25531
25534
25535
25542
25543
25549
25550
25556
25557
25563
25567
25578
25579
25582
25583
25587
25588
25595
25599
25608
25609
25610
25613
25615
25622
25624
25626
25635
25640
25645
25646
25653
25661
25665
25666
25668
25671
25672
25674
25675
25676
25678
25679
25683
25686
25692
25694
25697
25703
25705
25709
25710
25719
25720
25729
25730
25736
25742
25748
25756
25757
25763
25764
25768
25769
25772
25773
25776
25786
25787
25788
25796
25797
25802
25803
25809
25828
25829
25830
25831
25840
25841
25842
25851
25852
25853
25861
25862
25874
25875
25876
25886
25887
25889
25890
25897
25898
25907
25908
25909
25917
25918
25921
25930
25931
25938
25939
25946
25947
25955
25960
25961
25972
25979
25980
25988
26002
26003
26004
26013
26014
26015
26025
26026
26036
26037
26046
26047
26048
26057
26058
26059
26070
26080
26081
26082
26091
26092
26100
26101
26106
26109
26119
26120
26129
26136
26144
26157
26162
26166
26168
26171
26178
26179
26182
26196
26197
26198
26207
26208
26218
26219
26220
26229
26230
26233
26243
26244
26245
26254
26255
26268
26269
26275
26276
26279
26292
26293
26294
26302
26303
26309
26310
26315
26316
26323
26329
26330
26340
26341
26345
26346
26347
26348
26349
26355
26365
26377
26378
26380
26384
26386
26394
26398
26407
26409
26416
26422
26423
26426
26429
26441
26442
26443
26449
26450
26454
26456
26461
26462
26467
26478
26479
26482
26487
26493
26496
26503
26504
26510
26515
26520
26521
26523
26526
26527
26534
26535
26552
26554
26561
26562
26566
26571
26572
26573
26577
26580
26582
26583
26586
26588
26600
26601
26609
26610
26615
26625
26629
26633
26640
26641
26646
26655
26656
26657
26664
26665
26674
26675
26683
26685
26687
26693
26701
26702
26714
26715
26716
26725
26726
26732
26733
26746
26747
26748
26758
26759
26760
26763
26766
26775
26776
26777
26783
26784
26786
26790
26793
26794
26804
26805
26806
26813
26814
26830
26841
26847
26854
26855
26858
26865
26866
26867
26873
26874
26885
26886
26894
26902
26903
26904
26911
26912
26913
26922
26923
26931
26932
26939
26940
26949
26950
26951
26960
26961
26962
26970
26971
26980
26981
26984
26996
26997
27004
27005
27010
27015
27021
27024
27025
27028
27031
27037
27041
27049
27050
27058
27059
27068
27069
27070
27079
27080
27083
27094
27095
27096
27106
27107
27109
27114
27123
27124
27133
27134
27142
27143
27152
27153
27158
27164
27167
27176
27177
27184
27185
27193
27194
27199
27204
27205
27208
27224
27227
27238
27239
27242
27249
27250
27251
27259
27260
27263
27269
27270
27271
27277
27278
27282
27293
27294
27301
27302
27308
27312
27316
27317
27326
27327
27333
27334
27339
27345
27347
27354
27365
27371
27377
27381
27385
27392
27397
27398
27407
27408
27409
27413
27417
27423
27424
27429
27436
27439
27440
27443
27444
27446
27447
27451
27458
27459
27466
27467
27468
27476
27477
27484
27487
27489
27494
27505
27506
27512
27513
27517
27518
27522
27523
27527
27528
27530
27546
27547
27548
27553
27554
27555
27561
27562
27567
27568
27577
27578
27588
27589
27594
27599
27600
27601
27608
27609
27610
27611
27618
27619
27623
27624
27628
27630
27641
27645
27646
27651
27652
27664
27665
27666
27674
27675
27682
27683
27688
27689
27697
27698
27703
27704
27708
27712
27718
27719
27726
27727
27730
27731
27737
27744
27749
27753
27759
27762
27764
27765
27769
27772
27773
27774
27786
27787
27788
27796
27804
27805
27806
27812
27814
27819
27828
27829
27830
27836
27837
27839
27840
27844
27850
27855
27862
27870
27871
27876
27877
27881
27885
27888
27896
27897
27905
27906
27907
27912
27915
27918
27921
27926
27927
27934
27935
27944
27945
27951
27960
27961
27969
27970
27971
27974
27983
27984
27987
27994
27995
28000
28001
28007
28013
28022
28027
28028
28036
28037
28046
28047
28054
28062
28065
28067
28074
28075
28076
28085
28086
28092
28096
28102
28103
28105
28108
28110
28131
28132
28139
28140
28148
28149
28150
28158
28166
28167
28172
28178
28181
28186
28193
28196
28201
28213
28214
28215
28223
28227
28228
28230
28238
28246
28254
28257
28258
28265
28271
28275
28276
28278
28280
28284
28286
28294
28295
28304
28311
28312
28320
28321
28329
28330
28336
28342
28343
28349
28350
28353
28355
28362
28363
28364
28370
28376
28377
28387
28392
28399
28400
28406
28415
28416
28423
28424
28433
28434
28435
28442
28443
28444
28451
28452
28461
28462
28464
28465
28470
28471
28476
28477
28478
28487
28493
28503
28504
28509
28510
28519
28520
28524
28527
28537
28553
28554
28555
28561
28571
28572
28573
28582
28583
28593
28594
28602
28603
28609
28612
28624
28625
28629
28630
28633
28636
28639
28640
28645
28652
28653
28658
28660
28663
28671
28681
28687
28693
28698
28705
28720
28724
28750
28759
28760
28769
28770
28771
28777
28780
28784
28790
28791
28798
28799
28805
28806
28812
28820
28832
28833
28834
28842
28843
28844
28850
28851
28862
28863
28864
28874
28875
28881
28882
28889
28890
28896
28897
28900
28901
28909
28910
28918
28919
28924
28939
28949
28953
28964
28965
28966
28973
28983
28984
28985
28995
28996
28997
29006
29007
29008
29017
29018
29023
29032
29033
29041
29042
29051
29052
29057
29065
29066
29073
29074
29081
29087
29088
29097
29100
29104
29105
29109
29120
29121
29127
29136
29137
29138
29145
29146
29151
29152
29162
29163
29171
29172
29176
29179
29186
29187
29190
29191
29198
29199
29206
29210
29216
29220
29221
29223
29224
29225
29234
29238
29239
29249
29250
29259
29260
29265
29266
29267
29270
29271
29281
29282
29291
29297
29301
29315
29316
29324
29325
29334
29339
29346
29347
29348
29357
29358
29365
29374
29375
29384
29385
29390
29395
29400
29407
29408
29412
29413
29414
29421
29422
29429
29430
29440
29441
29443
29451
29454
29455
29456
29464
29470
29473
29482
29483
29484
29491
29492
29500
29501
29502
29510
29511
29520
29521
29528
29529
29532
29535
29543
29544
29552
29553
29560
29561
29567
29578
29579
29587
29588
29592
29599
29600
29601
29604
29605
29610
29613
29617
29618
29619
29626
29635
29636
29642
29650
29651
29652
29661
29662
29667
29670
29679
29680
29690
29691
29697
29703
29706
29707
29713
29733
29736
29738
29744
29751
29752
29753
29758
29759
29762
29778
29779
29780
29784
29785
29794
29795
29799
29800
29807
29809
29814
29822
29823
29824
29831
29838
29839
29840
29842
29848
29849
29857
29858
29859
29869
29875
29877
29886
29887
29896
29897
29904
29908
29909
29912
29925
29928
29934
29935
29936
29943
29951
29952
29966
29967
29975
29977
29980
29988
29989
29990
29999
30000
30003
30004
30011
30021
30022
30032
30037
30048
30051
30054
30062
30063
30069
30070
30079
30080
30089
30090
30093
30105
30111
30118
30124
30127
30143
30151
30152
30156
30158
30159
30160
30167
30168
30177
30179
30182
30187
30188
30191
30193
30197
30205
30211
30220
30230
30231
30237
30239
30240
30247
30252
30267
30276
30277
30285
30286
30287
30296
30297
30301
30304
30306
30321
30325
30329
30334
30340
30347
30348
30355
30356
30357
30365
30366
30367
30376
30392
30393
30394
30403
30404
30412
30422
30423
30424
30433
30434
30441
30449
30455
30456
30458
30465
30466
30467
30468
30476
30477
30478
30485
30486
30495
30503
30506
30509
30510
30521
30522
30527
30528
30537
30538
30539
30547
30548
30549
30558
30559
30568
30569
30578
30579
30580
30588
30589
30594
30604
30605
30606
30614
30622
30623
30624
30629
30630
30641
30642
30649
30650
30654
30661
30662
30669
30670
30676
30679
30680
30685
30697
30706
30715
30716
30717
30722
30723
30735
30736
30737
30747
30748
30749
30757
30758
30759
30767
30775
30776
30779
30780
30784
30785
30793
30794
30800
30801
30805
30809
30814
30815
30822
30833
30834
30839
30840
30842
30845
30846
30857
30860
30862
30867
30872
30879
30885
30891
30892
30899
30900
30901
30904
30912
30913
30920
30925
30926
30929
30942
30945
30951
30952
30958
30959
30966
30970
30972
30975
30993
30994
31006
31009
31023
31024
31028
31031
31036
31038
31040
31045
31047
31049
31055
31057
31059
31062
31071
31072
31081
31083
31086
31087
31089
31094
31099
31107
31108
31114
31115
31116
31121
31122
31123
31132
31136
31137
31148
31149
31162
31169
31170
31179
31180
31189
31190
31191
31197
31198
31205
31208
31215
31217
31221
31224
31233
31234
31247
31248
31255
31262
31263
31270
31274
31277
31282
31283
31291
31292
31299
31300
31304
31318
31324
31335
31349
31356
31357
31358
31364
31365
31375
31376
31379
31390
31391
31392
31398
31403
31404
31405
31409
31415
31419
31423
31435
31438
31445
31450
31458
31459
31467
31468
31469
31477
31478
31485
31486
31494
31495
31496
31503
31504
31512
31513
31521
31522
31523
31530
31531
31535
31536
31542
31545
31546
31548
31557
31558
31565
31566
31572
31578
31579
31583
31585
31590
31591
31595
31596
31605
31606
31616
31617
31626
31627
31628
31638
31639
31640
31648
31652
31660
31661
31662
31671
31672
31677
31678
31686
31687
31696
31697
31698
31708
31709
31714
31715
31720
31721
31725
31731
31739
31748
31753
31758
31760
31771
31772
31780
31781
31785
31786
31798
31799
31807
31808
31812
31817
31822
31824
31832
31833
31838
31839
31841
31844
31848
31856
31866
31867
31868
31878
31879
31886
31887
31894
31895
31903
31904
31908
31909
31916
31917
31935
31941
31948
31951
31952
31953
31960
31975
31976
31977
31986
31987
31996
31997
31998
32008
32009
32018
32019
32020
32030
32031
32040
32041
32048
32049
32050
32061
32062
32063
32072
32073
32079
32080
32087
32088
32093
32099
32100
32109
32110
32119
32120
32127
32128
32136
32137
32144
32145
32152
32154
32158
32163
32166
32172
32173
32180
32183
32185
32190
32199
32200
32208
32209
32218
32219
32220
32230
32231
32238
32239
32247
32255
32256
32265
32266
32273
32274
32275
32284
32285
32286
32295
32296
32297
32305
32306
32314
32315
32323
32327
32330
32338
32339
32348
32349
32356
32365
32369
32374
32389
32392
32393
32406
32407
32415
32416
32423
32430
32431
32440
32441
32447
32448
32454
32458
32459
32466
32467
32468
32473
32480
32483
32486
32489
32498
32499
32500
32509
32510
32511
32514
32519
32528
32529
32537
32538
32539
32548
32549
32558
32559
32560
32568
32569
32580
32584
32589
32593
32594
32597
32601
32606
32609
32610
32618
32619
32623
32624
32629
32634
32638
32639
32645
32650
32657
32662
32664
32665
32666
32670
32676
32677
32685
32686
32687
32692
32693
32697
32698
32700
32704
32705
32712
32713
32717
32718
32719
32724
32729
32743
32744
32745
32752
32754
32755
32760
32766
32767
32768
32770
32779
32781
32784
32787
32788
32791
32794
32805
32818
32819
32820
32825
32830
32831
32836
32853
32856
32858
32864
32871
32872
32876
32883
32884
32892
32893
32895
32899
32900
32906
32911
32917
32923
32924
32926
32929
32934
32941
32946
32950
32956
32960
32961
32969
32970
32976
32985
32990
32993
33005
33019
33022
33023
33027
33033
33036
33040
33044
33052
33053
33054
33058
33067
33071
33080
33088
33095
33097
33098
33102
33112
33117
33119
33123
33132
33133
33134
33143
33144
33153
33154
33155
33165
33166
33175
33176
33185
33186
33193
33194
33201
33202
33204
33206
33214
33215
33224
33225
33230
33231
33238
33239
33250
33251
33252
33260
33261
33264
33266
33267
33273
33279
33281
33288
33289
33297
33298
33299
33305
33315
33316
33317
33327
33328
33332
33333
33336
33344
33345
33346
33354
33355
33362
33363
33369
33377
33378
33387
33388
33395
33396
33403
33404
33408
33426
33427
33429
33434
33448
33449
33450
33459
33460
33473
33474
33475
33483
33484
33491
33492
33500
33501
33505
33507
33508
33511
33521
33522
33527
33530
33531
33540
33541
33551
33552
33554
33562
33571
33580
33581
33590
33591
33597
33598
33599
33606
33607
33611
33619
33625
33631
33632
33638
33639
33645
33646
33648
33657
33663
33665
33668
33669
33672
33678
33686
33687
33691
33692
33695
33702
33703
33711
33712
33715
33716
33720
33727
33730
33733
33734
33738
33745
33746
33752
33755
33760
33764
33768
33774
33777
33778
33781
33782
33788
33792
33793
33797
33806
33814
33818
33819
33832
33840
33841
33842
33847
33853
33857
33858
33863
33867
33876
33887
33888
33894
33898
33900
33901
33903
33909
33916
33924
33925
33932
33933
33935
33936
33937
33938
33941
33942
33947
33957
33959
33966
33968
33969
33971
33978
33979
33984
33985
33994
33995
34018
34019
34023
34028
34029
34032
34040
34045
34049
34056
34063
34070
34075
34080
34081
34086
34087
34091
34099
34103
34105
34106
34129
34130
34139
34145
34153
34154
34155
34164
34165
34174
34175
34184
34185
34192
34200
34207
34220
34221
34231
34232
34238
34239
34247
34258
34259
34267
34268
34269
34274
34279
34280
34293
34297
34298
34307
34308
34317
34318
34328
34329
34330
34339
34340
34341
34348
34349
34353
34362
34363
34364
34372
34373
34381
34382
34389
34390
34399
34400
34401
34410
34411
34417
34418
34426
34435
34442
34443
34451
34455
34461
34469
34470
34474
34477
34488
34489
34490
34499
34500
34517
34518
34527
34535
34536
34542
34543
34552
34556
34561
34562
34563
34571
34572
34577
34579
34582
34586
34587
34589
34590
34602
34603
34604
34613
34614
34619
34626
34627
34637
34638
34639
34648
34649
34658
34659
34660
34666
34667
34670
34671
34675
34678
34683
34692
34700
34701
34705
34712
34713
34719
34720
34726
34727
34728
34731
34736
34737
34739
34741
34745
34746
34751
34752
34757
34762
34763
34767
34771
34784
34785
34796
34805
34807
34810
34816
34817
34822
34823
34829
34830
34835
34840
34846
34851
34852
34854
34864
34865
34869
34877
34889
34890
34896
34898
34900
34908
34914
34918
34922
34929
34934
34937
34938
34943
34950
34955
34957
34961
34965
34968
34970
34978
34980
34981
34988
34992
34995
35009
35011
35012
35014
35015
35027
35036
35037
35038
35048
35049
35059
35060
35061
35070
35071
35081
35082
35083
35092
35093
35101
35102
35108
35109
35110
35111
35122
35123
35133
35134
35142
35143
35150
35153
35154
35158
35166
35167
35168
35177
35181
35182
35189
35190
35197
35198
35206
35216
35222
35224
35232
35233
35243
35253
35254
35255
35265
35266
35267
35275
35276
35285
35294
35295
35296
35305
35306
35314
35315
35324
35325
35335
35336
35337
35346
35347
35348
35356
35357
35364
35365
35367
35371
35372
35377
35378
35386
35387
35391
35397
35398
35399
35401
35408
35412
35421
35422
35428
35438
35439
35440
35449
35450
35454
35455
35456
35459
35460
35470
35471
35472
35480
35481
35487
35488
35495
35496
35499
35503
35508
35513
35514
35521
35522
35530
35531
35536
35538
35539
35549
35550
35551
35559
35560
35566
35574
35575
35576
35584
35593
35594
35595
35604
35605
35606
35614
35615
35616
35623
35624
35627
35632
35638
35639
35641
35644
35645
35647
35648
35653
35655
35662
35668
35669
35671
35674
35692
35696
35699
35702
35714
35717
35718
35725
35729
35732
35733
35735
35737
35747
35751
35755
35756
35761
35764
35766
35769
35770
35775
35780
35786
35790
35793
35796
35804
35806
35808
35811
35814
35815
35825
35829
35832
35845
35846
35847
35855
35856
35865
35866
35875
35876
35887
35888
35897
35898
35904
35905
35912
35913
35923
35924
35925
35933
35934
35942
35943
35951
35952
35960
35970
35971
35972
35981
35982
35986
35992
36001
36008
36014
36029
36030
36031
36039
36040
36049
36050
36051
36060
36061
36068
36069
36077
36078
36087
36088
36089
36098
36099
36106
36107
36115
36116
36123
36124
36125
36134
36135
36140
36141
36149
36150
36162
36169
36170
36174
36178
36179
36181
36185
36187
36193
36198
36200
36211
36212
36213
36222
36223
36228
36235
36236
36243
36244
36245
36253
36254
36260
36266
36269
36276
36284
36285
36290
36291
36297
36300
36313
36314
36323
36324
36330
36331
36332
36339
36340
36349
36350
36358
36359
36367
36368
36375
36378
36381
36385
36388
36392
36393
36397
36407
36408
36409
36415
36416
36424
36425
36431
36432
36437
36438
36455
36456
36460
36461
36471
36475
36476
36478
36490
36491
36496
36503
36504
36511
36512
36513
36519
36521
36526
36527
36536
36546
36547
36548
36551
36552
36563
36564
36571
36579
36588
36598
36603
36609
36614
36619
36626
36627
36631
36632
36638
36639
36645
36646
36651
36652
36658
36666
36667
36674
36675
36680
36688
36689
36690
36695
36696
36702
36705
36706
36713
36719
36721
36733
36742
36747
36750
36752
36753
36757
36762
36763
36770
36778
36779
36780
36788
36789
36790
36795
36805
36806
36816
36817
36822
36823
36830
36837
36838
36839
36845
36850
36851
36854
36857
36861
36862
36863
36866
36869
36871
36874
36876
36885
36886
36887
36895
36896
36897
36900
36906
36907
36908
36913
36918
36922
36924
36927
36938
36939
36945
36955
36956
36961
36962
36963
36968
36969
36974
36982
36983
36990
36996
36997
37003
37004
37005
37007
37011
37014
37015
37023
37024
37031
37032
37038
37039
37047
37048
37055
37061
37062
37063
37076
37077
37084
37085
37091
37097
37105
37112
37116
37128
37133
37134
37135
37143
37152
37157
37158
37159
37163
37170
37171
37172
37178
37179
37189
37194
37204
37205
37206
37217
37220
37223
37226
37240
37248
37249
37255
37261
37262
37266
37270
37276
37279
37284
37285
37291
37292
37300
37303
37306
37307
37317
37319
37320
37335
37343
37344
37345
37353
37354
37355
37364
37374
37375
37376
37383
37386
37387
37393
37402
37410
37411
37412
37421
37423
37431
37432
37437
37438
37446
37451
37457
37460
37463
37464
37466
37468
37476
37492
37493
37502
37503
37509
37510
37523
37524
37525
37534
37535
37538
37548
37549
37557
37563
37564
37573
37577
37580
37581
37583
37587
37592
37598
37606
37609
37619
37620
37628
37632
37638
37644
37645
37649
37653
37655
37658
37659
37665
37666
37673
37674
37685
37686
37687
37694
37695
37696
37700
37701
37704
37705
37713
37714
37715
37723
37735
37739
37744
37746
37760
37761
37766
37781
37784
37788
37793
37794
37806
37811
37814
37819
37822
37834
37835
37836
37845
37846
37854
37855
37856
37864
37874
37875
37876
37883
37889
37890
37906
37907
37916
37921
37926
37928
37929
37940
37941
37949
37952
37953
37962
37983
37992
38001
38002
38003
38012
38013
38020
38021
38027
38028
38038
38039
38040
38049
38050
38051
38058
38065
38066
38072
38073
38081
38082
38088
38101
38102
38109
38117
38119
38120
38129
38132
38145
38146
38147
38154
38155
38169
38170
38178
38179
38182
38183
38197
38205
38224
38232
38242
38243
38250
38251
38257
38267
38268
38269
38278
38279
38284
38285
38294
38296
38300
38320
38321
38322
38330
38331
38340
38341
38342
38351
38352
38359
38360
38368
38379
38387
38388
38395
38399
38400
38418
38419
38420
38428
38434
38440
38446
38452
38465
38466
38473
38474
38483
38484
38485
38495
38496
38501
38506
38507
38517
38518
38527
38528
38536
38537
38544
38552
38553
38554
38561
38562
38563
38569
38570
38576
38581
38591
38594
38596
38597
38598
38615
38616
38625
38626
38634
38635
38636
38642
38643
38647
38653
38654
38667
38683
38684
38692
38693
38703
38710
38711
38720
38721
38730
38731
38738
38739
38750
38758
38759
38767
38774
38775
38782
38783
38789
38790
38791
38798
38799
38802
38805
38806
38807
38808
38814
38815
38822
38823
38826
38828
38833
38834
38841
38842
38848
38849
38851
38852
38856
38858
38859
38863
38871
38872
38879
38880
38889
38890
38891
38901
38902
38903
38908
38923
38924
38925
38933
38934
38940
38945
38946
38953
38961
38963
38970
38971
38972
38975
38979
38983
38984
38985
38995
39004
39005
39011
39012
39013
39020
39021
39022
39030
39036
39043
39050
39055
39059
39061
39070
39071
39072
39079
39080
39085
39093
39094
39100
39101
39106
39111
39115
39120
39126
39130
39138
39148
39150
39151
39154
39160
39164
39167
39168
39172
39176
39179
39180
39186
39188
39189
39198
39209
39210
39211
39216
39219
39227
39228
39229
39238
39239
39248
39249
39250
39259
39260
39270
39271
39277
39278
39287
39291
39292
39293
39296
39304
39305
39314
39321
39322
39329
39342
39343
39344
39351
39352
39359
39360
39365
39371
39372
39373
39380
39382
39383
39389
39403
39404
39413
39414
39424
39425
39426
39435
39436
39443
39444
39452
39453
39462
39470
39471
39472
39480
39481
39486
39487
39496
39497
39505
39506
39514
39519
39520
39522
39529
39530
39538
39542
39549
39551
39555
39562
39575
39576
39584
39585
39592
39595
39604
39605
39606
39613
39614
39622
39628
39629
39639
39640
39650
39655
39663
39664
39674
39675
39676
39684
39685
39686
39688
39694
39695
39702
39703
39712
39713
39714
39722
39723
39730
39731
39738
39739
39742
39744
39745
39752
39753
39759
39760
39773
39774
39777
39780
39781
39782
39783
39784
39790
39791
39794
39797
39802
39803
39805
39810
39816
39826
39828
39835
39841
39845
39846
39848
39852
39856
39860
39870
39871
39873
39876
39877
39883
39884
39888
39891
39895
39896
39901
39902
39911
39928
39939
39940
39941
39948
39955
39956
39957
39969
39970
39978
39979
39988
39989
39997
40002
40007
40010
40018
40019
40020
40027
40028
40037
40043
40044
40049
40050
40060
40061
40062
40071
40072
40076
40080
40088
40089
40090
40098
40099
40100
40107
40108
40114
40121
40124
40125
40133
40134
40138
40139
40141
40142
40151
40159
40160
40166
40170
40176
40177
40184
40185
40188
40193
40196
40215
40222
40229
40230
40237
40238
40244
40251
40252
40259
40266
40268
40270
40277
40284
40289
40290
40297
40305
40309
40310
40312
40314
40315
40321
40322
40324
40332
40337
40338
40342
40344
40356
40364
40365
40374
40375
40376
40381
40382
40389
40392
40398
40403
40408
40414
40421
40424
40425
40426
40431
40435
40440
40447
40448
40449
40452
40460
40461
40465
40466
40469
40475
40482
40483
40485
40492
40499
40511
40512
40517
40523
40524
40525
40526
40528
40530
40533
40537
40538
40544
40549
40557
40558
40559
40566
40567
40574
40575
40576
40584
40589
40590
40591
40598
40601
40605
40606
40608
40615
40616
40621
40622
40625
40626
40636
40642
40643
40644
40646
40653
40656
40659
40660
40666
40672
40673
40674
40680
40681
40688
40695
40696
40705
40706
40715
40716
40721
40725
40726
40731
40732
40737
40745
40746
40754
40762
40766
40773
40774
40779
40787
40788
40789
40797
40798
40801
40807
40808
40814
40818
40819
40823
40824
40833
40834
40842
40847
40854
40855
40859
40860
40863
40864
40866
40873
40883
40884
40885
40891
40901
40902
40911
40912
40919
40925
40926
40928
40929
40933
40937
40942
40944
40945
40946
40947
40949
40950
40951
40960
40966
40972
40973
40995
40997
41003
41004
41011
41012
41020
41026
41027
41028
41030
41031
41035
41040
41043
41048
41060
41068
41069
41070
41076
41079
41083
41095
41096
41097
41106
41107
41115
41116
41120
41125
41126
41127
41128
41135
41139
41140
41143
41150
41154
41155
41157
41161
41166
41170
41178
41185
41186
41187
41190
41203
41207
41208
41211
41213
41225
41226
41233
41238
41245
41248
41249
41250
41253
41254
41256
41265
41276
41280
41287
41288
41291
41292
41294
41297
41298
41305
41309
41314
41318
41328
41330
41333
41334
41340
41343
41348
41351
41356
41361
41362
41365
41366
41372
41376
41377
41385
41386
41392
41395
41397
41400
41401
41413
41423
41424
41431
41432
41436
41440
41441
41447
41448
41457
41465
41469
41473
41474
41484
41486
41489
41494
41495
41499
41502
41510
41511
41515
41520
41533
41534
41541
41542
41546
41550
41555
41558
41559
41561
41567
41568
41576
41577
41581
41586
41587
41591
41595
41604
41610
41611
41612
41621
41622
41624
41631
41632
41639
41640
41642
41650
41651
41652
41658
41659
41664
41670
41671
41681
41682
41683
41692
41693
41695
41697
41704
41705
41711
41713
41721
41722
41727
41728
41734
41737
41738
41744
41745
41746
41754
41761
41767
41774
41775
41781
41782
41789
41792
41804
41805
41806
41812
41821
41829
41836
41839
41843
41851
41852
41858
41859
41868
41869
41870
41876
41877
41886
41894
41896
41897
41901
41902
41912
41913
41920
41923
41932
41936
41939
41942
41948
41949
41954
41972
41988
41991
41993
41994
41995
42007
42013
42018
42020
42024
42033
42039
42041
42043
42044
42048
42049
42054
42060
42061
42063
42070
42071
42072
42084
42088
42089
42098
42099
42108
42109
42116
42129
42131
42134
42138
42139
42141
42142
42151
42152
42159
42161
42163
42165
42175
42183
42187
42192
42197
42198
42200
42202
42210
42218
42219
42220
42228
42234
42239
42244
42248
42253
42259
42262
42277
42280
42284
42285
42287
42290
42292
42293
42302
42303
42311
42312
42314
42315
42319
42320
42325
42328
42332
42334
42337
42347
42353
42358
42359
42360
42363
42367
42370
42373
42383
42384
42385
42394
42395
42401
42402
42403
42413
42414
42423
42424
42432
42433
42440
42441
42449
42450
42451
42456
42460
42468
42476
42480
42485
42488
42496
42502
42506
42507
42509
42513
42516
42518
42523
42530
42531
42539
42540
42548
42549
42556
42557
42564
42565
42572
42580
42581
42587
42588
42595
42596
42602
42614
42621
42622
42624
42630
42631
42635
42639
42643
42646
42653
42660
42661
42670
42678
42679
42683
42691
42692
42693
42700
42701
42702
42705
42706
42707
42714
42721
42722
42732
42736
42737
42739
42742
42747
42755
42765
42773
42774
42777
42778
42780
42781
42784
42788
42795
42796
42803
42804
42806
42811
42817
42818
42819
42820
42827
42834
42839
42843
42847
42858
42862
42874
42875
42884
42891
42892
42897
42905
42906
42907
42915
42916
42922
42938
42949
42953
42957
42964
42965
42966
42974
42982
42983
42991
42992
43000
43001
43002
43009
43010
43013
43014
43021
43022
43030
43031
43034
43041
43042
43043
43049
43050
43057
43065
43067
43068
43070
43078
43086
43087
43091
43098
43099
43107
43108
43110
43117
43118
43127
43128
43134
43140
43147
43154
43161
43162
43166
43171
43172
43176
43185
43187
43189
43190
43191
43192
43195
43207
43211
43216
43217
43218
43226
43227
43233
43234
43237
43242
43243
43246
43250
43255
43258
43262
43266
43271
43274
43293
43299
43302
43304
43313
43316
43319
43325
43327
43329
43332
43335
43342
43351
43354
43362
43363
43369
43370
43374
43375
43379
43383
43389
43395
43398
43405
43406
43413
43414
43418
43419
43426
43432
43433
43439
43441
43457
43458
43463
43468
43477
43478
43479
43484
43487
43498
43499
43502
43503
43504
43513
43514
43516
43518
43520
43522
43526
43527
43530
43535
43538
43539
43545
43550
43551
43554
43559
43573
43574
43583
43584
43588
43591
43595
43596
43600
43604
43610
43616
43617
43621
43626
43631
43635
43640
43653
43658
43659
43663
43664
43667
43673
43674
43676
43685
43690
43710
43718
43723
43727
43739
43743
43759
43768
43787
43793
43800
43801
43805
43810
43819
43824
43825
43828
43831
43833
43834
43841
43846
43847
43850
43855
43870
43873
43886
43887
43893
43896
43902
43904
43905
43906
43909
43911
43914
43916
43917
43924
43935
43943
43946
43947
43951
43952
43956
43959
43965
43966
43971
43972
43974
43975
43976
43978
43981
43983
43986
43990
43991
43993
44001
44002
44013
44015
44025
44028
44029
44044
44048
44049
44056
44061
44065
44070
44077
44084
44085
44086
44091
44092
44097
44100
44102
44104
44105
44110
44115
44122
44128
44134
44135
44140
44141
44146
44147
44148
44154
44155
44159
44168
44173
44177
44178
44184
44187
44191
44192
44194
44203
44204
44210
44211
44219
44220
44228
44229
44230
44239
44240
44241
44251
44252
44257
44264
44265
44270
44277
44283
44284
44288
44291
44295
44298
44299
44305
44306
44307
44315
44318
44326
44333
44334
44335
44343
44344
44345
44353
44358
44359
44365
44366
44368
44376
44377
44385
44386
44393
44399
44404
44405
44414
44418
44419
44424
44426
44429
44432
44439
44444
44449
44456
44457
44466
44473
44474
44482
44483
44489
44493
44494
44498
44501
44504
44511
44512
44517
44518
44522
44528
44537
44540
44543
44547
44554
44558
44560
44570
44573
44577
44581
44588
44589
44593
44598
44603
44605
44614
44615
44624
44630
44632
44640
44641
44652
44655
44658
44660
44661
44662
44676
44677
44683
44686
44687
44693
44696
44699
44702
44705
44714
44725
44726
44727
44735
44736
44739
44743
44744
44745
44749
44759
44764
44767
44773
44774
44780
44781
44785
44794
44795
44804
44805
44811
44812
44830
44831
44836
44838
44847
44848
44858
44859
44865
44866
44869
44878
44879
44889
44890
44899
44900
44907
44908
44916
44926
44927
44928
44934
44940
44949
44952
44957
44964
44965
44987
44988
44989
44997
45004
45005
45014
45015
45025
45026
45033
45034
45039
45049
45056
45062
45068
45069
45075
45076
45082
45086
45087
45093
45095
45101
45102
45105
45111
45115
45116
45124
45131
45132
45140
45141
45150
45151
45152
45161
45162
45172
45180
45181
45187
45195
45201
45205
45212
45213
45220
45221
45226
45233
45240
45246
45252
45253
45257
45259
45262
45266
45275
45279
45283
45287
45292
45294
45298
45302
45311
45318
45326
45329
45334
45339
45340
45342
45344
45353
45367
45379
45387
45388
45393
45397
45398
45404
45409
45415
45416
45423
45425
45430
45434
45437
45443
45445
45447
45449
45452
45453
45454
45461
45462
45470
45471
45472
45481
45482
45492
45496
45504
45506
45507
45513
45514
45518
45519
45526
45538
45539
45548
45549
45550
45558
45559
45560
45566
45567
45570
45578
45579
45580
45584
45585
45588
45605
45617
45620
45626
45628
45635
45643
45651
45652
45660
45661
45668
45669
45677
45680
45688
45689
45696
45702
45708
45715
45716
45721
45728
45733
45739
45740
45746
45747
45754
45755
45756
45762
45771
45772
45778
45779
45788
45792
45796
45802
45809
45810
45815
45822
45828
45830
45833
45839
45850
45857
45858
45860
45861
45862
45870
45873
45875
45877
45882
45885
45887
45889
45891
45892
45893
45895
45900
45902
45904
45905
45906
45919
45920
45927
45931
45933
45937
45942
45943
45946
45950
45952
45956
45957
45958
45963
45973
45979
45986
45993
45996
45998
46002
46008
46009
46017
46020
46022
46031
46032
46033
46036
46039
46041
46048
46052
46054
46057
46060
46063
46064
46073
46074
46082
46091
46092
46101
46102
46111
46112
46113
46122
46123
46124
46133
46134
46143
46144
46151
46152
46155
46156
46158
46165
46166
46167
46175
46176
46179
46180
46186
46187
46189
46200
46201
46202
46210
46216
46217
46223
46230
46231
46239
46240
46242
46243
46246
46247
46249
46255
46259
46266
46267
46276
46277
46287
46288
46289
46299
46300
46307
46308
46312
46313
46323
46324
46325
46334
46335
46344
46345
46346
46355
46356
46366
46367
46368
46377
46378
46390
46391
46402
46409
46415
46419
46422
46425
46429
46439
46440
46449
46450
46454
46462
46463
46464
46473
46478
46486
46494
46497
46506
46507
46513
46514
46523
46528
46530
46539
46540
46541
46550
46551
46554
46559
46565
46566
46573
46581
46590
46591
46598
46604
46605
46608
46611
46612
46615
46617
46620
46632
46633
46634
46643
46644
46653
46654
46655
46663
46664
46672
46673
46674
46683
46692
46693
46703
46704
46712
46713
46720
46734
46735
46743
46744
46745
46753
46756
46771
46772
46773
46781
46782
46792
46793
46794
46803
46804
46812
46818
46828
46829
46830
46839
46840
46848
46849
46856
46857
46866
46867
46872
46873
46878
46879
46886
46887
46896
46902
46903
46907
46908
46909
46912
46923
46924
46932
46933
46934
46943
46952
46953
46962
46963
46970
46971
46978
46982
46983
46991
46992
46996
46997
47002
47015
47016
47017
47025
47026
47034
47035
47036
47044
47045
47053
47054
47055
47063
47064
47065
47071
47078
47079
47086
47087
47096
47102
47103
47104
47112
47113
47122
47123
47132
47133
47142
47143
47153
47154
47160
47161
47168
47173
47184
47190
47191
47199
47203
47204
47205
47214
47220
47221
47226
47227
47231
47232
47234
47235
47237
47238
47241
47248
47256
47257
47275
47276
47285
47286
47287
47293
47309
47310
47311
47321
47322
47329
47330
47331
47340
47341
47342
47351
47352
47353
47363
47364
47365
47367
47368
47374
47375
47381
47384
47387
47389
47390
47395
47396
47397
47398
47407
47408
47414
47415
47418
47425
47426
47427
47434
47438
47439
47440
47445
47455
47460
47461
47465
47475
47476
47484
47485
47486
47497
47504
47511
47512
47513
47521
47522
47526
47529
47531
47534
47543
47545
47550
47552
47562
47567
47571
47581
47586
47587
47593
47607
47608
47609
47621
47630
47639
47644
47649
47650
47655
47656
47661
47665
47666
47670
47671
47675
47677
47682
47686
47694
47702
47707
47724
47726
47727
47732
47733
47744
47745
47751
47759
47760
47769
47770
47771
47780
47787
47788
47792
47793
47794
47802
47803
47810
47831
47832
47839
47843
47849
47851
47854
47856
47857
47859
47860
47861
47864
47868
47878
47879
47880
47889
47890
47892
47900
47901
47909
47910
47911
47918
47919
47928
47929
47937
47938
47946
47947
47951
47961
47969
47972
47973
47974
47983
47987
47988
47994
47995
47998
47999
48006
48008
48015
48025
48026
48035
48036
48041
48046
48053
48054
48062
48063
48067
48068
48071
48074
48076
48077
48085
48086
48092
48104
48107
48109
48114
48117
48118
48121
48125
48129
48131
48132
48136
48143
48145
48146
48167
48168
48169
48172
48174
48182
48183
48184
48192
48193
48200
48201
48202
48209
48210
48211
48216
48222
48227
48234
48239
48242
48244
48246
48250
48251
48255
48256
48259
48261
48263
48269
48273
48282
48283
48284
48293
48294
48295
48297
48301
48308
48315
48319
48320
48321
48326
48327
48333
48334
48335
48340
48341
48344
48345
48348
48357
48364
48366
48367
48372
48373
48377
48382
48383
48390
48393
48394
48400
48416
48429
48435
48436
48441
48444
48445
48455
48456
48458
48469
48473
48480
48483
48486
48488
48489
48492
48493
48495
48505
48509
48516
48517
48518
48525
48526
48528
48536
48537
48543
48544
48556
48565
48567
48572
48580
48585
48589
48591
48593
48594
48597
48601
48606
48607
48613
48614
48617
48621
48622
48626
48634
48638
48643
48650
48651
48658
48659
48671
48672
48678
48679
48685
48690
48693
48696
48701
48702
48704
48709
48712
48715
48729
48730
48731
48742
48744
48752
48756
48786
48787
48793
48794
48798
48808
48816
48826
48832
48834
48854
48858
48859
48863
48871
48872
48877
48880
48881
48886
48889
48890
48900
48901
48909
48910
48911
48919
48920
48929
48930
48931
48940
48941
48948
48949
48950
48956
48957
48960
48961
48966
48969
48976
48977
48978
48985
48986
48988
48989
48993
48994
48996
48997
48999
49004
49005
49012
49015
49020
49021
49026
49031
49041
49057
49058
49065
49066
49075
49076
49085
49086
49092
49093
49099
49100
49109
49110
49119
49120
49128
49129
49130
49137
49138
49147
49148
49149
49158
49159
49164
49165
49177
49178
49182
49185
49190
49192
49194
49195
49198
49204
49210
49211
49224
49225
49233
49234
49246
49251
49252
49258
49259
49265
49266
49268
49270
49271
49273
49281
49282
49290
49291
49292
49302
49303
49304
49312
49313
49321
49329
49330
49334
49340
49341
49359
49360
49369
49370
49378
49379
49387
49392
49393
49402
49403
49412
49413
49419
49420
49426
49429
49432
49438
49444
49447
49458
49459
49460
49467
49476
49477
49478
49487
49488
49491
49496
49497
49505
49506
49513
49514
49522
49523
49530
49537
49544
49545
49554
49555
49557
49563
49572
49573
49580
49582
49590
49591
49597
49598
49608
49618
49626
49627
49636
49644
49645
49646
49654
49663
49669
49670
49675
49676
49680
49684
49689
49690
49695
49696
49699
49706
49707
49708
49717
49718
49727
49728
49729
49739
49740
49741
49750
49751
49760
49761
49762
49767
49772
49773
49774
49776
49778
49784
49785
49792
49793
49794
49802
49803
49807
49809
49810
49812
49820
49821
49830
49831
49839
49846
49851
49856
49862
49864
49867
49876
49877
49883
49884
49894
49895
49896
49905
49906
49907
49914
49915
49922
49931
49932
49933
49942
49943
49944
49953
49954
49955
49965
49966
49975
49976
49977
49986
49987
49988
49994
50000
50008
50009
50018
50022
50028
50030
50036
50042
50043
50058
50059
50067
50068
50069
50073
50074
50075
50086
50087
50096
50097
50104
50105
50110
50113
50120
50121
50124
50126
50138
50139
50148
50149
50160
50161
50169
50170
50179
50180
50181
50189
50190
50191
50198
50199
50207
50230
50231
50237
50238
50247
50248
50249
50259
50260
50269
50270
50279
50280
50291
50292
50301
50302
50303
50307
50308
50320
50332
50333
50341
50342
50350
50351
50358
50359
50365
50367
50375
50376
50377
50386
50387
50394
50395
50404
50405
50415
50416
50417
50426
50427
50428
50438
50439
50444
50445
50446
50452
50453
50456
50465
50466
50475
50476
50486
50487
50488
50498
50499
50500
50509
50510
50518
50519
50528
50529
50530
50540
50541
50542
50551
50552
50553
50562
50563
50573
50574
50583
50584
50585
50594
50595
50604
50605
50608
50611
50622
50623
50631
50642
50650
50651
50660
50665
50672
50673
50676
50680
50682
50691
50711
50712
50722
50723
50724
50738
50739
50748
50749
50754
50762
50763
50765
50767
50772
50777
50778
50779
50788
50796
50805
50808
50816
50817
50818
50827
50828
50833
50846
50847
50855
50856
50857
50867
50868
50869
50878
50879
50888
50889
50890
50897
50900
50906
50910
50911
50912
50916
50938
50939
50940
50949
50950
50956
50957
50965
50973
50974
50982
50985
50986
50994
50995
50996
51004
51005
51008
51015
51016
51021
51029
51030
51036
51037
51043
51062
51063
51069
51078
51079
51080
51089
51090
51099
51100
51107
51108
51109
51116
51117
51118
51125
51126
51135
51136
51144
51145
51154
51162
51163
51170
51171
51180
51181
51183
51188
51190
51196
51197
51210
51211
51219
51226
51227
51230
51238
51239
51240
51245
51246
51249
51250
51254
51255
51261
51264
51279
51280
51289
51290
51300
51301
51304
51311
51312
51313
51321
51322
51323
51327
51331
51341
51347
51348
51354
51357
51359
51361
51363
51369
51373
51374
51382
51383
51385
51390
51396
51399
51402
51403
51405
51408
51409
51424
51425
51427
51428
51435
51439
51440
51445
51446
51448
51449
51452
51453
51454
51465
51466
51467
51473
51475
51477
51481
51482
51485
51487
51494
51496
51501
51514
51519
51524
51533
51541
51543
51547
51558
51560
51572
51578
51579
51584
51585
51587
51591
51592
51599
51600
51606
51607
51610
51620
51621
51629
51633
51639
51640
51641
51649
51650
51653
51656
51658
51660
51667
51672
51677
51692
51697
51698
51701
51703
51704
51709
51710
51716
51721
51722
51730
51731
51732
51740
51749
51750
51751
51761
51762
51763
51772
51773
51774
51784
51785
51786
51795
51796
51797
51806
51807
51813
51814
51821
51831
51832
51833
51842
51843
51846
51847
51856
51857
51860
51870
51871
51880
51881
51888
51893
51901
51902
51910
51912
51920
51922
51933
51934
51942
51943
51953
51954
51955
51965
51966
51972
51973
51980
51990
51991
51992
52001
52002
52011
52012
52021
52022
52030
52031
52032
52041
52042
52050
52051
52069
52070
52076
52085
52086
52088
52092
52097
52102
52113
52114
52115
52124
52125
52126
52133
52142
52143
52144
52152
52153
52159
52160
52168
52175
52176
52181
52190
52191
52200
52201
52205
52210
52211
52215
52217
52227
52228
52229
52236
52237
52240
52244
52252
52253
52262
52263
52272
52273
52274
52282
52283
52291
52292
52293
52299
52300
52301
52302
52307
52318
52327
52328
52334
52335
52340
52348
52350
52354
52356
52358
52360
52365
52368
52371
52378
52384
52387
52390
52395
52400
52407
52408
52414
52418
52419
52420
52427
52432
52439
52442
52455
52456
52459
52468
52469
52473
52474
52479
52486
52491
52505
52508
52510
52515
52524
52526
52529
52534
52536
52545
52548
52552
52559
52561
52563
52580
52587
52588
52596
52597
52598
52606
52607
52614
52615
52623
52624
52627
52629
52636
52640
52641
52647
52648
52654
52660
52669
52677
52680
52688
52689
52694
52703
52704
52711
52712
52717
52727
52728
52738
52739
52746
52747
52754
52755
52762
52763
52772
52773
52781
52798
52801
52806
52807
52814
52815
52816
52822
52823
52826
52828
52834
52835
52840
52844
52853
52859
52867
52868
52875
52878
52885
52892
52893
52900
52901
52906
52907
52912
52913
52916
52917
52921
52926
52934
52937
52938
52945
52947
52948
52956
52958
52961
52967
52969
52976
52981
52982
52984
52987
52991
52995
52999
53001
53015
53018
53029
53030
53035
53036
53039
53040
53048
53049
53051
53059
53061
53064
53072
53073
53074
53083
53084
53093
53094
53095
53105
53106
53107
53118
53119
53120
53130
53131
53137
53138
53139
53143
53144
53147
53149
53150
53156
53157
53163
53164
53167
53171
53172
53174
53183
53184
53185
53194
53195
53200
53206
53207
53214
53215
53216
53222
53224
53225
53226
53229
53237
53245
53246
53247
53256
53257
53258
53268
53269
53270
53279
53280
53281
53287
53288
53296
53297
53306
53307
53308
53317
53318
53326
53327
53328
53337
53338
53346
53347
53348
53357
53358
53363
53364
53365
53370
53373
53374
53377
53389
53390
53403
53406
53409
53419
53420
53429
53430
53433
53444
53445
53454
53455
53461
53470
53471
53475
53478
53482
53483
53490
53501
53502
53503
53512
53513
53516
53527
53528
53536
53537
53546
53547
53556
53557
53564
53573
53574
53575
53581
53586
53588
53590
53591
53599
53601
53607
53617
53618
53619
53627
53628
53635
53636
53642
53643
53648
53649
53654
53657
53662
53684
53685
53692
53693
53697
53701
53705
53706
53707
53712
53719
53728
53729
53730
53739
53740
53741
53744
53745
53747
53748
53755
53756
53764
53765
53768
53775
53776
53784
53785
53792
53795
53805
53811
53813
53819
53820
53825
53826
53831
53835
53837
53843
53847
53849
53850
53851
53856
53857
53864
53865
53866
53869
53870
53876
53877
53884
53885
53886
53892
53898
53901
53902
53908
53914
53922
53923
53932
53942
53943
53948
53949
53956
53957
53964
53965
53981
53982
53983
53990
53991
53992
54004
54005
54006
54014
54026
54028
54034
54035
54037
54038
54044
54051
54060
54061
54062
54070
54071
54072
54078
54084
54085
54092
54100
54106
54114
54115
54123
54124
54133
54134
54137
54139
54140
54149
54150
54153
54157
54163
54169
54176
54177
54192
54193
54198
54204
54212
54218
54219
54223
54224
54225
54226
54229
54236
54238
54244
54256
54257
54264
54265
54270
54273
54280
54284
54287
54296
54297
54298
54299
54304
54308
54310
54314
54321
54322
54328
54329
54334
54345
54347
54348
54352
54354
54359
54361
54366
54368
54373
54376
54382
54383
54384
54399
54400
54408
54409
54415
54416
54422
54423
54429
54430
54431
54434
54435
54440
54442
54443
54453
54454
54461
54465
54470
54471
54472
54478
54479
54486
54487
54493
54494
54496
54497
54498
54499
54506
54507
54508
54515
54516
54524
54525
54532
54539
54540
54548
54549
54553
54568
54571
54579
54580
54586
54591
54603
54606
54614
54621
54622
54623
54625
54628
54635
54643
54644
54653
54658
54665
54673
54674
54681
54687
54691
54692
54695
54697
54700
54704
54707
54710
54714
54718
54719
54723
54724
54728
54729
54734
54740
54746
54756
54757
54758
54767
54768
54773
54779
54786
54789
54795
54800
54801
54809
54820
54824
54830
54843
54844
54850
54854
54860
54865
54871
54872
54877
54881
54885
