15567
15568
15569
15570
15571
15572
15573
15575
15577
15578
15580
15581
15582
15583
15584
15585
15586
15587
15589
15590
15591
15592
15593
15594
15595
15596
15597
15598
15599
15600
15602
15603
15604
15605
15607
15608
15609
15610
15611
15612
15613
15614
15615
15616
15617
15618
15619
15620
15621
15622
15623
15624
15625
15626
15627
15628
15629
15630
15631
15632
15633
15635
15636
15637
15638
15639
15640
15641
15642
15643
15644
15645
15646
15647
15648
15649
15650
15651
15653
15654
15656
15657
15658
15659
15660
15662
15664
15665
15666
15667
15668
15669
15670
15671
15672
15673
15675
15676
15677
15678
15679
15684
15687
15692
15693
15695
15696
15697
15698
15699
15700
15701
15702
15703
15704
15705
15707
15708
15709
15712
15714
15715
15716
15717
15718
15721
15722
15723
15724
15725
15726
15727
15728
15729
15730
15731
15733
15734
15737
15739
15742
15743
15745
15746
15747
15749
15750
15753
15754
15755
15756
15757
15758
15760
15761
15762
15765
15766
15770
15771
15772
15774
15775
15776
15777
15779
15780
15781
15782
15783
15784
15785
15786
15787
15788
15789
15791
15792
15793
15794
15795
15796
15797
15798
15799
15800
15803
15809
15810
15812
15813
15814
15815
15816
15817
15819
15820
15821
15822
15823
15824
15825
15826
15827
15828
15829
15830
15831
15832
15833
15834
15835
15836
15837
15838
15839
15840
15841
15842
15843
15845
15846
15847
15848
15849
15850
15851
15852
15853
15854
15855
15856
15857
15858
15859
15860
15861
15862
15863
15864
15865
15866
15867
15868
15869
15870
15871
15872
15873
15874
15875
15876
15877
15878
15879
15880
15882
15883
15884
15885
15887
15888
15889
15890
15891
15893
15895
15898
15899
15900
15901
15903
15907
15908
15909
15910
15912
15913
15914
15915
15916
15918
15919
15920
15921
15922
15923
15925
15926
15927
15928
15929
15930
15931
15932
15933
15935
15936
15937
15938
15939
15940
15941
15942
15943
15944
15945
15946
15947
15948
15949
15950
15951
15952
15953
15954
15955
15956
15958
15959
15960
15961
15962
15963
15964
15965
15968
15970
15971
15972
15974
15975
15977
15979
15980
15981
15984
15985
15986
15987
15988
15989
15990
15991
15992
15993
15994
15995
15996
15997
15998
15999
16000
16001
16002
16003
16004
16005
16006
16007
16008
16009
16010
16011
16012
16013
16014
16015
16016
16017
16018
16019
16020
16021
16022
16023
16025
16026
16027
16028
16029
16030
16031
16032
16033
16034
16035
16036
16038
16039
16041
16042
16045
16046
16047
16049
16050
16051
16052
16053
16054
16055
16056
16057
16058
16059
16060
16061
16062
16063
16064
16065
16066
16067
16068
16069
16070
16071
16073
16074
16075
16076
16078
16079
16080
16081
16082
16083
16084
16085
16086
16087
16088
16089
16090
16091
16092
16093
16094
16095
16096
16097
16098
16099
16100
16101
16102
16103
16104
16105
16107
16108
16109
16110
16111
16112
16113
16114
16115
16116
16117
16120
16121
16122
16123
16124
16126
16128
16129
16130
16132
16133
16134
16136
16137
16139
16140
16144
16145
16149
16151
16152
16158
16161
16162
16163
16164
16167
16170
16171
16172
16173
16174
16175
16176
16177
16178
16179
16180
16181
16182
16183
16184
16185
16186
16187
16188
16189
16190
16191
16192
16193
16194
16195
16196
16197
16198
16199
16200
16201
16202
16203
16204
16205
16206
16207
16208
16209
16210
16211
16212
16213
16214
16215
16216
16217
16218
16219
16220
16221
16223
16224
16225
16226
16227
16228
16229
16230
16231
16232
16233
16234
16235
16236
16238
16239
16241
16242
16243
16244
16245
16246
16247
16248
16249
16250
16251
16252
16253
16254
16255
16256
16257
16258
16259
16260
16261
16262
16263
16264
16265
16266
16267
16268
16269
16270
16271
16272
16273
16274
16275
16276
16277
16278
16279
16280
16281
16282
16283
16284
16285
16286
16287
16288
16289
16290
16291
16292
16293
16294
16295
16296
16297
16298
16299
16300
16301
16302
16304
16305
16306
16307
16308
16309
16310
16311
16312
16313
16314
16315
16316
16317
16318
16319
16320
16321
16322
16323
16324
16325
16326
16327
16328
16329
16330
16331
16333
16335
16337
16340
16341
16345
16347
16349
16352
16353
16354
16356
16358
16359
16360
16361
16363
16365
16370
16371
16372
16375
16376
16377
16378
16379
16382
16383
16384
16385
16387
16388
16389
16391
16392
16393
16396
16397
16400
16401
16402
16403
16405
16408
16409
16410
16411
16412
16414
16415
16416
16417
16418
16420
16421
16422
16423
16424
16425
16426
16427
16428
16429
16430
16431
16432
16433
16434
16435
16436
16437
16438
16439
16440
16441
16442
16443
16444
16445
16446
16447
16448
16449
16450
16452
16453
16454
16455
16456
16457
16458
16459
16460
16461
16462
16463
16464
16465
16466
16467
16468
16469
16470
16471
16472
16473
16474
16475
16476
16477
16478
16479
16480
16481
16482
16485
16487
16488
16489
16490
16491
16492
16494
16495
16496
16497
16498
16500
16501
16502
16503
16506
16508
16509
16511
16512
16514
16515
16519
16522
16523
16524
16525
16526
16527
16528
16529
16530
16531
16532
16533
16534
16535
16536
16537
16538
16539
16542
16543
16544
16545
16546
16547
16548
16550
16551
16552
16553
16554
16555
16556
16557
16558
16559
16560
16561
16563
16564
16565
16566
16567
16568
16569
16570
16571
16572
16573
16574
16575
16576
16577
16578
16579
16580
16581
16582
16583
16584
16585
16586
16587
16588
16589
16590
16591
16592
16595
16596
16597
16598
16599
16601
16602
16603
16604
16605
16606
16607
16608
16609
16610
16611
16612
16613
16614
16615
16618
16619
16620
16621
16622
16624
16625
16626
16629
16630
16631
16632
16633
16634
16635
16638
16640
16642
16644
16645
16646
16647
16648
16650
16651
16653
16654
16656
16657
16658
16659
16660
16661
16662
16664
16665
16667
16668
16669
16670
16671
16676
16677
16679
16682
16685
16686
16687
16688
16689
16691
16692
16695
16696
16697
16698
16701
16702
16703
16706
16707
16708
16709
16710
16711
16713
16714
16715
16717
16718
16719
16720
16722
16723
16724
16725
16726
16729
16732
16733
16735
16737
16738
16743
16744
16745
16746
16747
16750
16754
16756
16760
16769
16770
16772
16773
16777
16778
16780
16782
16783
16786
16789
16790
16791
16792
16793
16794
16795
16796
16797
16798
16799
16801
16802
16803
16805
16806
16807
16808
16809
16810
16811
16812
16813
16814
16815
16816
16818
16819
16821
16825
16826
16827
16828
16829
16831
16832
16836
16838
16840
16841
16842
16843
16844
16845
16847
16848
16849
16850
16852
16853
16854
16855
16856
16857
16858
16859
16862
16863
16864
16865
16866
16867
16868
16869
16871
16872
16873
16874
16875
16876
16877
16878
16880
16881
16883
16885
16886
16887
16888
16890
16891
16892
16894
16895
16896
16897
16898
16900
16902
16903
16905
16909
16911
16913
16915
16919
16920
16922
16923
16925
16927
16928
16929
16930
16931
16932
16933
16934
16935
16936
16937
16939
16941
16942
16944
16946
16948
16949
16950
16951
16952
16953
16954
16955
16956
16957
16958
16960
16961
16962
16963
16964
16967
16968
16971
16972
16974
16976
16979
16981
16982
16983
16984
16985
16993
16994
16995
16996
16997
16998
16999
17000
17001
17002
17003
17004
17005
17006
17007
17008
17009
17010
17011
17012
17013
17014
17015
17016
17017
17018
17019
17020
17021
17022
17023
17024
17025
17026
17027
17028
17029
17030
17031
17032
17033
17034
17036
17037
17039
17040
17041
17044
17045
17046
17048
17049
17050
17051
17052
17053
17054
17056
17057
17058
17059
17060
17062
17063
17064
17065
17066
17068
17069
17070
17073
17074
17075
17076
17077
17078
17079
17080
17081
17082
17083
17084
17085
17086
17087
17088
17089
17090
17091
17092
17093
17094
17095
17096
17098
17100
17101
17102
17105
17106
17108
17109
17110
17112
17114
17115
17116
17117
17118
17121
17122
17124
17127
17128
17129
17133
17135
17138
17142
17144
17146
17147
17149
17152
17154
17155
17157
17159
17160
17161
17162
17164
17166
17167
17168
17169
17171
17172
17173
17174
17176
17177
17179
17180
17181
17182
17183
17185
17186
17187
17188
17189
17190
17191
17193
17195
17196
17197
17198
17199
17200
17201
17202
17203
17204
17205
17206
17207
17208
17209
17210
17211
17212
17214
17215
17216
17217
17219
17220
17221
17222
17223
17224
17225
17226
17227
17228
17230
17233
17234
17235
17237
17238
17239
17240
17241
17242
17244
17245
17247
17249
17251
17255
17256
17257
17258
17259
17260
17261
17262
17263
17264
17265
17266
17269
17270
17271
17272
17273
17274
17276
17277
17278
17279
17282
17283
17284
17287
17288
17289
17290
17291
17293
17301
17303
17305
17311
17312
17314
17315
17316
17317
17318
17319
17320
17321
17322
17323
17325
17326
17327
17328
17330
17331
17332
17333
17334
17335
17336
17337
17338
17339
17342
17343
17345
17347
17355
17358
17359
17360
17361
17362
17363
17364
17365
17366
17367
17368
17369
17371
17373
17376
17378
17379
17383
17387
17394
17395
17396
17397
17399
17401
17403
17405
17406
17407
17408
17409
17410
17411
17413
17414
17416
17418
17420
17421
17422
17423
17425
17427
17429
17430
17434
17436
17437
17438
17439
17440
17441
17442
17443
17444
17445
17446
17447
17448
17449
17450
17451
17452
17453
17454
17455
17456
17457
17458
17459
17461
17462
17463
17464
17465
17466
17467
17469
17470
17471
17473
17474
17475
17477
17478
17479
17480
17481
17483
17484
17485
17486
17489
17490
17492
17494
17495
17496
17497
17499
17500
17502
17503
17504
17505
17506
17507
17508
17510
17511
17512
17513
17514
17515
17516
17517
17518
17519
17520
17521
17522
17524
17525
17527
17529
17530
17532
17533
17534
17537
17538
17539
17540
17542
17544
17545
17546
17547
17548
17549
17550
17551
17552
17553
17554
17555
17556
17557
17558
17559
17560
17562
17563
17564
17565
17566
17567
17568
17569
17570
17571
17572
17573
17574
17575
17576
17577
17578
17579
17580
17581
17582
17583
17584
17587
17588
17589
17590
17592
17593
17594
17595
17596
17599
17600
17601
17602
17605
17606
17609
17610
17611
17615
17616
17617
17618
17619
17620
17621
17622
17623
17624
17625
17626
17627
17628
17629
17630
17631
17633
17634
17635
17636
17637
17639
17640
17641
17642
17643
17644
17645
17647
17648
17649
17650
17651
17652
17653
17654
17657
17658
17659
17660
17661
17664
17665
17666
17667
17668
17671
17672
17673
17674
17678
17680
17688
17689
17690
17691
17692
17693
17694
17695
17696
17697
17698
17699
17700
17701
17702
17703
17704
17705
17706
17707
17708
17709
17710
17711
17712
17713
17714
17715
17716
17718
17719
17720
17721
17722
17723
17724
17725
17726
17727
17728
17729
17730
17731
17733
17735
17736
17738
17739
17741
17743
17744
17745
17746
17748
17751
17752
17753
17754
17755
17756
17757
17758
17760
17761
17762
17763
17764
17765
17766
17767
17768
17769
17770
17771
17772
17773
17774
17775
17776
17777
17778
17779
17780
17782
17783
17784
17785
17786
17787
17788
17789
17790
17791
17792
17793
17794
17795
17796
17797
17798
17799
17800
17802
17804
17808
17809
17811
17812
17814
17815
17816
17817
17818
17820
17821
17822
17823
17824
17825
17826
17827
17828
17829
17830
17831
17833
17835
17836
17837
17839
17843
17844
17845
17846
17847
17848
17849
17851
17852
17854
17855
17856
17858
17861
17863
17864
17865
17867
17868
17870
17872
17874
17875
17876
17877
17880
17882
17883
17885
17886
17887
17889
17890
17891
17894
17896
17900
17901
17902
17904
17905
17906
17907
17908
17909
17910
17911
17912
17913
17915
17917
17918
17919
17920
17921
17922
17923
17924
17925
17926
17927
17928
17929
17931
17932
17933
17934
17935
17936
17937
17938
17939
17940
17941
17942
17943
17944
17945
17946
17947
17948
17949
17950
17951
17952
17953
17954
17955
17956
17957
17958
17959
17961
17962
17963
17965
17969
17972
17973
17974
17976
17978
17981
17982
17984
17985
17986
17988
17989
17990
17991
17992
17993
17994
17995
17996
17997
17998
17999
18000
18002
18003
18005
18007
18008
18009
18010
18014
18015
18018
18019
18020
18021
18022
18023
18025
18026
18027
18028
18029
18030
18032
18033
18034
18035
18038
18039
18040
18042
18044
18045
18046
18047
18048
18050
18051
18053
18054
18055
18056
18057
18060
18061
18064
18066
18069
18070
18074
18076
18081
18084
18087
18089
18091
18092
18094
18099
18103
18107
18110
18111
18113
18115
18116
18117
18120
18121
18125
18126
18127
18129
18132
18134
18135
18136
18137
18138
18139
18140
18141
18142
18143
18144
18145
18146
18147
18148
18151
18152
18153
18154
18156
18157
18158
18159
18171
18172
18173
18174
18177
18178
18179
18180
18181
18185
18187
18188
18189
18199
18200
18202
18204
18207
18208
18211
18212
18213
18214
18216
18219
18222
18226
18228
18232
18234
18236
18238
18239
18240
18246
18248
18250
18251
18254
18259
18260
18270
18273
18275
18278
18279
18280
18281
18282
18283
18284
18286
18287
18288
18289
18290
18291
18292
18293
18295
18296
18297
18298
18300
18301
18302
18303
18304
18305
18306
18307
18310
18312
18313
18314
18315
18317
18318
18319
18321
18322
18323
18324
18326
18327
18328
18329
18331
18333
18334
18335
18336
18337
18338
18339
18341
18346
18347
18349
18350
18352
18353
18355
18356
18357
18358
18359
18360
18361
18363
18365
18366
18367
18373
18374
18376
18377
18382
18383
18384
18385
18387
18388
18392
18397
18399
18400
18401
18403
18404
18406
18407
18408
18413
18415
18416
18418
18419
18422
18423
18425
18426
18428
18429
18430
18431
18433
18435
18437
18438
18440
18442
18443
18445
18451
18452
18453
18454
18456
18457
18458
18459
18460
18465
18467
18469
18470
18471
18473
18474
18477
18478
18481
18482
18484
18486
18487
18490
18494
18495
18496
18499
18502
18504
18505
18508
18509
18511
18514
18516
18517
18519
18520
18521
18524
18525
18526
18527
18528
18530
18533
18534
18538
18539
18542
18543
18548
18549
18552
18557
18560
18561
18563
18564
18566
18571
18574
18575
18576
18578
18579
18580
18581
18582
18585
18586
18587
18588
18590
18591
18592
18593
18594
18596
18597
18598
18599
18600
18604
18605
18607
18608
18612
18616
18619
18621
18623
18628
18629
18631
18633
18634
18635
18637
18638
18640
18641
18643
18644
18645
18646
18647
18648
18649
18650
18652
18653
18654
18655
18656
18657
18658
18659
18660
18661
18663
18666
18667
18668
18669
18670
18672
18673
18676
18677
18681
18683
18686
18687
18688
18689
18691
18695
18696
18697
18700
18701
18702
18703
18704
18705
18707
18708
18709
18710
18711
18712
18713
18714
18715
18716
18717
18718
18719
18720
18721
18722
18723
18725
18726
18727
18728
18729
18730
18731
18732
18733
18734
18736
18738
18739
18740
18741
18742
18743
18744
18745
18746
18747
18748
18749
18750
18752
18754
18755
18756
18757
18758
18760
18761
18762
18763
18764
18765
18766
18767
18768
18769
18772
18774
18779
18781
18785
18789
18793
18796
18799
18800
18801
18804
18805
18806
18807
18808
18809
18811
18812
18813
18815
18816
18817
18819
18821
18822
18825
18826
18828
18829
18830
18831
18832
18833
18834
18835
18836
18839
18843
18845
18846
18850
18853
18854
18855
18856
18857
18859
18860
18861
18863
18864
18867
18869
18870
18871
18872
18873
18874
18875
18876
18878
18879
18880
18881
18883
18884
18885
18886
18887
18888
18889
18890
18891
18892
18893
18894
18895
18897
18898
18900
18903
18904
18905
18906
18907
18908
18909
18910
18911
18913
18914
18915
18922
18923
18930
18932
18933
18935
18936
18938
18939
18940
18941
18942
18943
18944
18945
18946
18947
18948
18949
18950
18951
18952
18953
18954
18955
18956
18957
18958
18959
18960
18961
18962
18963
18964
18965
18966
18968
18973
18976
18977
18978
18982
18985
18987
18988
18989
18990
18991
19000
19010
19018
19028
19029
19031
19032
19033
19034
19035
19039
19040
19042
19043
19044
19045
19047
19049
19050
19051
19052
19056
19057
19058
19059
19060
19061
19062
19063
19066
19068
19070
19074
19075
19076
19078
19079
19080
19081
19082
19083
19084
19085
19086
19087
19088
19089
19090
19091
19092
19093
19094
19095
19096
19097
19098
19099
19100
19101
19102
19103
19106
19107
19112
19114
19117
19120
19122
19123
19124
19125
19127
19128
19129
19130
19134
19135
19136
19137
19139
19140
19143
19149
19150
19153
19154
19155
19156
19157
19159
19160
19161
19162
19163
19164
19165
19167
19168
19170
19171
19172
19173
19175
19176
19177
19178
19179
19180
19181
19182
19183
19184
19186
19187
19189
19190
19194
19197
19198
19203
19207
19208
19210
19212
19213
19216
19221
19222
19223
19224
19225
19228
19229
19232
19234
19235
19237
19241
19242
19246
19254
19262
19265
19268
19271
19274
19278
19279
19282
19283
19285
19287
19288
19289
19290
19291
19292
19293
19294
19295
19296
19297
19298
19299
19300
19301
19302
19303
19304
19305
19310
19311
19313
19316
19320
19324
19325
19326
19327
19328
19329
19332
19333
19334
19336
19338
19339
19342
19343
19344
19345
19346
19349
19350
19351
19354
19355
19356
19357
19358
19363
19364
19365
19366
19369
19370
19372
19373
19375
19376
19377
19379
19380
19381
19383
19385
19386
19387
19388
19390
19392
19393
19394
19395
19396
19397
19399
19400
19401
19403
19404
19407
19409
19411
19415
19417
19419
19424
19426
19427
19430
19434
19439
19441
19442
19443
19444
19445
19448
19449
19450
19451
19454
19456
19457
19458
19459
19461
19466
19467
19468
19469
19471
19475
19476
19477
19478
19481
19483
19485
19486
19487
19488
19489
19490
19491
19492
19493
19494
19495
19496
19497
19498
19499
19501
19502
19503
19504
19505
19508
19509
19510
19511
19513
19514
19519
19520
19521
19522
19524
19525
19526
19532
19533
19535
19538
19540
19541
19542
19543
19544
19547
19549
19550
19551
19552
19553
19554
19555
19556
19557
19559
19560
19561
19562
19563
19564
19565
19566
19567
19569
19570
19571
19572
19573
19574
19575
19576
19577
19578
19579
19580
19581
19582
19583
19584
19585
19586
19589
19600
19605
19606
19607
19610
19614
19618
19620
19623
19625
19626
19628
19629
19630
19635
19638
19639
19640
19641
19642
19643
19644
19645
19646
19648
19649
19651
19652
19653
19655
19656
19657
19658
19659
19661
19662
19666
19667
19668
19669
19670
19672
19673
19674
19675
19676
19677
19678
19679
19680
19682
19683
19684
19685
19686
19687
19688
19689
19690
19691
19696
19700
19702
19706
19707
19710
19711
19712
19713
19715
19717
19721
19728
19729
19731
19732
19733
19734
19737
19739
19741
19743
19745
19749
19750
19751
19752
19753
19754
19756
19757
19758
19760
19762
19765
19766
19775
19778
19780
28623
28624
28625
28626
28627
28629
28631
28632
28633
28634
28636
28637
28638
28639
28640
28641
28642
28643
28644
28646
28647
28648
28649
28650
28651
28652
28653
28654
28655
28656
28657
28658
28659
28660
28661
28662
28663
28664
28667
28669
28670
28671
28673
28674
28675
28676
28677
28678
28679
28680
28682
28683
28684
28685
28686
28687
28688
28689
28691
28693
28694
28695
28698
28699
28700
28701
28705
28706
28708
28710
28711
28712
28713
28714
28715
28716
28717
28718
28719
28720
28721
28724
28725
28726
28727
28728
28732
28733
28735
28736
28737
28738
28739
28740
28741
28742
28743
28745
28750
28751
28752
28753
28754
28756
28758
28759
28760
28761
28762
28763
28764
28765
28766
28767
28768
28769
28771
28772
28773
28774
28776
28778
28779
28781
28782
28783
28784
28786
28787
28788
28789
28790
28791
28793
28795
28797
28798
28799
28801
28802
28803
28804
28805
28807
28808
28809
28810
28812
28813
28814
28815
28817
28818
28819
28820
28821
28822
28823
28824
28825
28826
28827
28828
28829
28830
28831
28832
28833
28834
28835
28836
28837
28838
28839
28840
28841
28842
28843
28844
28846
28847
28848
28849
28850
28851
28852
28853
28854
28855
28857
28858
28859
28860
28861
28862
28863
28864
28867
28868
28870
28871
28872
28873
28875
28876
28877
28878
28880
28881
28882
28883
28884
28885
28886
28888
28889
28890
28891
28892
28893
28894
28895
28896
28897
28898
28899
28900
28901
28902
28903
28904
28905
28906
28907
28909
28910
28911
28912
28913
28914
28915
28916
28917
28918
28919
28920
28921
28922
28923
28924
28925
28926
28927
28929
28930
28931
28932
28933
28934
28935
28936
28937
28938
28939
28940
28941
28942
28944
28945
28946
28947
28948
28949
28950
28951
28952
28953
28954
28955
28956
28957
28958
28959
28960
28961
28962
28963
28964
28966
28967
28968
28969
28970
28971
28972
28973
28974
28975
28976
28977
28978
28979
28981
28982
28983
28984
28985
28986
28987
28988
28989
28990
28991
28995
28996
28997
28998
28999
29000
29001
29004
29005
29007
29008
29009
29010
29011
29012
29013
29014
29015
29016
29017
29018
29019
29020
29021
29022
29023
29024
29025
29026
29027
29028
29029
29030
29031
29033
29034
29035
29036
29037
29039
29040
29041
29042
29043
29044
29045
29046
29047
29048
29049
29050
29051
29052
29053
29054
29055
29056
29057
29058
29059
29060
29061
29062
29064
29065
29066
29067
29069
29071
29072
29073
29074
29077
29078
29079
29082
29084
29086
29088
29089
29090
29091
29092
29093
29094
29095
29100
29102
29104
29109
29111
29112
29113
29114
29115
29116
29117
29118
29119
29121
29122
29123
29124
29125
29126
29127
29128
29129
29130
29131
29132
29133
29134
29135
29136
29137
29138
29139
29140
29141
29142
29143
29144
29145
29146
29147
29148
29149
29150
29151
29152
29153
29154
29155
29156
29158
29159
29160
29161
29162
29163
29164
29166
29167
29168
29169
29170
29171
29172
29173
29174
29175
29176
29177
29178
29179
29180
29181
29182
29183
29184
29185
29186
29187
29188
29189
29190
29191
29192
29193
29194
29195
29196
29197
29198
29199
29200
29201
29202
29203
29204
29205
29206
29207
29208
29209
29210
29211
29213
29214
29215
29216
29217
29218
29220
29221
29222
29223
29224
29226
29227
29228
29230
29231
29232
29233
29234
29235
29236
29237
29238
29239
29240
29241
29242
29243
29244
29245
29246
29247
29248
29249
29250
29252
29253
29254
29255
29256
29257
29258
29260
29261
29262
29263
29264
29265
29266
29267
29268
29269
29270
29277
29278
29279
29280
29281
29282
29283
29284
29285
29288
29289
29290
29292
29293
29294
29297
29300
29301
29302
29303
29305
29306
29308
29310
29312
29313
29314
29315
29316
29320
29321
29323
29325
29326
29327
29328
29329
29330
29331
29332
29333
29334
29335
29336
29338
29339
29340
29342
29343
29344
29346
29347
29348
29349
29350
29352
29353
29354
29355
29356
29357
29358
29359
29361
29362
29363
29364
29365
29366
29367
29368
29369
29370
29371
29372
29373
29374
29375
29376
29377
29378
29379
29380
29381
29382
29383
29384
29385
29386
29388
29389
29390
29392
29393
29394
29395
29396
29397
29398
29400
29401
29402
29404
29405
29406
29407
29409
29410
29411
29412
29413
29414
29415
29416
29417
29418
29419
29420
29422
29425
29426
29428
29429
29430
29431
29432
29433
29434
29435
29436
29437
29439
29440
29441
29444
29445
29447
29448
29452
29454
29455
29456
29457
29458
29459
29460
29461
29462
29463
29464
29465
29466
29467
29468
29469
29470
29471
29472
29473
29474
29475
29476
29477
29478
29479
29480
29481
29483
29484
29485
29486
29487
29488
29489
29490
29491
29492
29493
29494
29497
29500
29501
29502
29503
29505
29506
29507
29509
29510
29511
29513
29514
29517
29518
29521
29525
29526
29527
29528
29529
29530
29531
29532
29533
29534
29535
29536
29540
29541
29543
29544
29545
29546
29548
29549
29550
29552
29553
29554
29557
29558
29560
29563
29564
29566
29567
29568
29569
29570
29571
29573
29574
29576
29577
29578
29582
29583
29584
29585
29590
29592
29594
29598
29599
29602
29603
29604
29605
29607
29610
29611
29612
29613
29614
29615
29616
29617
29618
29619
29620
29621
29623
29624
29625
29626
29628
29629
29631
29632
29633
29634
29635
29636
29637
29638
29639
29641
29642
29644
29645
29648
29650
29651
29652
29653
29655
29656
29657
29659
29660
29661
29662
29663
29664
29665
29666
29667
29670
29671
29672
29674
29676
29677
29678
29680
29685
29688
29690
29691
29692
29694
29695
29696
29698
29699
29700
29701
29702
29703
29704
29707
29708
29709
29711
29713
29714
29718
29719
29720
29721
29723
29724
29725
29726
29727
29728
29729
29730
29731
29733
29734
29736
29737
29738
29739
29740
29741
29742
29743
29744
29745
29747
29748
29749
29750
29751
29752
29753
29754
29755
29756
29757
29759
29760
29761
29762
29763
29764
29765
29766
29767
29768
29770
29771
29772
29773
29774
29775
29776
29778
29780
29781
29782
29783
29784
29786
29787
29788
29789
29791
29794
29797
29799
29800
29802
29803
29804
29807
29810
29811
29816
29818
29819
29820
29821
29825
29827
29829
29830
29834
29835
29836
29838
29839
29840
29842
29843
29844
29845
29846
29850
29851
29853
29854
29855
29857
29858
29861
29863
29864
29866
29867
29868
29869
29870
29871
29872
29874
29876
29877
29878
29879
29880
29881
29882
29883
29885
29888
29889
29890
29891
29892
29893
29894
29895
29896
29897
29898
29899
29901
29905
29906
29916
29917
29919
29921
29924
29925
29930
29935
29938
29939
29944
29945
29946
29947
29948
29952
29956
29960
29961
29963
29964
29966
29967
29968
29969
29970
29971
29973
29974
29975
29976
29977
29978
29979
29980
29981
29982
29983
29984
29985
29986
29987
29988
29989
29993
29994
29996
29997
29998
29999
30000
30002
30003
30004
30006
30007
30008
30009
30010
30011
30012
30013
30014
30015
30016
30017
30018
30020
30021
30023
30024
30025
30026
30027
30029
30031
30032
30033
30035
30036
30037
30038
30039
30040
30042
30044
30045
30046
30048
30050
30051
30052
30053
30054
30056
30057
30059
30060
30062
30063
30064
30065
30066
30068
30069
30070
30071
30072
30073
30075
30076
30077
30078
30080
30081
30082
30083
30084
30085
30086
30087
30089
30090
30091
30093
30096
30097
30098
30100
30101
30102
30103
30104
30106
30107
30108
30109
30110
30112
30113
30114
30115
30118
30119
30120
30121
30122
30123
30124
30125
30128
30131
30134
30135
30136
30137
30140
30141
30142
30143
30146
30147
30148
30149
30150
30153
30154
30155
30156
30157
30159
30160
30161
30163
30164
30165
30167
30171
30172
30173
30176
30178
30180
30182
30184
30188
30189
30193
30199
30201
30204
30205
30206
30207
30208
30209
30210
30211
30212
30213
30214
30215
30216
30217
30218
30219
30220
30221
30222
30223
30224
30225
30226
30227
30228
30229
30230
30231
30232
30234
30235
30236
30237
30238
30239
30240
30242
30243
30244
30245
30247
30248
30249
30250
30251
30252
30253
30254
30255
30256
30257
30258
30259
30261
30262
30263
30264
30266
30267
30268
30270
30271
30272
30273
30274
30275
30276
30277
30278
30279
30280
30281
30283
30284
30285
30286
30287
30288
30289
30290
30291
30292
30293
30294
30295
30296
30297
30298
30299
30300
30301
30302
30303
30304
30305
30307
30308
30310
30311
30312
30315
30316
30317
30318
30319
30320
30321
30322
30324
30325
30326
30327
30329
30330
30331
30336
30338
30339
30340
30341
30342
30343
30347
30348
30350
30352
30354
30357
30358
30359
30360
30361
30362
30363
30367
30368
30369
30376
30377
30378
30379
30380
30382
30383
30385
30386
30388
30389
30390
30391
30394
30395
30396
30397
30398
30400
30401
30402
30403
30405
30406
30407
30408
30410
30411
30412
30413
30414
30415
30416
30417
30418
30419
30420
30421
30422
30423
30424
30425
30426
30431
30432
30433
30434
30435
30436
30437
30438
30439
30440
30441
30442
30443
30444
30445
30446
30447
30448
30449
30450
30451
30452
30453
30455
30456
30458
30459
30460
30462
30466
30469
30470
30471
30472
30473
30474
30477
30478
30481
30482
30484
30485
30489
30491
30493
30494
30495
30496
30497
30498
30499
30500
30501
30503
30505
30506
30509
30512
30514
30516
30518
30521
30523
30524
30526
30527
30528
30529
30533
30534
30535
30536
30537
30539
30540
30545
30547
30549
30550
30552
30555
30556
30557
30559
30561
30575
30576
30580
30581
30582
30584
30585
30587
30590
30593
30600
30601
30603
30607
30608
30611
30613
30614
30615
30616
30617
30618
30620
30621
30622
30623
30624
30629
30630
30638
30643
30651
30654
30655
30657
30658
30662
30663
30664
30665
30666
30669
30671
30674
30678
30680
30681
30682
30687
30690
30691
30693
30694
30695
30696
30697
30698
30699
30702
30703
30705
30717
30719
30720
30721
30725
30733
30734
30735
30737
30738
30739
30741
30742
30743
30746
30748
30757
30759
30767
30772
30774
30778
30779
30781
30783
30786
30791
30792
30793
30794
30796
30798
30799
30801
30802
30803
30804
30805
30806
30808
30809
30810
30811
30812
30813
30814
30816
30817
30818
30819
30821
30822
30823
30824
30826
30827
30828
30829
30831
30832
30833
30834
30835
30836
30837
30839
30840
30843
30844
30845
30846
30847
30848
30849
30850
30851
30852
30853
30854
30857
30859
30861
30865
30869
30870
30872
30874
30879
30880
30881
30883
30888
30889
30890
30891
30893
30895
30898
30901
30905
30908
30909
30912
30913
30915
30916
30918
30920
30921
30923
30927
30928
30930
30941
30942
30946
30951
30952
30957
30958
30959
30960
30961
30963
30964
30965
30966
30967
30977
30978
30979
30983
30984
30985
30987
30988
30989
30990
30992
30993
30994
30996
30998
30999
31000
31001
31002
31003
31004
31005
31006
31008
31010
31011
31012
31015
31017
31018
31019
31020
31021
31022
31023
31030
31031
31033
31035
31040
31044
31046
31048
31050
31053
31057
31059
31061
31062
31065
31067
31073
31075
31076
31077
31079
31080
31081
31082
31083
31084
31085
31086
31087
31088
31090
31091
31093
31094
31095
31097
31100
31101
31105
31106
31107
31110
31111
31112
31113
31115
31116
31117
31118
31119
31121
31124
31126
31127
31128
31129
31130
31131
31132
31133
31134
31136
31137
31138
31139
31140
31141
31143
31144
31145
31146
31149
31151
31152
31153
31155
31160
31164
31166
31168
31177
31180
31182
31183
31184
31185
31186
31190
31197
31199
31202
31203
31205
31206
31207
31208
31209
31210
31211
31212
31213
31214
31215
31217
31218
31222
31223
31224
31225
31226
31228
31231
31236
31244
31249
31251
31263
31264
31265
31266
31270
31271
31272
31273
31275
31278
31280
31281
31282
31290
31293
31296
31298
31300
31302
31303
31304
31306
31307
31309
31310
31311
31318
31320
31322
31324
31325
31326
31328
31331
43703
43704
43705
43706
43707
43708
43709
43710
43711
43712
43713
43714
43715
43716
43717
43718
43719
43720
43721
43722
43723
43724
43725
43726
43727
43728
43729
43730
43731
43732
43733
43734
43735
43736
43737
43739
43740
43741
43743
43745
43747
43748
43751
43752
43754
43756
43757
43758
43760
43764
43766
43767
43769
43770
43771
43775
43777
43779
43781
43786
43787
43788
43789
43790
43791
43792
43794
43795
43798
43799
43800
43801
43802
43803
43804
43805
43806
43808
43809
43811
43812
43813
43814
43815
43816
43817
43818
43819
43820
43821
43822
43825
43826
43827
43828
43830
43832
43833
43836
43838
43840
43842
43844
43845
43846
43848
43849
43850
43851
43853
43855
43858
43859
43861
43862
43863
43864
43865
43866
43867
43868
43869
43870
43871
43872
43873
43874
43875
43876
43877
43878
43879
43881
43882
43883
43885
43886
43887
43888
43889
43890
43893
43895
43897
43898
43899
43900
43901
43902
43903
43904
43905
43906
43907
43908
43909
43910
43911
43913
43914
43915
43916
43918
43920
43921
43922
43923
43924
43925
43926
43927
43928
43929
43930
43931
43932
43933
43937
43938
43939
43940
43941
43942
43944
43945
43946
43949
43950
43951
43952
43953
43954
43956
43958
43960
43961
43963
43964
43965
43966
43967
43968
43969
43971
43972
43973
43974
43976
43977
43979
43980
43981
43982
43983
43984
43985
43986
43987
43988
43989
43990
43991
43992
43993
43994
43996
43997
43999
44001
44003
44004
44007
44010
44012
44013
44015
44020
44021
44022
44023
44024
44025
44026
44028
44030
44032
44033
44034
44036
44037
44038
44041
44043
44045
44046
44052
44053
44054
44055
44057
44058
44059
44060
44061
44062
44063
44064
44065
44067
44068
44069
44070
44072
44073
44074
44075
44076
44077
44078
44079
44080
44081
44082
44083
44084
44085
44086
44087
44088
44089
44090
44091
44092
44093
44094
44095
44096
44097
44098
44099
44100
44102
44103
44104
44105
44106
44107
44108
44109
44110
44111
44112
44114
44115
44116
44117
44118
44119
44120
44121
44123
44124
44128
44131
44132
44133
44134
44135
44136
44137
44138
44139
44140
44141
44142
44144
44145
44146
44147
44148
44149
44151
44152
44153
44154
44155
44156
44158
44159
44160
44161
44162
44164
44165
44168
44170
44171
44172
44174
44175
44176
44179
44180
44181
44182
44183
44184
44185
44187
44188
44189
44190
44191
44192
44193
44195
44196
44197
44198
44199
44200
44201
44202
44203
44205
44206
44207
44209
44210
44211
44213
44214
44215
44216
44217
44218
44222
44223
44224
44225
44226
44227
44228
44229
44240
44242
44243
44244
44246
44247
44248
44250
44253
44254
44255
44257
44259
44260
44261
44262
44263
44264
44265
44266
44267
44269
44270
44271
44272
44273
44274
44275
44276
44277
44279
44281
44282
44283
44284
44285
44286
44287
44288
44289
44290
44291
44295
44296
44297
44298
44299
44300
44301
44308
44311
44312
44313
44314
44315
44316
44317
44318
44319
44320
44321
44322
44323
44324
44325
44326
44327
44328
44329
44330
44331
44332
44333
44334
44337
44338
44339
44340
44342
44343
44344
44345
44346
44347
44348
44349
44350
44351
44352
44353
44354
44355
44356
44357
44358
44359
44360
44361
44363
44364
44371
44372
44373
44374
44377
44379
44382
44383
44385
44386
44388
44389
44390
44391
44393
44394
44395
44396
44397
44398
44399
44400
44402
44403
44404
44405
44406
44407
44408
44410
44411
44414
44415
44416
44422
44423
44424
44425
44426
44428
44429
44430
44431
44432
44433
44434
44435
44438
44440
44443
44445
44447
44449
44450
44452
44453
44454
44455
44458
44459
44460
44462
44465
44466
44468
44474
44475
44477
44481
44484
44485
44486
44489
44491
44492
44494
44497
44498
44501
44502
44503
44506
44508
44509
44511
44513
44515
44516
44517
44520
44521
44522
44523
44524
44525
44526
44528
44530
44531
44532
44533
44534
44535
44537
44538
44540
44541
44547
44548
44549
44550
44552
44553
44554
44555
44556
44557
44559
44560
44561
44562
44563
44564
44565
44566
44567
44568
44570
44571
44572
44574
44576
44577
44578
44579
44580
44581
44582
44584
44585
44586
44587
44588
44590
44591
44592
44593
44594
44595
44596
44597
44599
44600
44601
44602
44603
44605
44606
44609
44613
44615
44617
44618
44619
44620
44621
44622
44623
44624
44625
44626
44627
44628
44629
44630
44631
44633
44634
44636
44637
44638
44639
44640
44641
44642
44643
44644
44645
44646
44647
44648
44650
44651
44652
44653
44654
44657
44658
44659
44661
44662
44663
44664
44665
44666
44667
44669
44671
44672
44673
44674
44675
44676
44680
44681
44683
44686
44687
44692
44695
44696
44697
44700
44704
44705
44706
44707
44708
44709
44710
44711
44713
44714
44716
44720
44722
44724
44725
44726
44727
44728
44731
44732
44734
44735
44736
44737
44738
44739
44740
44742
44744
44745
44746
44747
44748
44749
44750
44751
44752
44753
44754
44755
44756
44757
44758
44766
44767
44769
44773
44775
44776
44777
44778
44779
44780
44781
44782
44783
44785
44786
44787
44788
44789
44792
44793
44794
44796
44797
44798
44800
44801
44802
44803
44804
44805
44806
44807
44808
44810
44811
44812
44813
44814
44816
44817
44818
44819
44820
44822
44823
44825
44826
44829
44830
44831
44833
44837
44838
44841
44845
44847
44849
44850
44851
44855
44856
44858
44860
44861
44863
44871
44872
44873
44874
44875
44876
44878
44879
44880
44882
44883
44884
44885
44887
44888
44889
44890
44891
44893
44894
44895
44897
44898
44899
44905
44907
44909
44912
44913
44918
44919
44922
44923
44924
44925
44926
44927
44928
44929
44931
44932
44933
44934
44936
44937
44938
44939
44941
44944
44945
44948
44949
44950
44955
44956
44958
44959
44961
44962
44963
44964
44966
44967
44968
44969
44970
44971
44972
44973
44974
44975
44976
44977
44985
44986
44987
44988
44989
44990
44992
44993
44994
44995
44996
44998
45000
45001
45002
45004
45007
45012
45014
45015
45017
45018
45019
45020
45021
45025
45026
45027
45033
45039
45042
45043
45044
45045
45047
45050
45052
45054
45056
45057
45063
45065
45066
45071
45072
45074
45075
45076
45077
45079
45080
45081
45083
45084
45085
45086
45087
45089
45093
45094
45095
45096
45097
45098
45099
45100
45101
45102
45103
45104
45105
45106
45109
45110
45111
45112
45113
45114
45115
45116
45117
45119
45120
45121
45122
45123
45124
45125
45128
45130
45131
45133
45135
45136
45138
45140
45141
45144
45146
45147
45148
45149
45150
45151
45152
45153
45154
45155
45156
45157
45158
45159
45160
45161
45162
45163
45164
45165
45167
45168
45169
45170
45172
45174
45182
45184
45185
45187
45189
45192
45193
45194
45195
45196
45197
45198
45199
45201
45205
45206
45208
45209
45210
45212
45214
45219
45221
45223
45224
45228
45230
45231
45233
45234
45236
45237
45238
45239
45240
45241
45242
45244
45245
45247
45248
45249
45250
45251
45252
45254
45257
45258
45260
45261
45262
45263
45264
45265
45266
45269
45270
45271
45272
45274
45275
45276
45277
45278
45279
45280
45281
45282
45283
45284
45285
45286
45289
45290
45291
45293
45294
45295
45296
45297
45298
45299
45300
45302
45303
45304
45305
45306
45307
45308
45309
45311
45312
45314
45315
45316
45317
45318
45321
45322
45328
45329
45331
45332
45333
45336
45342
45343
45345
45346
45347
45350
45352
45355
45356
45358
45359
45365
45366
45367
45368
45373
45376
45380
45384
45389
45393
45395
45399
45401
45404
45408
45411
45417
45418
45419
45421
45422
45423
45424
45425
57325
57326
57327
57328
57329
57330
57331
57332
57333
57334
57336
57337
57338
57339
57340
57341
57342
57343
57344
57345
57346
57347
57348
57349
57350
57351
57352
57353
57354
57355
57356
57357
57358
57359
57360
57361
57362
57363
57364
57365
57366
57367
57368
57369
57370
57371
57372
57373
57374
57375
57376
57377
57378
57379
57380
57381
57383
57384
57385
57387
57388
57392
57393
57395
57396
57397
57398
57399
57400
57401
57402
57403
57404
57405
57407
57409
57411
57412
57413
57416
57417
57418
57419
57420
57421
57423
57424
57425
57426
57427
57428
57429
57430
57431
57432
57433
57434
57435
57436
57437
57440
57441
57442
57444
57445
57446
57447
57449
57450
57452
57453
57454
57455
57456
57457
57459
57460
57461
57462
57463
57464
57465
57466
57467
57468
57469
57470
57471
57472
57473
57474
57475
57476
57477
57480
57481
57482
57483
57484
57485
57486
57488
57489
57490
57491
57494
57495
57497
57498
57499
57502
57503
57506
57507
57508
57510
57512
57513
57514
57515
57516
57517
57518
57522
57525
57527
57528
57533
57534
57535
57538
57540
57541
57542
57544
57545
57550
57552
57555
57557
57558
57560
57561
57562
57563
57564
57565
57566
57567
57568
57569
57570
57571
57572
57573
57574
57575
57576
57577
57578
57579
57580
57581
57582
57583
57584
57585
57586
57587
57588
57589
57590
57591
57592
57593
57594
57595
57596
57597
57598
57599
57600
57601
57602
57603
57604
57605
57607
57608
57609
57610
57611
57612
57613
57614
57615
57617
57618
57620
57621
57622
57623
57624
57625
57626
57627
57628
57629
57631
57632
57634
57635
57636
57637
57638
57639
57640
57641
57642
57643
57644
57645
57646
57647
57648
57649
57650
57651
57653
57654
57655
57657
57658
57659
57660
57661
57662
57663
57664
57665
57666
57667
57668
57669
57671
57673
57674
57675
57676
57677
57678
57679
57680
57681
57682
57683
57685
57686
57687
57688
57689
57691
57695
57696
57697
57698
57699
57701
57702
57703
57707
57709
57710
57712
57713
57714
57715
57716
57717
57718
57719
57721
57722
57723
57724
57727
57729
57730
57731
57732
57734
57736
57737
57738
57739
57741
57744
57745
57746
57748
57750
57752
57757
57758
57760
57761
57762
57765
57766
57770
57774
57776
57777
57781
57782
57783
57784
57785
57786
57787
57788
57790
57791
57792
57793
57794
57795
57796
57797
57798
57799
57800
57801
57802
57803
57804
57805
57806
57807
57808
57810
57811
57812
57814
57815
57816
57817
57818
57820
57821
57822
57823
57824
57826
57827
57828
57829
57830
57831
57832
57833
57834
57835
57836
57837
57839
57840
57841
57842
57844
57845
57846
57847
57848
57849
57850
57851
57854
57855
57856
57857
57858
57859
57860
57861
57862
57863
57865
57866
57867
57869
57872
57873
57874
57875
57876
57878
57880
57881
57883
57885
57888
57890
57892
57895
57896
57897
57899
57901
57904
57906
57908
57911
57912
57913
57914
57915
57916
57917
57918
57920
57921
57922
57923
57925
57926
57927
57928
57929
57930
57931
57932
57933
57936
57937
57938
57940
57941
57942
57943
57944
57945
57947
57948
57949
57950
57951
57952
57953
57954
57955
57956
57957
57958
57959
57960
57961
57962
57963
57964
57965
57966
57967
57968
57969
57970
57971
57972
57973
57974
57975
57976
57977
57978
57980
57981
57983
57984
57985
57986
57988
57990
57991
57992
57993
57996
57997
58005
58009
58012
58013
58014
58017
58018
58020
58021
58022
58024
58025
58026
58029
58034
58038
58041
58042
58043
58044
58046
58048
58053
58055
58056
58057
58060
58061
58063
58064
58067
58069
58070
58071
58072
58074
58075
58080
58081
58082
58083
58084
58086
58087
58088
58091
58092
58093
58094
58095
58096
58097
58098
58102
58104
58106
58107
58110
58111
58113
58114
58115
58116
58117
58118
58119
58120
58126
58127
58128
58130
58133
58134
58135
58136
58137
58139
58140
58142
58143
58147
58150
58153
58154
58156
58158
58159
58160
58166
58169
58171
58174
58175
58176
58177
58178
58179
58181
58184
58186
58188
58190
58191
58194
58196
58197
58200
58201
58203
58204
58205
58206
58207
58209
58212
58214
58215
58216
58217
58218
58219
58220
58223
58224
58227
58229
58231
58234
58245
58246
58250
58251
58252
58257
58258
58262
58263
58265
58266
58268
58269
58270
58271
58272
58273
58274
58275
58276
58280
58281
58282
58288
58289
58290
58291
58292
58293
58294
58300
58301
58303
58304
58305
58307
58308
58309
58311
58312
58313
58317
58323
58324
58331
58334
58335
58336
58337
58341
58347
58349
58350
58351
58352
58354
58355
58359
58364
58365
58367
58368
58369
58370
58372
58374
58375
58377
58379
58380
58385
58386
58387
58388
58389
58390
58391
58393
58396
58397
58398
58399
58400
58401
58402
58403
58404
58405
58406
58407
58409
58410
58411
58412
58413
58417
58419
58420
58421
58422
58423
58424
58425
58426
58427
58428
58429
58430
58431
58432
58433
58435
58438
58445
58450
58453
58457
58458
58460
58462
58463
58464
58465
58466
58468
58470
58471
58472
58474
58476
58477
58478
58479
58481
58482
58483
58485
58486
58488
58491
58493
58494
58495
58496
58497
58498
58499
58501
58502
58503
58504
58505
58506
58507
58508
58509
58510
58511
58512
58514
58516
58517
58518
58521
58531
58533
58534
58548
58552
58556
58557
58558
58559
58560
58562
58563
58564
58567
58568
58569
58571
58572
58573
58574
58575
58576
58577
58578
58579
58580
58581
58582
58583
58584
58585
58586
58587
58589
58590
58591
58592
58593
58594
58595
58598
58599
58602
58603
58605
58607
58608
58611
58612
58613
58614
58615
58616
58617
58618
58619
58620
58621
58622
58623
58624
58626
58627
58628
58629
58630
58631
58632
58633
58634
58635
58637
58638
58639
58641
58642
58643
58644
58645
58646
58647
58648
58649
58650
58651
58653
58654
58655
58657
58659
58661
58665
58666
58671
58678
58679
58686
58688
58691
58692
58693
58694
58695
58696
58697
58699
58700
58703
58704
58705
58707
58708
58709
58710
58712
58713
58715
58716
58729
58735
58736
58737
58738
58739
58740
58741
58742
58743
58745
58746
58748
58751
58752
58753
58754
58755
58756
58757
58758
58759
58760
58761
58762
58763
58764
58765
58766
58767
58770
58771
58772
58773
58774
58775
58776
58777
58778
58779
58780
58781
58784
58787
58788
58789
58790
58791
58795
58798
58800
58803
58806
58807
58810
58812
58813
58816
58817
58819
58820
58821
58822
58823
58825
58826
58827
58828
58832
58833
58834
58836
58838
58840
58841
58842
58843
58844
58845
58846
58848
58850
58851
58852
58853
58854
58855
58856
58858
58860
58861
58863
58864
58865
58867
58869
58870
58871
58872
58874
58875
58876
58879
58880
58884
58885
58887
58889
58890
58893
58897
58899
58900
58901
58903
58904
58912
58914
58915
58917
58918
58921
58924
58930
58932
58935
58936
66634
66635
66636
66637
66638
66639
66640
66641
66643
66644
66645
66646
66647
66648
66649
66650
66651
66652
66653
66654
66655
66656
66657
66659
66660
66661
66662
66663
66665
66666
66667
66668
66669
66672
66673
66674
66675
66677
66678
66679
66682
66683
66684
66688
66689
66690
66691
66693
66696
66697
66698
66700
66701
66705
66706
66707
66708
66709
66710
66712
66713
66714
66715
66717
66720
66722
66725
66727
66729
66731
66732
66733
66735
66736
66737
66738
66739
66740
66741
66742
66743
66744
66745
66746
66747
66748
66749
66750
66751
66754
66755
66756
66757
66758
66759
66760
66763
66764
66765
66766
66767
66769
66771
66772
66774
66775
66777
66778
66779
66780
66787
66788
66789
66791
66792
66793
66794
66795
66796
66797
66798
66799
66800
66801
66803
66804
66805
66806
66807
66808
66809
66810
66811
66812
66813
66814
66815
66816
66817
66818
66819
66820
66821
66822
66824
66825
66826
66827
66828
66829
66830
66832
66835
66836
66837
66838
66839
66840
66841
66842
66843
66844
66845
66846
66847
66848
66849
66850
66851
66852
66853
66854
66855
66856
66857
66862
66864
66865
66866
66868
66869
66870
66871
66872
66873
66874
66875
66876
66877
66878
66879
66881
66882
66883
66888
66890
66891
66896
66899
66903
66904
66905
66906
66908
66909
66910
66911
66912
66913
66914
66915
66916
66917
66919
66920
66921
66923
66925
66926
66928
66930
66931
66932
66933
66935
66936
66937
66939
66942
66943
66944
66945
66946
66949
66950
66952
66953
66954
66957
66958
66959
66961
66963
66966
66967
66968
66969
66971
66972
66973
66975
66976
66977
66978
66979
66980
66982
66984
66987
66989
66990
66992
66993
66994
66995
66996
66998
66999
67000
67001
67002
67003
67004
67005
67006
67007
67008
67009
67010
67011
67012
67013
67014
67015
67016
67017
67018
67020
67021
67022
67023
67024
67025
67026
67027
67028
67029
67030
67031
67032
67033
67034
67035
67036
67037
67038
67039
67040
67042
67043
67044
67046
67048
67049
67050
67051
67052
67053
67054
67055
67057
67058
67060
67062
67065
67066
67069
67071
67073
67074
67075
67076
67077
67079
67080
67082
67084
67085
67086
67087
67089
67090
67091
67094
67095
67096
67100
67101
67102
67103
67104
67105
67108
67109
67111
67114
67115
67118
67120
67121
67122
67124
67127
67128
67129
67131
67132
67136
67137
67138
67139
67140
67142
67144
67145
67146
67148
67151
67154
67155
67156
67157
67159
67160
67163
67164
67166
67167
67168
67169
67170
67171
67174
67176
67178
67180
67181
67182
67183
67184
67185
67188
67190
67191
67193
67194
67195
67196
67197
67198
67199
67200
67201
67202
67205
67206
67207
67209
67210
67211
67212
67213
67214
67215
67216
67217
67218
67219
67220
67221
67222
67223
67224
67225
67226
67227
67228
67229
67231
67232
67233
67234
67235
67236
67237
67238
67239
67242
67243
67244
67245
67246
67247
67248
67249
67251
67252
67253
67254
67255
67256
67257
67258
67259
67260
67261
67262
67263
67264
67265
67271
67277
67279
67281
67282
67283
67284
67285
67286
67290
67291
67292
67293
67295
67297
67299
67300
67301
67304
67306
67307
67308
67309
67310
67311
67314
67315
67316
67317
67318
67319
67321
67323
67324
67325
67326
67327
67328
67329
67330
67332
67333
67334
67335
67337
67339
67340
67343
67346
67347
67348
67349
67351
67354
67356
67357
67359
67360
67361
67362
67370
67372
67373
67374
67375
67376
67377
67380
67381
67383
67386
67387
67390
67391
67392
67395
67397
67398
67399
67400
67401
67405
67406
67407
67410
67412
67414
67416
67417
67418
67419
67421
67422
67423
67425
67426
67427
67428
67430
67431
67432
67433
67434
67435
67437
67438
67439
67440
67441
67442
67443
67444
67447
67448
67449
67451
67454
67455
67457
67458
67460
67463
67466
67467
67468
67469
67470
67471
67472
67475
67476
67478
67480
67481
67482
67483
67484
67485
67487
67488
67489
67490
67493
67494
67495
67496
67497
67498
67499
67500
67501
67502
67503
67504
67506
67507
67508
67511
67512
67513
67514
67515
67516
67521
67522
67523
67524
67526
67527
67528
67529
67530
67532
67533
67534
67536
67538
67539
67540
67541
67542
67545
67546
67547
67548
67549
67550
67551
67552
67553
67554
67555
67556
67557
67558
67561
67562
67563
67564
67565
67566
67567
67569
67572
67573
67574
67575
67576
67577
67578
67581
67582
67585
67586
67587
67588
67589
67590
67592
67593
67594
67596
67597
67598
67600
67601
67603
67605
67606
67607
67610
67613
67614
67615
67616
67617
67618
67621
67623
67624
67625
67626
67627
67629
67630
67631
67632
67633
67637
67638
67639
67640
67648
67649
67650
67654
67656
67657
67658
67659
67660
67661
67662
67665
67666
67667
67668
67669
67671
67672
67673
67674
67675
67676
67677
67678
67679
67680
67681
67682
67683
67684
67686
67687
67688
67689
67690
67691
67692
67693
67694
67695
67696
67697
67698
67699
67700
67701
67703
67704
67705
67706
67707
67708
67709
67713
67714
67716
67718
67719
67720
67721
67722
67723
67724
67727
67730
67731
67735
67738
67744
67746
67748
67749
67756
67759
67761
67770
67774
67775
67776
67777
67778
67783
67787
67789
67791
67792
67796
67797
67798
67799
67800
67801
67803
67804
67805
67806
67807
67808
67809
67810
67811
67812
67813
67814
67815
67816
67817
67818
67819
67820
67821
67823
67827
67828
67829
67830
67831
67832
67833
67834
67835
67836
67837
67838
67839
67841
67842
67843
67844
67845
67846
67847
67849
67851
67852
67854
67855
67856
67858
67859
67860
67861
67862
67864
67867
67869
67870
67871
67872
67876
67879
67881
67884
67885
67886
67887
67888
67889
67890
67891
67894
67897
67898
67899
67900
67901
67903
67905
67906
67907
67909
67911
67912
67913
67914
67917
67924
67926
67928
67929
67932
67933
67935
67937
67938
67939
67941
67942
67944
67945
67946
67950
67951
67953
67955
67956
67957
67958
67959
67960
67961
67962
67963
67964
67966
67967
67968
67969
67970
67971
67973
67974
67975
67976
67978
67979
67980
67982
67983
67984
67985
67986
67987
67988
67989
67990
67991
67992
67993
67994
67995
67996
67997
67998
67999
68000
68001
68002
68003
68004
68005
68007
68009
68013
68014
68015
68016
68017
68018
68019
68020
68021
68022
68023
68026
68027
68028
68030
68031
68032
68034
68035
68036
68037
68039
68041
68043
68046
68047
68048
68049
68050
68054
68055
68057
68058
68059
68060
68062
68063
68064
68067
68068
68073
68074
68089
68091
68096
68097
68098
68101
68102
68106
68107
68109
68110
68113
68114
68115
68117
68118
68119
68120
68121
68123
68124
68125
68126
68127
68128
68129
68130
68131
68133
68134
68135
68136
68137
68138
68139
68140
68141
68142
68146
68147
68151
68153
68155
68156
68157
68158
68159
68160
68161
68163
68164
68166
68167
68168
68169
68170
68171
68173
68174
68175
68176
68177
68178
68179
68181
68182
68184
68186
68187
68188
68192
68193
68196
68199
68201
68202
68204
68206
68207
68208
68209
68210
68212
68213
68214
68215
68218
68221
68222
68223
68225
68226
68228
68229
68231
68232
68235
68236
68237
68243
68248
68250
68251
68254
68260
68262
68264
68265
68266
68268
68271
68274
68277
68279
68281
68282
68287
68292
68301
68304
68308
68309
68310
68312
68320
68327
68329
68334
68338
68342
68346
68350
68361
68363
68364
68367
68368
68384
68385
68386
68392
68394
68395
68396
68397
68403
68405
68407
68409
68416
68421
68423
68425
68428
68430
68432
68435
68442
68444
68445
68450
68451
68453
68454
68456
68457
68460
68464
68465
68467
68468
68469
68471
68474
68477
68481
68482
68483
68484
68485
68486
68487
68490
68494
68495
68500
68501
68502
68503
68504
68505
68509
68510
68511
68512
68513
68514
68515
68516
68517
68519
68523
68524
68525
68528
68529
68530
68532
68539
68540
68541
68542
68545
68548
68550
68561
68562
68565
68566
68568
68569
68570
68575
68577
68578
68580
68582
68585
68586
68588
68598
68601
68604
68605
68606
68607
68609
68612
68613
68614
68615
68616
68625
68628
68630
68631
68632
68633
68635
68636
68639
68640
68642
68646
68647
68649
68651
68652
68653
68655
68661
68662
68663
68664
68665
68666
68671
68673
68674
68675
68683
68688
68690
68694
68696
68697
68698
68704
68707
68708
68718
68720
68722
68723
68724
68725
68727
68728
68731
68733
68735
68736
68737
68738
68742
68744
68745
68749
68754
68756
68757
68769
68770
68771
68774
68775
68776
68777
68778
68779
68780
68784
68785
68787
68788
68790
68791
68793
68795
68801
68803
68809
68810
68811
68816
68822
68825
68830
68834
68835
68837
68838
68840
68843
68844
68849
68852
68853
68855
68856
68857
68867
80082
80083
80084
80087
80090
80091
80092
80093
80094
80096
80097
80098
80101
80102
80104
80106
80107
80111
80112
80114
80115
80116
80117
80118
80119
80120
80121
80122
80123
80124
80125
80126
80127
80128
80129
80130
80131
80132
80133
80134
80135
80136
80137
80138
80139
80140
80141
80142
80143
80144
80145
80146
80147
80148
80149
80150
80151
80152
80153
80154
80155
80156
80158
80159
80160
80161
80162
80163
80164
80165
80166
80167
80168
80169
80170
80171
80172
80173
80174
80175
80176
80177
80178
80180
80181
80183
80185
80186
80187
80188
80189
80190
80191
80192
80195
80197
80199
80200
80201
80203
80204
80205
80209
80210
80211
80213
80214
80216
80217
80219
80220
80221
80222
80223
80225
80227
80228
80229
80230
80235
80236
80239
80240
80241
80244
80247
80249
80253
80254
80255
80256
80257
80258
80259
80260
80261
80262
80263
80264
80265
80266
80267
80268
80269
80270
80271
80272
80273
80274
80275
80276
80277
80279
80280
80282
80283
80284
80287
80289
80290
80291
80293
80294
80295
80296
80297
80298
80299
80300
80301
80302
80303
80304
80305
80309
80311
80312
80313
80314
80318
80319
80320
80323
80325
80328
80333
80336
80338
80339
80340
80342
80350
80351
80353
80354
80355
80356
80357
80358
80359
80360
80361
80362
80363
80364
80365
80366
80367
80368
80369
80370
80371
80372
80373
80374
80375
80376
80377
80378
80379
80380
80381
80382
80383
80384
80385
80386
80387
80388
80389
80390
80391
80392
80393
80394
80396
80397
80398
80399
80400
80401
80402
80403
80404
80405
80406
80407
80408
80409
80410
80411
80412
80413
80414
80415
80416
80417
80418
80419
80420
80421
80422
80423
80424
80425
80426
80427
80428
80430
80431
80432
80433
80434
80435
80437
80438
80439
80440
80441
80442
80443
80444
80445
80446
80447
80448
80449
80450
80451
80452
80453
80454
80455
80456
80457
80458
80459
80460
80462
80463
80464
80465
80466
80467
80468
80469
80470
80471
80472
80473
80474
80475
80477
80478
80479
80480
80481
80482
80483
80486
80487
80488
80489
80492
80493
80494
80497
80498
80500
80502
80503
80504
80506
80507
80508
80509
80512
80515
80516
80518
80519
80520
80524
80525
80526
80527
80528
80531
80532
80534
80535
80536
80540
80541
80542
80546
80548
80555
80559
80562
80570
80574
80576
80579
80580
80581
80582
80583
80584
80585
80586
80587
80588
80589
80590
80591
80592
80593
80594
80595
80596
80597
80598
80599
80600
80601
80602
80604
80606
80607
80608
80609
80610
80611
80612
80613
80614
80616
80617
80618
80619
80620
80621
80622
80623
80624
80625
80626
80627
80628
80629
80631
80632
80633
80634
80635
80636
80637
80638
80639
80640
80641
80642
80643
80644
80646
80647
80648
80649
80653
80654
80656
80663
80669
80670
80674
80675
80676
80677
80680
80681
80682
80683
80685
80687
80694
80711
80712
80713
80714
80715
80716
80718
80719
80720
80721
80722
80723
80724
80725
80726
80727
80728
80729
80730
80731
80733
80735
80736
80737
80738
80739
80740
80741
80742
80743
80744
80745
80746
80748
80749
80750
80751
80752
80753
80754
80756
80757
80758
80759
80760
80761
80762
80763
80764
80765
80766
80767
80768
80769
80770
80771
80772
80773
80774
80775
80776
80777
80778
80779
80780
80781
80784
80785
80786
80787
80788
80789
80791
80792
80793
80794
80795
80796
80797
80798
80799
80800
80801
80802
80804
80805
80806
80807
80809
80811
80812
80813
80814
80815
80817
80835
80837
80838
80839
80840
80841
80844
80847
80849
80851
80852
80853
80856
80857
80860
80861
80864
80865
80866
80868
80869
80870
80872
80873
80874
80875
80876
80877
80878
80879
80880
80881
80883
80884
80885
80886
80887
80888
80889
80890
80891
80893
80894
80895
80896
80897
80898
80900
80901
80904
80905
80906
80907
80908
80909
80910
80911
80913
80914
80915
80916
80917
80918
80919
80922
80923
80924
80927
80928
80931
80934
80936
80937
80938
80939
80940
80941
80942
80943
80947
80949
80954
80955
80956
80958
80960
80961
80964
80968
80970
80973
80974
80975
80976
80977
80978
80981
80982
80984
80985
80986
80987
80988
80989
80991
80992
80995
80997
80998
81000
81002
81003
81007
81012
81013
81020
81021
81022
81024
81025
81028
81029
81030
81031
81034
81035
81036
81037
81039
81042
81043
81045
81046
81047
81048
81049
81050
81051
81052
81053
81054
81055
81056
81057
81058
81059
81060
81061
81062
81063
81064
81065
81066
81067
81069
81070
81071
81072
81075
81076
81078
81079
81080
81081
81082
81083
81084
81085
81086
81087
81088
81089
81091
81092
81093
81094
81095
81096
81100
81101
81103
81105
81106
81107
81108
81109
81110
81111
81112
81113
81115
81116
81117
81118
81119
81120
81122
81123
81124
81126
81127
81128
81129
81131
81133
81135
81136
81137
81138
81139
81142
81143
81145
81150
81151
81157
81159
81164
81165
81168
81169
81170
81171
81172
81177
81178
81181
81189
81190
81193
81194
81196
81197
81198
81200
81201
81202
81203
81204
81205
81206
81207
81211
81212
81214
81215
81216
81217
81222
81223
81226
81227
81228
81233
81234
81236
81240
81241
81243
81244
81248
81249
81250
81251
81253
81254
81255
81256
81257
81258
81259
81260
81262
81263
81264
81265
81266
81268
81269
81270
81271
81276
81277
81278
81279
81280
81281
81282
81283
81284
81285
81286
81287
81288
81289
81290
81291
81292
81293
81294
81296
81298
81299
81301
81302
81304
81306
81307
81313
81315
81317
81318
81320
81321
81323
81324
81330
81335
81336
81337
81338
81339
81340
81341
81342
81343
81345
81346
81347
81348
81349
81350
81351
81352
81354
81355
81356
81357
81358
81359
81360
81361
81363
81364
81365
81366
81367
81368
81369
81370
81371
81372
81373
81374
81376
81377
81379
81380
81382
81383
81384
81385
81386
81387
81389
81390
81391
81392
81394
81395
81396
81397
81398
81399
81400
81401
81402
81403
81404
81406
81407
81408
81411
81412
81413
81414
81418
81421
81422
81425
81426
81427
81428
81430
81431
81432
81433
81434
81435
81436
81438
81440
81441
81442
81443
81444
81447
81448
81455
81456
81458
81460
81462
81465
81468
81472
81474
81475
81476
81477
81479
81480
81481
81482
81483
81484
81486
81487
81488
81489
81490
81496
81497
81499
81501
81502
81503
81504
81507
81508
81513
81514
81516
81519
81522
81523
81525
81530
81531
81534
81537
81540
81542
81543
81544
81545
81548
81550
81551
81552
81553
81554
81555
81557
81558
81559
81561
81562
81563
81564
81565
81566
81567
81568
81569
81570
81571
81572
81573
81575
81576
81577
81578
81579
81580
81581
81583
81584
81585
81586
81587
81590
81591
81592
81594
81595
81596
81597
81599
81600
81601
81602
81603
81604
81606
81608
81610
81611
81612
81613
81614
81615
81616
81617
81618
81619
81620
81622
81623
81625
81626
81628
81629
81630
81631
81632
81633
81634
81635
81637
81638
81639
81640
81641
81642
81643
81644
81645
81647
81648
81649
81650
81651
81652
81653
81654
81655
81656
81659
81663
81665
81668
81669
81670
81672
81674
81675
81676
81677
81678
81679
81680
81681
81682
81686
81688
81689
81690
81692
81698
81700
81702
81708
81709
81712
81715
81723
81724
81725
81728
81729
81731
81732
81733
81735
81736
81737
81738
81740
81741
81742
81745
81750
81752
81753
81754
81755
81756
81759
81760
81761
81762
81763
81764
81765
81766
81768
81769
81770
81771
81772
81775
81776
81779
81780
81782
81783
81786
81787
81791
81792
81793
81794
81795
81796
81798
81800
81802
81803
81805
81806
81807
81808
81809
81811
81815
81820
81821
81824
81825
81826
81831
81833
81835
81836
81837
81838
81839
81840
81843
81844
81845
81846
81847
81848
81851
81852
81854
81855
81857
81858
81860
81863
81864
81866
81867
81868
81869
81870
81871
81872
81874
81876
81877
81878
81879
81880
81881
81882
81884
81886
81887
81888
81890
81895
81896
81902
81903
81904
81907
81908
81910
81912
81919
81920
81924
81926
81930
81932
81934
81936
81937
81941
81942
81943
81947
81949
81951
81955
81960
81962
81964
81966
81968
81969
81970
81973
81976
81978
81980
81982
81985
81989
81992
81993
81999
82001
82004
82005
82008
82010
82012
82013
82014
82015
82016
82018
82020
82022
82023
82024
82025
82026
82032
82036
82038
82040
82043
82044
82046
82048
82052
82055
82061
82064
82066
82068
82069
82072
82073
82084
82086
82089
82091
82092
82094
82096
82103
82115
82116
82121
82122
82124
82125
82128
82133
82135
82139
82140
82144
82150
82151
82152
82153
82154
82156
82158
82160
82162
82165
82166
82167
82168
82170
82171
82172
82173
82174
82175
82177
82178
82179
82181
82185
82186
82187
82188
82189
82190
82191
82192
82193
82194
82196
82198
82199
82200
82201
82202
82203
82204
82205
82206
82207
82208
82211
82212
82213
82214
82216
82217
82219
82220
82222
82223
82224
82226
82227
82228
82229
82232
82235
82236
82239
82242
82247
82252
82253
82254
82257
82258
82261
82262
82265
82267
82268
82270
82271
82272
82275
82278
82279
82282
82283
82285
82286
82287
82290
82291
82292
82293
82294
82295
82296
82297
82299
82306
82329
82334
82335
82336
82338
82339
82340
82341
82342
82343
82344
82346
82347
82350
82351
82352
82353
82354
82356
82357
82358
82360
82361
82362
82364
82365
82367
82368
82369
82370
82373
82374
82375
82378
82379
82380
82381
82382
82383
82384
82386
82387
82388
82389
82390
82391
82393
82394
82395
82396
82397
82398
82399
82400
82401
82402
82403
82404
82405
82406
82407
82409
82411
82412
82414
82415
82416
82417
82418
82421
82422
82423
82424
82425
82426
82427
82428
82429
82431
82432
82433
82434
82436
82437
82438
82441
82443
82451
82453
82455
82458
82459
82466
82471
82475
82479
82480
82483
82486
82488
82489
82490
82491
82492
82495
82500
82501
82502
82506
82507
82509
82510
82512
82513
82514
82515
82519
82520
82521
82523
82524
82525
82529
82530
82531
82533
82535
82538
82540
82541
82542
82545
82551
82552
82553
82561
82562
82563
82565
82567
82569
82571
82572
82575
82581
82583
82585
82586
82587
82588
82590
82591
82592
82593
82594
82595
82596
82597
82598
82599
82600
82604
82606
82609
82610
82612
82613
82615
82618
82619
82620
82622
82623
82625
82629
82631
82633
82634
82635
82644
82654
82658
82659
82660
82661
82662
82663
82664
82665
82667
82668
82670
82671
82672
82673
82676
82677
82678
82679
82680
82682
82683
82685
82686
82687
82688
82689
82690
82691
82692
82693
82694
82695
82696
82697
82699
82700
82701
82702
82703
82704
82705
82706
82710
82711
82713
82715
82716
82720
82721
82723
82727
82731
82736
82738
82741
82744
82747
82748
82751
82752
82753
82754
82755
82759
82760
82761
82763
82764
82765
82768
82769
82770
82772
82773
82775
82776
82778
82779
82780
82782
82785
82786
82787
82788
82789
82791
82796
82798
82802
82804
82805
82806
82807
82808
82809
82812
82813
82814
82816
82817
82818
82819
82820
82821
82822
82823
82824
82825
82826
82827
82828
82829
82830
82831
82832
82833
82834
82835
82836
82837
82838
82839
82840
82841
82842
82846
82847
82849
82850
82857
82859
82860
82861
82864
82866
82868
82869
82870
82871
82872
82874
82876
82879
82880
82882
82884
82885
82887
82888
82889
82891
82892
82896
82897
82898
82899
82900
82901
82902
82903
82904
82905
82907
82909
82918
82922
82928
82930
82941
82943
82948
82950
82951
82953
82956
82957
82963
82964
82968
82970
82971
82973
82974
82977
82979
82981
82982
82983
82985
82986
82989
82991
82992
82993
82994
82995
82996
82997
82998
83000
83002
83003
83004
83005
83006
83007
83017
83019
83021
83029
83030
83031
83032
83033
83034
83035
83037
83038
83039
83040
83041
83042
83047
83048
83049
83055
83056
83058
83059
83060
83062
83064
83067
83069
83070
83072
83074
83075
83076
83078
83080
83085
