52
53
54
55
56
57
60
61
62
64
65
103
104
106
107
108
109
110
111
112
113
117
120
121
122
123
125
128
130
131
133
134
135
137
241
242
244
245
246
248
250
251
252
253
254
256
257
258
259
260
261
262
263
264
265
266
267
268
269
270
271
272
417
418
419
420
421
422
423
424
425
426
427
428
429
430
431
432
433
434
436
437
439
440
441
442
443
444
445
446
447
448
451
452
453
455
456
457
458
459
460
461
463
466
467
581
582
583
584
585
586
587
588
589
590
591
592
593
594
595
596
597
598
599
600
601
602
603
604
605
606
607
608
609
610
611
612
613
614
615
616
617
619
620
621
622
623
800
801
802
803
804
805
806
807
808
809
810
811
812
814
815
816
818
819
820
821
822
823
824
825
827
828
950
994
995
996
1017
1018
1019
1020
1021
1022
1023
1024
1025
1026
1027
1028
1029
1030
1032
1033
1036
1038
1040
1041
1042
1043
1118
1119
1120
1121
1122
1123
1124
1125
1126
1127
1128
1129
1130
1131
1132
1133
1134
1135
1136
1137
1138
1139
1282
1283
1284
1285
1286
1287
1288
1289
1290
1291
1292
1293
1294
1295
1296
1297
1298
1299
1300
1301
1302
1303
1304
1305
1306
1308
1310
1312
1313
1314
1315
1317
1318
1319
1320
1322
1323
1325
1327
1328
1329
1330
1331
1443
1444
1445
1446
1447
1448
1450
1451
1452
1453
1454
1455
1456
1457
1458
1459
1460
1461
1462
1463
1464
1465
1466
1467
1468
1469
1470
1472
1473
1475
1477
1478
1479
1480
1481
1482
1483
1646
1647
1648
1649
1651
1652
1653
1654
1655
1656
1657
1658
1659
1660
1661
1663
1665
1667
1668
1850
1851
1852
1853
1854
1856
1857
1858
1859
1860
1863
1864
1903
1904
1909
1910
1912
1914
1915
1916
1917
1918
1919
1920
1921
1922
1923
1924
2029
2031
2032
2033
2034
2036
2037
2038
2039
2040
2041
2042
2043
2044
2045
2046
2047
2048
2049
2050
2051
2052
2054
2056
2057
2059
2207
2208
2209
2210
2211
2212
2213
2214
2215
2216
2217
2218
2219
2220
2221
2222
2224
2225
2226
2227
2228
2229
2231
2235
2239
2240
2242
2243
2244
2245
2248
2249
2250
2366
2367
2368
2369
2370
2371
2373
2374
2375
2376
2377
2378
2379
2380
2381
2382
2383
2384
2385
2386
2387
2388
2389
2390
2391
2392
2395
2396
2397
2398
2399
2400
2401
2402
2404
2405
2406
2578
2579
2580
2582
2585
2586
2588
2590
2591
2592
2593
2594
2596
2597
2716
2728
2730
2732
2746
2772
2773
2822
2823
2824
2825
2826
2827
2828
2830
2831
2832
2833
2879
2880
2881
2882
2884
2885
2886
2887
2888
2889
2890
2891
2892
2979
2980
2981
2982
2984
2985
2986
2987
2989
2990
2991
2992
2993
2996
2998
3000
3002
3086
3087
3088
3090
3091
3093
3094
3095
3096
3097
3098
3100
3101
3102
3103
3104
3105
3107
3108
3194
3195
3196
3198
3199
3200
3202
3272
3331
3332
3333
3335
3336
3339
3340
3341
3342
3374
3376
3377
3380
3382
3386
3390
3391
3490
3492
3500
3501
3502
3503
3505
3506
3507
3508
3510
3511
3512
3513
3514
3515
3517
3519
3657
3658
3659
3660
3661
3662
3663
3665
3666
3667
3669
3670
3671
3672
3674
3675
3676
3677
3679
3680
3681
3682
3684
3685
3686
3687
3689
3692
3796
3798
3799
3800
3801
3802
3803
3804
3805
3806
3807
3808
3809
3810
3811
3812
3813
3814
3815
3816
3817
3818
3819
3820
3821
3823
3824
3825
3827
3829
3831
3978
3979
3981
3983
3985
3989
3990
3991
3994
3997
3998
4089
4118
4120
4121
4122
4125
4169
4171
4177
4272
4275
4276
4280
4282
4283
4284
4287
4290
4295
4368
4369
4370
4373
4374
4375
4376
4377
4378
4380
4382
4384
4385
4389
4390
4392
4393
4477
4482
4576
4583
4586
4587
4647
4648
4651
4652
4653
4654
4655
4657
4658
4660
4661
4662
4663
4770
4771
4773
4774
4775
4776
4781
4782
4783
4785
4786
4787
4788
4789
4791
4796
4797
4895
4896
4897
4898
4899
4900
4901
4902
4903
4904
4905
4906
4907
4908
4910
4911
4912
4913
4914
4916
4917
4919
4920
4922
4923
4924
4925
4926
4927
5041
5042
5043
5045
5046
5047
5048
5049
5050
5052
5053
5155
5165
5167
5168
5172
5231
5232
5233
5234
5236
5237
5238
5240
5241
5243
5244
5245
5246
5247
5328
5330
5331
5332
5333
5334
5335
5336
5337
5340
5341
5342
5343
5347
5431
5432
5433
5434
5435
5436
5437
5438
5439
5441
5442
5443
5444
5445
5446
5447
5448
5450
5451
5452
5456
5457
5458
5459
5557
5558
5559
5560
5561
5565
5566
5569
5571
5572
5645
5661
5662
5663
5668
5669
5677
5681
5713
5715
5808
5809
5810
5811
5812
5813
5815
5816
5899
5900
5902
5907
5911
5919
6008
6009
6010
6012
6014
6015
6016
6017
6018
6019
6020
6021
6022
6023
6025
6026
6065
6121
6125
6246
6247
6248
6314
6315
6320
6323
6324
6394
6395
6396
6399
6400
6401
6402
6404
6459
6464
6465
6466
6467
6468
6535
6573
6625
6626
6627
6630
6631
6632
6633
6634
6675
6678
6679
6681
6682
6683
6684
6685
6686
6687
6688
6689
6690
6691
6692
6693
6694
6695
6696
6698
6699
6701
6807
6808
6809
6811
6812
6814
6815
6816
6817
6818
6819
6820
6822
6823
6824
6825
6826
6827
6828
6830
6831
6832
6833
6834
6981
6982
6983
6984
6985
6986
6987
6988
6990
6991
6993
6994
6995
6996
6998
6999
7000
7001
7002
7003
7004
7005
7006
7007
7008
7009
7010
7011
7012
7013
7014
7016
7018
7019
7020
7021
7022
7024
7025
7028
7135
7136
7137
7138
7139
7140
7141
7142
7143
7145
7146
7147
7148
7149
7150
7151
7152
7154
7155
7156
7157
7158
7159
7160
7161
7162
7163
7164
7165
7166
7167
7168
7169
7170
7171
7173
7303
7304
7305
7306
7307
7308
7309
7310
7311
7312
7313
7314
7315
7316
7317
7320
7321
7322
7323
7326
7430
7432
7462
7481
7482
7483
7484
7485
7487
7488
7490
7491
7492
7493
7494
7498
7501
7502
7503
7505
7506
7507
7508
7579
7580
7581
7582
7583
7584
7585
7586
7587
7588
7589
7590
7591
7592
7593
7594
7595
7596
7597
7598
7599
7721
7722
7723
7724
7725
7726
7727
7728
7729
7730
7731
7732
7733
7734
7735
7736
7737
7738
7739
7740
7741
7742
7744
7745
7746
7747
7748
7749
7751
7752
7754
7755
7756
7757
7860
7861
7862
7863
7864
7865
7867
7868
7869
7870
7871
7872
7873
7874
7875
7876
7877
7878
7879
7880
7881
7882
7883
7884
7885
7886
7887
7888
7889
7890
7891
7892
7893
7894
7895
7896
7897
7898
7899
7946
8028
8029
8030
8031
8032
8035
8038
8040
8041
8043
8044
8133
8199
8201
8202
8204
8206
8209
8210
8212
8213
8254
8256
8257
8258
8260
8262
8263
8265
8267
8269
8270
8271
8273
8274
8277
8280
8281
8284
8285
8287
8288
8289
8413
8415
8416
8419
8420
8421
8423
8425
8426
8427
8428
8429
8430
8432
8433
8434
8435
8436
8437
8438
8439
8440
8441
8442
8443
8445
8446
8448
8449
8611
8612
8614
8615
8616
8617
8618
8619
8620
8621
8622
8623
8624
8625
8626
8627
8628
8629
8630
8631
8632
8633
8635
8636
8637
8639
8640
8641
8643
8644
8645
8646
8649
8650
8651
8652
8653
8655
8657
8658
8659
8661
8662
8783
8784
8785
8786
8787
8788
8789
8790
8791
8792
8793
8794
8795
8796
8797
8798
8799
8800
8801
8802
8803
8805
8806
8807
8809
8810
8811
8813
8814
8815
8816
8817
8818
8819
8820
8821
8822
8824
8825
8826
8888
9008
9009
9011
9012
9013
9014
9015
9017
9018
9020
9021
9022
9024
9027
9029
9030
9032
9033
9034
9035
9038
9039
9040
9041
9042
9156
9160
9216
9217
9218
9219
9220
9221
9222
9224
9254
9255
9256
9257
9258
9259
9260
9261
9262
9263
9264
9265
9266
9267
9268
9269
9271
9273
9274
9277
9278
9279
9280
9281
9284
9286
9287
9288
9289
9290
9291
9403
9410
9412
9414
9415
9416
9417
9418
9419
9420
9421
9422
9423
9424
9425
9426
9427
9428
9429
9430
9431
9432
9433
9594
9595
9596
9597
9598
9599
9600
9601
9602
9603
9604
9605
9606
9607
9608
9609
9610
9611
9612
9613
9614
9615
9617
9618
9622
9624
9625
9628
9629
9630
9631
9632
9636
9639
9641
9642
9643
9644
9648
9649
9650
9769
9770
9771
9772
9773
9774
9775
9776
9777
9778
9779
9780
9781
9782
9783
9784
9785
9786
9787
9788
9789
9790
9791
9792
9793
9794
9795
9796
9797
9798
9799
9800
9801
9802
9803
9804
9805
9806
9808
9809
9810
9811
9812
10017
10018
10019
10020
10023
10024
10025
10027
10028
10030
10031
10033
10035
10036
10037
10038
10039
10040
10041
10044
10045
10046
10195
10199
10206
10247
10249
10273
10274
10275
10277
10278
10279
10282
10283
10285
10288
10289
10291
10296
10297
10299
10300
10394
10396
10398
10399
10400
10401
10403
10404
10405
10406
10407
10408
10410
10411
10551
10552
10553
10554
10555
10556
10557
10559
10560
10561
10562
10563
10564
10565
10566
10567
10568
10569
10570
10571
10572
10574
10581
10584
10585
10586
10588
10589
10590
10591
10594
10695
10696
10697
10698
10699
10700
10701
10702
10703
10704
10705
10706
10707
10708
10710
10711
10712
10713
10714
10715
10716
10717
10719
10722
10723
10724
10725
10726
10727
10729
10730
10731
10879
10882
10883
10887
10889
10890
10891
10892
10896
10897
10898
11015
11064
11087
11151
11154
11160
11166
11250
11251
11254
11255
11332
11335
11337
11340
11343
11344
11345
11346
11347
11348
11349
11350
11355
11358
11426
11431
11487
11492
11493
11495
11497
11505
11551
11552
11554
11558
11560
11561
11563
11566
11649
11652
11653
11654
11659
11661
11662
11665
11666
11669
11670
11673
11675
11756
11758
11759
11760
11761
11762
11763
11764
11765
11766
11768
11769
11770
11771
11772
11773
11774
11775
11780
11781
11869
11875
11932
11958
11959
11982
11983
11984
11985
11987
12004
12005
12055
12059
12060
12061
12062
12065
12066
12067
12120
12121
12122
12124
12125
12126
12128
12130
12131
12217
12219
12220
12221
12222
12223
12224
12225
12226
12227
12228
12229
12231
12232
12234
12235
12236
12237
12316
12318
12319
12320
12321
12322
12323
12324
12325
12326
12327
12329
12330
12331
12332
12333
12334
12335
12336
12339
12344
12429
12430
12431
12434
12536
12537
12540
12541
12574
12576
12577
12578
12579
12580
12581
12582
12583
12584
12585
12586
12587
12588
12589
12590
12591
12592
12593
12594
12595
12596
12598
12599
12602
12604
12605
12607
12608
12610
12612
12705
12706
12709
12710
12711
12712
12713
12714
12715
12716
12717
12718
12719
12720
12721
12722
12723
12724
12725
12726
12728
12729
12731
12732
12905
12906
12907
12908
12909
12910
12911
12912
12913
12914
12915
12916
12917
12918
12919
12920
12921
12922
12923
12924
12925
12926
12927
12929
12931
12932
12933
12934
12936
12937
12938
12940
12946
12947
12951
12953
12956
12958
12959
13084
13085
13086
13087
13088
13089
13090
13091
13092
13093
13094
13095
13096
13097
13098
13099
13100
13101
13102
13103
13104
13105
13106
13107
13108
13109
13110
13111
13112
13113
13114
13115
13116
13117
13118
13119
13120
13121
13123
13124
13125
13126
13127
13318
13319
13321
13322
13323
13324
13325
13326
13328
13329
13330
13331
13332
13333
13334
13335
13338
13339
13342
13343
13345
13483
13502
13503
13516
13573
13574
13575
13576
13577
13656
13657
13659
13660
13663
13664
13665
13667
13668
13742
13743
13744
13745
13746
13748
13750
13751
13752
13753
13755
13756
13760
13835
13896
13941
13942
13943
13944
13975
14005
14033
14081
14082
14086
14087
14089
14091
14093
14154
14159
14184
14270
14271
14273
14310
14353
14361
14365
14410
14412
14413
14415
14416
14450
14451
14452
14455
14459
14566
14568
14569
14570
14572
14573
14575
14576
14577
14580
14581
14582
14583
14584
14585
14586
14725
14726
14727
14728
14729
14730
14732
14734
14736
14737
14738
14739
14740
14741
14742
14743
14744
14745
14746
14748
14750
14753
14756
14757
14758
14759
14760
14761
14856
14857
14858
14859
14860
14861
14862
14863
14864
14865
14866
14867
14868
14869
14870
14871
14872
14874
14875
14876
14877
14878
14879
14881
14883
14884
14887
14888
14889
14890
15007
15008
15009
15010
15011
15013
15015
15021
15023
15025
15026
15115
15116
15131
15133
15139
15142
15145
15146
15147
15149
15173
15176
15178
15179
15241
15244
15328
15332
15336
15337
15341
15413
15414
15416
15417
15418
15419
15420
15421
15422
15424
15425
15426
15428
15431
15432
15434
15519
15522
15571
15572
15584
15585
15586
15589
15590
15591
15669
15670
15671
15672
15673
15675
15676
15677
15678
15679
15684
15745
15746
15747
15749
15750
15753
15754
15755
15756
15757
15758
15760
15761
15762
15765
15766
15770
15771
15772
15774
15775
15893
15895
15898
15899
15900
15901
15903
15907
15908
15909
15910
15912
15913
15914
15915
15916
15918
15919
15920
15921
15922
15923
15925
15926
15927
15928
15929
15930
15931
15932
16095
16096
16097
16098
16099
16100
16101
16102
16103
16104
16105
16107
16108
16109
16110
16111
16112
16113
16114
16115
16116
16117
16120
16121
16122
16123
16124
16126
16128
16129
16130
16132
16133
16134
16136
16137
16139
16140
16144
16267
16268
16269
16270
16271
16272
16273
16274
16275
16276
16277
16278
16279
16280
16281
16282
16283
16284
16285
16286
16287
16288
16289
16290
16291
16292
16293
16294
16295
16296
16297
16298
16299
16300
16301
16302
16304
16305
16306
16307
16308
16309
16310
16311
16312
16491
16492
16494
16495
16496
16497
16498
16500
16501
16502
16503
16506
16508
16509
16511
16512
16514
16515
16519
16638
16644
16654
16660
16661
16662
16677
16691
16695
16696
16725
16726
16747
16750
16754
16756
16760
16829
16831
16832
16836
16838
16840
16841
16842
16843
16844
16845
16847
16960
16961
16962
16963
16964
16967
16968
16971
16972
16974
16976
16979
16981
16982
16983
16984
16985
17075
17076
17077
17078
17079
17080
17081
17082
17083
17084
17085
17086
17087
17088
17089
17090
17091
17092
17093
17094
17095
17096
17098
17100
17101
17102
17105
17106
17224
17225
17226
17227
17228
17230
17233
17234
17235
17311
17376
17378
17379
17383
17387
17479
17480
17481
17483
17484
17485
17486
17489
17490
17492
17494
17495
17496
17497
17499
17500
17502
17635
17636
17637
17639
17640
17641
17642
17643
17644
17645
17647
17648
17649
17650
17651
17652
17653
17654
17657
17658
17659
17660
17661
17664
17665
17666
17667
17668
17775
17776
17777
17778
17779
17780
17782
17783
17784
17785
17786
17787
17788
17789
17790
17791
17792
17793
17794
17795
17796
17797
17798
17799
17800
17802
17804
17808
17809
17965
17969
17972
17973
17974
17976
17978
17981
17982
18084
18107
18110
18111
18113
18115
18116
18117
18120
18121
18171
18172
18173
18174
18177
18259
18260
18270
18273
18347
18349
18350
18352
18353
18355
18356
18357
18358
18359
18360
18361
18363
18365
18366
18367
18445
18451
18542
18543
18566
18571
18574
18575
18576
18578
18579
18580
18581
18582
18585
18586
18681
18683
18686
18687
18688
18689
18691
18695
18696
18697
18700
18816
18817
18819
18821
18822
18825
18826
18828
18829
18830
18831
18832
18833
18834
18835
18836
18839
18843
18845
18846
18850
18853
18854
18946
18947
18948
18949
18950
18951
18952
18953
18954
18955
18956
18957
18958
18959
18960
18961
18962
18963
18964
18965
18966
18968
18973
18976
18977
18978
19106
19107
19112
19114
19117
19120
19122
19254
19324
19325
19326
19327
19328
19329
19332
19333
19334
19336
19338
19339
19444
19445
19448
19449
19450
19451
19454
19456
19457
19458
19459
19461
19466
19467
19468
19469
19471
19475
19476
19566
19567
19569
19570
19571
19572
19573
19574
19575
19576
19577
19578
19579
19580
19581
19582
19583
19584
19585
19586
19589
19691
19696
19700
19785
19804
19805
19807
19845
19846
19849
19850
19852
19853
19854
19855
19906
19907
19908
19909
19910
19911
19912
19913
19914
19915
19916
19917
19918
19919
19920
20009
20010
20012
20013
20014
20015
20017
20018
20019
20021
20022
20023
20024
20025
20026
20028
20029
20030
20031
20032
20033
20034
20035
20036
20117
20118
20119
20120
20121
20122
20123
20124
20125
20126
20127
20128
20129
20130
20131
20133
20135
20136
20137
20138
20168
20233
20234
20235
20236
20238
20239
20240
20304
20344
20345
20347
20348
20349
20350
20374
20375
20378
20379
20382
20383
20385
20387
20389
20391
20392
20393
20397
20472
20474
20476
20477
20478
20479
20482
20483
20485
20486
20487
20488
20491
20492
20493
20494
20495
20609
20611
20612
20613
20615
20617
20620
20622
20623
20626
20628
20633
20634
20635
20640
20736
20737
20738
20739
20740
20741
20742
20743
20744
20745
20746
20747
20748
20749
20750
20751
20752
20753
20754
20755
20757
20758
20759
20760
20762
20763
20764
20765
20766
20767
20768
20769
20770
20872
20873
20874
20875
20878
20880
20883
20884
20997
20998
20999
21001
21004
21006
21007
21060
21065
21069
21073
21074
21165
21166
21169
21171
21173
21174
21175
21177
21178
21181
21182
21183
21184
21186
21189
21190
21269
21271
21272
21273
21277
21278
21279
21280
21282
21283
21286
21288
21292
21378
21379
21380
21381
21383
21384
21465
21481
21529
21537
21539
21540
21544
21546
21592
21594
21596
21597
21599
21600
21601
21602
21604
21605
21606
21691
21693
21694
21695
21696
21698
21699
21701
21702
21704
21705
21710
21712
21714
21715
21716
21780
21781
21782
21783
21784
21785
21786
21787
21788
21789
21791
21792
21793
21794
21796
21797
21798
21799
21800
21801
21802
21803
21805
21806
21828
21829
21830
21890
21891
21896
21947
21956
21962
21964
21981
21985
21988
21989
21991
22046
22050
22052
22054
22125
22126
22127
22128
22129
22130
22131
22132
22133
22134
22135
22136
22137
22138
22139
22140
22141
22143
22194
22195
22271
22272
22295
22297
22298
22300
22303
22305
22369
22370
22372
22373
22374
22375
22377
22380
22381
22382
22383
22384
22385
22386
22508
22509
22510
22511
22512
22513
22516
22517
22518
22519
22520
22521
22523
22524
22526
22529
22531
22532
22534
22536
22538
22539
22635
22636
22637
22638
22639
22640
22641
22642
22643
22644
22645
22646
22647
22648
22649
22650
22651
22653
22654
22655
22656
22657
22658
22659
22660
22662
22664
22668
22669
22672
22673
22780
22783
22785
22787
22791
22880
22895
22935
22964
22966
22971
22972
23021
23022
23072
23074
23076
23077
23078
23080
23082
23089
23127
23174
23177
23178
23190
23191
23192
23194
23195
23259
23262
23263
23265
23266
23267
23270
23271
23272
23273
23275
23392
23395
23396
23397
23398
23399
23401
23404
23405
23406
23408
23409
23411
23412
23414
23416
23417
23502
23504
23505
23506
23507
23508
23509
23510
23512
23513
23514
23516
23517
23518
23519
23520
23521
23523
23528
23623
23624
23626
23629
23631
23632
23708
23719
23745
23770
23830
23831
23832
23833
23834
23835
23836
23839
23840
23841
23871
23873
23874
23875
23876
23879
23880
23881
23882
23884
23983
23985
23986
23987
23991
23992
23993
23994
23995
23996
23997
23998
23999
24000
24001
24002
24003
24004
24005
24006
24007
24143
24144
24145
24147
24150
24151
24152
24153
24154
24155
24156
24157
24158
24159
24161
24162
24163
24164
24167
24171
24172
24173
24174
24175
24181
24293
24294
24295
24296
24297
24298
24299
24300
24301
24302
24303
24304
24305
24306
24307
24308
24309
24311
24312
24313
24314
24315
24316
24317
24318
24319
24320
24322
24323
24324
24325
24326
24327
24328
24330
24331
24332
24462
24463
24466
24468
24469
24470
24471
24473
24479
24573
24574
24575
24578
24582
24585
24586
24589
24593
24595
24597
24601
24613
24614
24632
24633
24634
24635
24636
24637
24651
24652
24655
24657
24679
24680
24681
24683
24702
24703
24704
24705
24706
24711
24713
24720
24723
24798
24802
24803
24804
24805
24807
24808
24810
24812
24813
24814
24815
24816
24941
24942
24943
24946
24948
24950
24951
24952
24953
24961
24966
25061
25062
25063
25064
25065
25066
25067
25068
25069
25070
25071
25072
25073
25074
25076
25077
25078
25079
25080
25081
25082
25083
25084
25085
25086
25091
25092
25093
25214
25215
25217
25219
25220
25222
25225
25228
25229
25315
25369
25371
25373
25374
25376
25377
25435
25436
25438
25440
25444
25445
25446
25448
25496
25497
25498
25499
25500
25502
25503
25504
25505
25506
25507
25508
25552
25553
25554
25588
25600
25602
25645
25646
25647
25650
25652
25692
25693
25694
25695
25698
25700
25701
25768
25769
25770
25772
25773
25774
25777
25778
25779
25781
25782
25784
25785
25787
25788
25865
25866
25867
25868
25871
25872
25873
25874
25875
25876
25877
25879
25880
25881
25882
25883
25884
25885
25886
25965
25966
26033
26044
26045
26046
26047
26061
26084
26085
26086
26096
26099
26101
26150
26152
26156
26157
26159
26162
26236
26237
26238
26239
26240
26241
26242
26299
26301
26303
26304
26305
26306
26307
26308
26309
26310
26311
26312
26313
26314
26316
26319
26321
26387
26390
26463
26465
26467
26470
26471
26473
26474
26478
26516
26517
26518
26519
26522
26582
26584
26587
26588
26589
26591
26593
26594
26643
26646
26650
26651
26652
26655
26656
26657
26658
26659
26662
26663
26666
26667
26723
26726
26778
26853
26854
26855
26857
26858
26908
26910
26911
26915
26916
26917
26918
26967
26968
26970
26971
26973
26974
26975
26976
26977
26978
26979
26981
26982
26983
27025
27085
27086
27087
27088
27089
27090
27127
27128
27129
27130
27131
27133
27134
27135
27136
27139
27214
27215
27216
27217
27220
27221
27222
27223
27224
27225
27226
27227
27230
27231
27232
27233
27308
27309
27310
27312
27313
27314
27315
27316
27317
27318
27319
27320
27321
27323
27324
27325
27326
27327
27328
27329
27330
27332
27333
27334
27335
27404
27405
27406
27407
27499
27522
27524
27527
27528
27530
27531
27532
27533
27534
27536
27538
27540
27543
27616
27619
27620
27621
27622
27623
27624
27625
27626
27627
27628
27629
27631
27632
27633
27634
27635
27751
27752
27754
27755
27756
27757
27759
27760
27761
27762
27763
27764
27765
27766
27767
27768
27769
27770
27773
27774
27775
27776
27780
27782
27879
27880
27881
27882
27883
27884
27885
27886
27887
27889
27890
27891
27892
27893
27894
27895
27896
27897
27898
27899
27900
27901
27902
27903
27905
27906
27907
27910
27911
27912
27913
28029
28030
28032
28033
28035
28036
28038
28039
28043
28135
28155
28167
28168
28173
28222
28225
28306
28307
28309
28310
28311
28314
28316
28318
28324
28327
28399
28400
28401
28402
28404
28405
28406
28407
28408
28410
28411
28489
28490
28491
28493
28496
28553
28554
28573
28575
28604
28605
28680
28682
28683
28684
28685
28686
28687
28688
28689
28691
28693
28736
28737
28738
28739
28740
28741
28742
28743
28745
28750
28751
28752
28753
28754
28756
28758
28862
28863
28864
28867
28868
28870
28871
28872
28873
28875
28876
28877
28878
28880
28881
28882
28883
28884
28885
28886
28888
28889
28890
28891
28892
28893
28894
28895
28896
29039
29040
29041
29042
29043
29044
29045
29046
29047
29048
29049
29050
29051
29052
29053
29054
29055
29056
29057
29058
29059
29060
29061
29062
29064
29065
29066
29067
29069
29071
29072
29073
29074
29077
29078
29079
29082
29084
29086
29200
29201
29202
29203
29204
29205
29206
29207
29208
29209
29210
29211
29213
29214
29215
29216
29217
29218
29220
29221
29222
29223
29224
29226
29227
29228
29230
29231
29232
29233
29234
29235
29236
29237
29238
29239
29393
29394
29395
29396
29397
29398
29400
29401
29402
29404
29405
29406
29407
29409
29410
29411
29412
29413
29414
29415
29525
29532
29533
29536
29549
29550
29552
29553
29554
29560
29563
29568
29585
29590
29592
29594
29639
29641
29642
29644
29645
29704
29707
29708
29709
29768
29770
29771
29772
29773
29774
29775
29776
29778
29780
29781
29782
29783
29784
29786
29787
29788
29789
29791
29845
29846
29850
29851
29888
29924
29925
29930
29935
29938
30004
30006
30007
30008
30009
30010
30011
30012
30013
30014
30015
30016
30017
30018
30020
30021
30157
30159
30160
30161
30163
30164
30165
30167
30171
30172
30173
30176
30178
30180
30182
30184
30289
30290
30291
30292
30293
30294
30295
30296
30297
30298
30299
30300
30301
30302
30303
30304
30305
30307
30308
30310
30311
30312
30315
30316
30317
30318
30319
30320
30321
30322
30324
30325
30326
30455
30456
30458
30459
30460
30462
30638
30643
30690
30691
30693
30694
30695
30696
30697
30698
30699
30702
30703
30705
30798
30799
30816
30817
30818
30819
30821
30843
30844
30845
30846
30847
30848
30849
30874
30891
30908
30909
30920
30921
30923
30927
30928
30930
30977
30978
30979
30983
30984
31053
31057
31059
31061
31062
31065
31067
31127
31128
31129
31130
31131
31132
31133
31134
31136
31137
31138
31139
31140
31141
31143
31144
31145
31146
31149
31151
31152
31153
31217
31218
31263
31282
31293
31310
31311
31328
31412
31413
31414
31416
31417
31418
31419
31420
31423
31424
31425
31427
31428
31429
31430
31431
31432
31435
31436
31437
31438
31439
31440
31441
31442
31444
31526
31527
31528
31529
31530
31531
31532
31534
31535
31536
31537
31538
31539
31541
31542
31543
31544
31545
31549
31550
31552
31553
31554
31555
31608
31609
31610
31611
31612
31613
31614
31615
31616
31617
31619
31620
31623
31722
31723
31724
31725
31726
31727
31728
31729
31730
31731
31732
31733
31734
31735
31736
31737
31738
31739
31740
31741
31806
31807
31808
31809
31810
31811
31813
31814
31816
31896
31897
31898
31900
31901
31903
31905
31906
31961
31962
31963
31966
31967
31971
31974
31975
31976
31980
31983
32009
32019
32024
32034
32099
32100
32101
32102
32184
32185
32187
32188
32189
32190
32191
32193
32194
32195
32196
32197
32198
32199
32200
32201
32202
32206
32208
32212
32213
32325
32326
32327
32328
32329
32330
32331
32332
32333
32334
32335
32336
32337
32338
32339
32340
32341
32342
32343
32344
32345
32346
32347
32348
32350
32351
32352
32353
32354
32355
32356
32357
32358
32359
32360
32361
32435
32436
32438
32440
32441
32442
32443
32444
32445
32447
32449
32453
32454
32455
32570
32571
32572
32573
32574
32575
32576
32577
32578
32579
32580
32581
32582
32583
32584
32585
32586
32587
32588
32589
32590
32591
32675
32676
32677
32678
32679
32680
32681
32682
32683
32684
32685
32686
32687
32688
32689
32690
32691
32692
32694
32695
32696
32697
32698
32807
32809
32812
32813
32814
32815
32816
32817
32818
32819
32820
32822
32823
32825
32826
32904
32905
32906
32907
32909
32910
32911
32912
32913
32914
32915
32916
32917
32919
32920
32921
32922
32923
32924
32925
32926
32927
32928
32930
32931
32932
32933
32935
33018
33023
33024
33025
33073
33074
33075
33076
33078
33079
33080
33081
33082
33102
33103
33106
33107
33108
33168
33169
33170
33172
33173
33174
33175
33177
33207
33263
33288
33289
33290
33291
33293
33295
33296
33297
33299
33300
33310
33326
33396
33441
33442
33443
33444
33445
33446
33447
33448
33452
33453
33475
33480
33542
33543
33544
33545
33547
33548
33549
33551
33553
33554
33598
33600
33601
33602
33604
33663
33684
33685
33688
33692
33694
33719
33745
33746
33747
33792
33793
33803
33804
33805
33806
33807
33825
33826
33827
33833
33859
33861
33929
33933
33945
33948
33979
33989
34034
34035
34037
34096
34097
34099
34101
34102
34103
34104
34105
34106
34107
34108
34109
34110
34111
34112
34113
34114
34115
34117
34118
34119
34120
34122
34126
34127
34128
34129
34130
34131
34223
34224
34225
34226
34228
34229
34230
34231
34232
34233
34234
34235
34236
34237
34238
34239
34241
34242
34244
34250
34251
34253
34322
34326
34327
34328
34329
34331
34336
34435
34436
34437
34438
34439
34441
34442
34443
34444
34445
34446
34447
34448
34449
34450
34451
34453
34454
34456
34457
34541
34544
34545
34546
34547
34549
34551
34552
34553
34554
34556
34558
34559
34560
34563
34656
34657
34659
34660
34664
34665
34667
34668
34669
34741
34743
34744
34745
34746
34748
34749
34750
34751
34752
34753
34756
34758
34761
34762
34819
34820
34863
34865
34868
34869
34870
34871
34874
34893
34936
34937
34938
34939
34940
34942
34943
34944
34945
34946
34979
34980
34982
34983
35042
35043
35044
35072
35096
35101
35102
35113
35127
35131
35139
35193
35195
35196
35262
35264
35265
35266
35269
35271
35272
35300
35301
35368
35369
35370
35372
35373
35375
35376
35377
35378
35379
35380
35487
35491
35528
35529
35530
35531
35535
35544
35595
35596
35598
35599
35653
35654
35655
35656
35666
35698
35810
35812
35814
35815
35817
35818
35819
35820
35821
35822
35823
35825
35828
35830
35916
35917
35918
35919
35920
35921
35922
35923
35924
35925
35926
35927
35929
35930
35931
35932
35933
35934
35935
35936
35937
35939
35940
35941
35942
35944
35945
35947
35949
36000
36002
36003
36004
36005
36007
36008
36010
36014
36016
36118
36119
36120
36121
36122
36123
36124
36125
36126
36127
36128
36129
36130
36131
36132
36133
36134
36135
36136
36137
36138
36205
36206
36207
36208
36209
36210
36211
36212
36213
36214
36218
36219
36220
36221
36222
36313
36314
36316
36317
36318
36319
36320
36321
36322
36323
36324
36326
36328
36329
36392
36393
36394
36395
36396
36397
36399
36400
36401
36402
36404
36405
36406
36407
36409
36411
36414
36416
36417
36467
36500
36501
36503
36561
36562
36564
36565
36566
36568
36569
36572
36573
36575
36577
36579
36619
36620
36682
36684
36685
36689
36691
36693
36739
36741
36743
36806
36808
36810
36851
36852
36853
36856
36872
36880
36881
36882
36888
36889
36890
36914
36915
36922
36923
36928
36929
36945
36946
36956
36963
37004
37005
37080
37081
37086
37087
37089
37090
37092
37093
37095
37096
37097
37098
37099
37100
37104
37106
37107
37111
37212
37213
37214
37215
37216
37217
37218
37219
37220
37221
37222
37223
37225
37226
37227
37228
37229
37230
37231
37232
37241
37243
37244
37305
37306
37308
37311
37314
37316
37318
37319
37321
37431
37432
37433
37434
37435
37436
37437
37438
37439
37440
37441
37442
37443
37444
37445
37446
37447
37448
37449
37450
37451
37452
37530
37531
37532
37533
37535
37537
37542
37543
37544
37545
37546
37547
37548
37549
37550
37551
37552
37554
37555
37556
37662
37663
37665
37666
37673
37675
37750
37752
37753
37756
37758
37759
37760
37761
37762
37765
37766
37767
37770
37771
37773
37774
37776
37835
37850
37851
37852
37909
37945
37956
37994
37996
38055
38070
38081
38120
38122
38125
38126
38128
38167
38170
38172
38189
38191
38234
38235
38236
38237
38238
38239
38240
38311
38312
38313
38316
38349
38392
38450
38451
38452
38453
38454
38455
38456
38457
38458
38459
38460
38461
38462
38463
38464
38465
38467
38468
38471
38472
38473
38475
38477
38478
38479
38571
38572
38573
38574
38575
38576
38577
38578
38579
38580
38581
38582
38584
38585
38586
38587
38588
38589
38590
38594
38596
38597
38599
38600
38671
38672
38673
38675
38676
38677
38678
38679
38681
38682
38683
38684
38686
38687
38689
38691
38692
38796
38797
38798
38799
38800
38801
38802
38803
38804
38805
38806
38807
38808
38809
38810
38811
38812
38813
38814
38815
38896
38897
38898
38899
38900
38905
38908
39009
39010
39011
39013
39014
39016
39018
39020
39021
39023
39090
39092
39093
39095
39096
39097
39099
39100
39101
39102
39104
39105
39106
39107
39108
39109
39110
39111
39112
39113
39114
39116
39117
39118
39119
39181
39182
39183
39185
39187
39188
39242
39243
39247
39248
39250
39251
39252
39253
39255
39283
39284
39286
39341
39342
39343
39344
39347
39348
39349
39350
39351
39352
39353
39354
39355
39356
39456
39458
39459
39484
39485
39497
39498
39581
39583
39584
39585
39586
39590
39591
39592
39593
39594
39595
39596
39597
39598
39599
39600
39601
39677
39679
39681
39682
39683
39684
39685
39686
39687
39688
39689
39690
39692
39693
39694
39695
39698
39700
39742
39743
39745
39748
39749
39750
39751
39753
39755
39842
39844
39845
39846
39848
39849
39850
39851
39854
39855
39856
39857
39858
39859
39860
39914
39916
39917
39918
39919
39920
39921
39922
39923
39924
39925
39926
40004
40007
40008
40010
40063
40064
40065
40067
40068
40069
40070
40071
40072
40074
40075
40077
40137
40139
40140
40142
40146
40213
40214
40215
40216
40218
40219
40220
40221
40222
40223
40225
40228
40229
40230
40232
40272
40274
40275
40278
40279
40352
40353
40354
40356
40357
40358
40359
40360
40361
40362
40363
40364
40365
40366
40367
40368
40369
40370
40371
40416
40417
40419
40420
40422
40423
40490
40493
40494
40495
40498
40499
40501
40542
40545
40546
40548
40549
40550
40551
40555
40645
40646
40647
40648
40649
40650
40654
40655
40657
40658
40659
40662
40663
40664
40669
40746
40747
40748
40749
40750
40751
40752
40753
40754
40755
40757
40758
40760
40761
40762
40763
40764
40767
40768
40820
40822
40823
40824
40825
40826
40827
40828
40829
40921
40922
40923
40924
40925
40926
40927
40928
40929
40930
40931
40932
40933
40934
40935
40937
40997
40998
41001
41003
41004
41005
41007
41009
41010
41011
41100
41101
41103
41104
41106
41109
41111
41112
41113
41167
41168
41169
41170
41172
41175
41177
41178
41180
41208
41267
41268
41269
41272
41314
41317
41319
41320
41336
41338
41420
41467
41468
41470
41472
41473
41474
41475
41477
41478
41479
41481
41482
41484
41486
41576
41577
41578
41579
41580
41581
41582
41583
41584
41586
41588
41590
41591
41592
41593
41597
41600
41602
41660
41662
41663
41763
41764
41765
41766
41767
41768
41769
41770
41771
41772
41773
41774
41775
41776
41777
41778
41779
41780
41781
41853
41856
41858
41862
41869
41870
41969
41972
41974
41976
41979
41980
41983
42044
42046
42047
42048
42049
42054
42055
42056
42058
42179
42181
42182
42184
42185
42186
42187
42188
42189
42190
42191
42192
42193
42195
42196
42198
42199
42201
42203
42205
42209
42210
42293
42296
42299
42300
42302
42304
42305
42306
42307
42311
42312
42313
42314
42320
42323
42324
42378
42379
42380
42381
42383
42386
42387
42388
42393
42494
42495
42497
42498
42499
42500
42501
42502
42503
42505
42507
42508
42509
42510
42511
42512
42513
42514
42584
42587
42588
42590
42591
42593
42594
42597
42700
42701
42702
42705
42706
42707
42711
42715
42778
42779
42780
42782
42786
42787
42788
42790
42791
42793
42796
42798
42800
42847
42848
42849
42899
42900
42902
42903
42904
42905
42906
42907
42909
42910
42912
42913
42918
42919
42920
42921
42923
42927
42929
42930
42932
42934
43016
43017
43018
43019
43020
43022
43024
43025
43026
43028
43029
43031
43035
43037
43040
43096
43097
43099
43100
43101
43102
43103
43104
43105
43107
43193
43194
43195
43196
43197
43198
43199
43200
43201
43202
43203
43204
43205
43206
43207
43208
43209
43210
43211
43212
43273
43274
43276
43277
43278
43280
43281
43283
43284
43285
43286
43287
43289
43375
43376
43384
43434
43435
43437
43438
43439
43440
43441
43442
43444
43445
43451
43453
43454
43478
43479
43542
43543
43544
43545
43546
43549
43551
43563
43565
43566
43605
43606
43607
43608
43609
43610
43611
43612
43613
43614
43631
43633
43676
43689
43690
43740
43741
43806
43808
43809
43811
43812
43813
43814
43815
43816
43817
43818
43819
43820
43821
43822
43825
43826
43827
43828
43830
43832
43833
43836
43838
43840
43842
43926
43927
43928
43929
43930
43931
43932
43933
43937
43938
43939
43940
43941
43942
43944
43945
43946
43949
43950
43951
43952
43953
43954
43956
44015
44020
44021
44022
44023
44024
44025
44026
44028
44131
44132
44133
44134
44135
44136
44137
44138
44139
44140
44141
44142
44144
44145
44146
44147
44148
44149
44151
44224
44225
44226
44227
44228
44229
44334
44337
44338
44339
44340
44342
44343
44344
44345
44346
44347
44348
44349
44350
44351
44352
44353
44354
44422
44423
44424
44425
44426
44428
44429
44430
44431
44432
44433
44434
44435
44438
44440
44443
44445
44447
44486
44489
44494
44498
44506
44541
44593
44594
44595
44596
44597
44599
44600
44601
44602
44603
44657
44658
44659
44661
44662
44663
44664
44665
44666
44667
44700
44744
44745
44746
44747
44758
44787
44872
44873
44874
44875
44876
44878
44879
44880
44882
44883
44884
44885
44887
44888
44889
44890
44891
44893
44894
44895
44897
44898
44899
44985
44986
44987
44988
44989
44990
44992
44993
44994
44995
44996
44998
45000
45001
45002
45004
45007
45012
45050
45052
45054
45144
45146
45147
45148
45149
45150
45151
45152
45153
45154
45155
45156
45157
45158
45159
45214
45219
45221
45223
45224
45228
45230
45231
45315
45316
45317
45318
45321
45322
45328
45373
45376
45380
45384
45458
45459
45460
45461
45462
45463
45464
45465
45466
45467
45468
45469
45470
45471
45472
45473
45474
45475
45476
45478
45479
45480
45481
45482
45483
45484
45485
45486
45488
45489
45490
45491
45492
45493
45494
45594
45596
45597
45598
45599
45600
45601
45603
45605
45607
45609
45611
45613
45616
45618
45730
45731
45732
45733
45734
45735
45737
45738
45739
45740
45741
45742
45743
45744
45745
45746
45747
45748
45749
45750
45751
45752
45753
45754
45755
45756
45757
45758
45759
45760
45761
45762
45763
45764
45765
45766
45767
45829
45831
45838
45839
45862
45863
45864
45865
45866
45867
45869
45870
45871
45872
45873
45874
45875
45876
45878
45879
45880
45881
45882
45883
45884
45885
45886
45887
45888
45890
45947
45948
45949
45950
45951
45953
45954
45957
45958
45959
45960
45963
45964
45965
45968
45969
45970
45971
46007
46008
46009
46010
46011
46012
46013
46014
46016
46017
46018
46019
46020
46021
46022
46023
46024
46026
46027
46028
46029
46032
46033
46034
46035
46036
46037
46038
46039
46040
46041
46042
46043
46081
46083
46085
46102
46104
46105
46116
46117
46125
46163
46164
46165
46166
46167
46168
46170
46171
46172
46173
46174
46175
46176
46177
46178
46179
46180
46181
46182
46183
46184
46185
46186
46187
46188
46189
46190
46191
46193
46194
46195
46196
46197
46198
46199
46200
46201
46202
46203
46204
46205
46206
46207
46208
46330
46331
46333
46335
46336
46337
46338
46339
46341
46342
46343
46345
46346
46347
46348
46349
46351
46352
46353
46354
46355
46356
46357
46360
46361
46362
46363
46364
46368
46490
46492
46493
46494
46496
46497
46498
46499
46500
46501
46502
46503
46504
46505
46506
46507
46508
46509
46510
46511
46512
46513
46514
46515
46516
46517
46518
46519
46521
46522
46523
46524
46525
46526
46527
46528
46530
46531
46533
46534
46628
46630
46633
46635
46636
46639
46645
46685
46686
46687
46688
46689
46690
46691
46692
46693
46695
46696
46697
46698
46699
46700
46701
46703
46704
46705
46706
46708
46709
46711
46712
46713
46716
46717
46782
46783
46785
46786
46788
46791
46792
46793
46795
46796
46797
46798
46806
46807
46809
46810
46812
46855
46856
46857
46859
46861
46863
46864
46865
46866
46867
46868
46869
46870
46871
46872
46873
46874
46875
46876
46877
46878
46879
46881
46882
46883
46884
46885
46886
46887
46888
46889
46890
46891
46892
46893
46950
46951
46952
46953
46954
46955
46956
46957
46958
46959
46960
46961
46963
46964
47000
47001
47002
47004
47005
47007
47008
47009
47011
47012
47013
47015
47017
47019
47020
47021
47022
47025
47026
47086
47153
47154
47155
47159
47162
47163
47165
47166
47192
47194
47201
47203
47204
47205
47206
47207
47208
47209
47210
47211
47212
47213
47214
47215
47216
47217
47218
47219
47244
47263
47264
47267
47268
47273
47276
47277
47289
47300
47330
47331
47332
47334
47335
47336
47337
47340
47342
47344
47346
47349
47352
47356
47358
47360
47419
47420
47424
47484
47486
47487
47488
47489
47490
47491
47493
47501
47505
47506
47528
47541
47542
47544
47545
47546
47547
47549
47550
47551
47554
47573
47574
47575
47577
47581
47582
47600
47601
47602
47603
47606
47607
47609
47614
47615
47617
47619
47622
47624
47626
47628
47661
47662
47665
47666
47667
47669
47671
47683
47684
47686
47708
47709
47730
47731
47733
47734
47737
47753
47759
47789
47790
47794
47795
47797
47798
47800
47801
47802
47829
47830
47869
47871
47880
47896
47902
47927
47929
47931
47936
47937
47938
47941
47942
47943
47953
47954
47984
47985
47986
47987
47988
47989
47991
47992
47993
47994
47995
47996
47997
47998
47999
48000
48001
48002
48003
48004
48005
48006
48007
48008
48009
48010
48011
48012
48013
48014
48015
48016
48017
48018
48019
48020
48021
48022
48023
48024
48025
48026
48138
48139
48140
48142
48143
48144
48147
48149
48150
48151
48152
48154
48155
48158
48159
48162
48264
48265
48267
48268
48269
48270
48271
48273
48274
48276
48277
48279
48280
48281
48283
48284
48285
48286
48288
48289
48290
48291
48292
48294
48295
48296
48297
48298
48299
48300
48301
48303
48304
48375
48380
48381
48382
48407
48408
48409
48410
48411
48412
48413
48414
48415
48416
48417
48418
48419
48420
48421
48422
48423
48424
48425
48426
48427
48429
48430
48431
48432
48433
48495
48496
48498
48499
48500
48501
48502
48503
48504
48505
48506
48511
48512
48516
48518
48520
48522
48557
48558
48559
48560
48561
48562
48563
48564
48565
48566
48567
48568
48569
48570
48571
48572
48573
48575
48576
48577
48578
48579
48580
48581
48582
48583
48584
48586
48587
48588
48589
48590
48591
48592
48593
48594
48595
48635
48667
48668
48670
48671
48672
48674
48675
48685
48686
48687
48691
48692
48694
48695
48810
48811
48813
48814
48815
48816
48817
48819
48820
48821
48823
48824
48826
48828
48830
48862
48863
48864
48865
48866
48867
48868
48869
48871
48872
48873
48874
48875
48876
48877
48878
48879
48896
48898
48902
48922
48926
48927
48931
48932
48934
48935
48936
48937
48938
48939
48940
48941
48943
48946
48947
48948
48949
48973
48980
48988
48999
49004
49005
49012
49022
49023
49025
49046
49047
49053
49054
49055
49056
49057
49059
49062
49063
49064
49066
49068
49069
49070
49071
49139
49141
49145
49149
49151
49152
49227
49230
49231
49233
49234
49237
49238
49244
49247
49291
49293
49299
49300
49301
49302
49303
49304
49305
49306
49307
49308
49309
49310
49311
49312
49313
49314
49315
49354
49357
49362
49363
49386
49387
49389
49391
49392
49395
49396
49403
49405
49407
49408
49432
49436
49438
49466
49468
49486
49489
49490
49491
49492
49494
49495
49549
49552
49553
49567
49568
49569
49570
49571
49572
49573
49574
49575
49593
49596
49598
49600
49604
49605
49606
49610
49643
49644
49645
49646
49647
49648
49649
49650
49652
49653
49654
49655
49656
49657
49658
49659
49660
49661
49662
49663
49664
49665
49666
49667
49670
49671
49673
49675
49676
49677
49678
49679
49680
49681
49683
49784
49786
49787
49788
49789
49790
49794
49795
49796
49798
49801
49802
49803
49804
49805
49916
49917
49918
49919
49920
49921
49922
49923
49924
49925
49926
49928
49929
49931
49932
49933
49934
49935
49936
49937
49938
49940
49941
49942
49943
49944
49945
49946
49947
49948
49949
49950
49951
49952
49953
49954
49956
49957
50025
50027
50028
50029
50033
50034
50035
50036
50058
50059
50060
50061
50062
50063
50064
50065
50066
50067
50068
50069
50070
50071
50072
50073
50074
50075
50076
50077
50078
50079
50080
50081
50082
50083
50084
50085
50086
50153
50154
50155
50156
50159
50160
50161
50162
50163
50166
50167
50168
50169
50170
50171
50172
50174
50175
50176
50177
50178
50179
50181
50182
50183
50187
50226
50227
50228
50230
50232
50234
50235
50236
50238
50239
50240
50241
50242
50243
50244
50245
50246
50247
50248
50249
50250
50251
50252
50253
50254
50255
50256
50257
50258
50259
50260
50261
50262
50263
50264
50314
50316
50317
50324
50325
50357
50358
50360
50361
50362
50363
50364
50365
50366
50368
50369
50370
50371
50372
50373
50374
50375
50376
50377
50379
50381
50382
50383
50384
50386
50389
50454
50456
50457
50461
50463
50537
50538
50539
50540
50541
50542
50543
50544
50545
50546
50547
50550
50551
50553
50555
50556
50558
50559
50560
50561
50562
50564
50565
50614
50635
50636
50637
50638
50639
50640
50642
50643
50644
50645
50646
50648
50649
50651
50652
50653
50654
50656
50691
50692
50694
50696
50697
50699
50703
50705
50706
50728
50729
50731
50732
50734
50735
50736
50737
50738
50739
50742
50743
50744
50745
50746
50747
50749
50750
50753
50754
50756
50789
50790
50791
50792
50793
50807
50813
50814
50815
50816
50822
50828
50829
50836
50839
50847
50863
50865
50866
50867
50882
50929
50930
50931
50932
50933
50934
50935
50936
50937
50938
50939
50940
50941
50942
50943
50944
50945
50946
50948
50949
50950
50951
50952
50953
50954
50955
50956
50957
50958
50959
50960
50961
50962
50963
50964
50965
50966
50967
50968
50969
50970
50971
50972
50973
51095
51096
51097
51099
51100
51102
51104
51105
51106
51107
51108
51109
51111
51112
51113
51114
51119
51120
51121
51123
51124
51127
51128
51130
51248
51249
51250
51251
51252
51253
51254
51256
51257
51258
51259
51260
51261
51262
51263
51264
51265
51266
51267
51268
51269
51270
51271
51272
51273
51274
51275
51276
51277
51278
51279
51280
51281
51282
51283
51284
51285
51287
51288
51289
51290
51291
51363
51364
51365
51366
51368
51370
51371
51372
51373
51374
51375
51378
51380
51407
51409
51410
51411
51412
51414
51415
51416
51417
51418
51419
51420
51421
51422
51423
51424
51425
51426
51427
51428
51429
51430
51431
51432
51433
51434
51435
51438
51440
51441
51442
51504
51506
51507
51509
51510
51511
51512
51514
51515
51516
51517
51518
51519
51520
51521
51522
51523
51525
51527
51529
51530
51532
51573
51574
51575
51576
51577
51578
51579
51580
51581
51582
51583
51584
51585
51586
51587
51589
51590
51592
51593
51594
51595
51596
51597
51598
51599
51600
51601
51602
51603
51604
51605
51606
51607
51608
51609
51610
51611
51612
51613
51614
51666
51668
51670
51671
51675
51677
51678
51701
51705
51712
51713
51732
51733
51741
51747
51748
51755
51756
51758
51786
51787
51790
51794
51798
51803
51884
51886
51903
51905
51906
51907
51910
51911
51914
51927
51940
51941
51946
51951
51954
51969
51977
51997
51999
52000
52001
52002
52004
52007
52008
52010
52013
52014
52015
52016
52094
52095
52098
52100
52105
52131
52132
52133
52137
52140
52171
52173
52177
52183
52184
52236
52237
52238
52239
52240
52241
52242
52243
52244
52245
52246
52247
52248
52250
52251
52252
52253
52254
52255
52256
52257
52258
52259
52260
52261
52262
52263
52264
52265
52266
52267
52268
52269
52270
52271
52272
52273
52274
52275
52276
52277
52278
52399
52402
52405
52409
52412
52415
52416
52417
52419
52420
52425
52427
52544
52545
52546
52547
52548
52549
52550
52551
52552
52553
52555
52556
52557
52558
52559
52560
52561
52562
52563
52565
52567
52569
52570
52571
52572
52573
52574
52575
52576
52577
52578
52579
52580
52581
52582
52583
52655
52661
52665
52692
52693
52694
52695
52696
52697
52698
52699
52700
52701
52702
52703
52704
52705
52706
52707
52708
52709
52710
52711
52712
52713
52714
52715
52716
52717
52718
52719
52720
52721
52722
52723
52724
52725
52726
52779
52780
52782
52783
52786
52787
52788
52791
52793
52796
52797
52798
52799
52800
52802
52803
52807
52808
52809
52810
52813
52815
52847
52848
52849
52850
52852
52854
52855
52856
52857
52858
52859
52860
52861
52863
52864
52865
52866
52867
52868
52869
52870
52871
52872
52873
52876
52877
52878
52879
52880
52881
52883
52884
52885
52886
52887
52931
52934
52937
52977
52978
52979
52980
52981
52982
52983
52984
52985
52987
52989
52991
52992
52993
52994
52995
52996
52998
52999
53001
53004
53005
53006
53007
53008
53009
53011
53012
53067
53070
53071
53076
53083
53158
53161
53162
53163
53166
53167
53169
53171
53172
53173
53174
53175
53178
53180
53181
53182
53218
53219
53221
53222
53223
53224
53225
53226
53227
53228
53229
53230
53231
53232
53233
53235
53236
53237
53238
53264
53265
53266
53267
53268
53269
53270
53271
53272
53295
53298
53300
53301
53303
53304
53306
53310
53311
53312
53314
53316
53317
53319
53320
53322
53323
53324
53325
53374
53375
53377
53380
53381
53383
53384
53385
53386
53387
53389
53390
53391
53392
53393
53394
53396
53397
53399
53401
53402
53403
53406
53407
53408
53409
53411
53486
53487
53492
53498
53499
53501
53505
53605
53606
53607
53608
53609
53610
53612
53613
53614
53615
53616
53617
53618
53620
53621
53622
53624
53625
53626
53627
53628
53629
53630
53631
53632
53633
53634
53635
53677
53678
53704
53705
53706
53707
53708
53709
53710
53711
53712
53713
53714
53715
53716
53717
53718
53719
53720
53721
53722
53724
53725
53726
53727
53768
53769
53770
53771
53772
53773
53774
53775
53779
53780
53783
53784
53785
53818
53819
53820
53821
53822
53825
53826
53827
53828
53829
53832
53833
53834
53835
53836
53837
53838
53839
53840
53841
53842
53843
53844
53845
53847
53848
53912
53913
53914
53915
53917
53918
53919
53920
53921
53922
53923
53924
53925
53926
53927
53928
53929
53931
53932
53933
53934
53935
53936
53938
53939
53940
53941
53942
53943
53944
53945
54020
54021
54023
54024
54026
54029
54117
54119
54122
54123
54124
54125
54126
54127
54128
54131
54132
54133
54134
54136
54139
54141
54144
54148
54193
54195
54197
54209
54210
54211
54212
54213
54214
54215
54216
54217
54219
54220
54221
54222
54223
54224
54225
54226
54227
54229
54294
54296
54297
54298
54300
54301
54302
54305
54306
54309
54310
54311
54312
54313
54314
54317
54318
54323
54355
54386
54387
54389
54390
54391
54392
54393
54394
54395
54396
54397
54398
54399
54400
54401
54402
54403
54404
54405
54406
54407
54408
54409
54410
54411
54412
54413
54414
54415
54416
54417
54418
54419
54420
54421
54422
54423
54424
54517
54518
54520
54521
54522
54526
54527
54528
54530
54531
54533
54534
54535
54537
54538
54539
54540
54651
54652
54655
54656
54657
54658
54660
54661
54662
54663
54664
54665
54666
54667
54668
54669
54670
54671
54672
54673
54675
54677
54733
54734
54736
54737
54738
54739
54744
54745
54747
54768
54769
54770
54771
54772
54773
54774
54775
54776
54777
54778
54779
54780
54781
54782
54783
54784
54785
54787
54788
54791
54793
54838
54841
54842
54843
54845
54846
54849
54852
54854
54855
54856
54857
54859
54860
54894
54895
54896
54897
54898
54901
54902
54903
54904
54905
54906
54907
54908
54909
54910
54911
54913
54914
54915
54916
54917
54918
54919
54920
54921
54923
54924
54958
54959
54961
54963
54986
55000
55001
55006
55008
55009
55010
55013
55038
55040
55077
55082
55083
55085
55091
55112
55113
55114
55115
55142
55143
55148
55192
55193
55194
55195
55196
55197
55198
55200
55201
55202
55203
55205
55206
55207
55208
55209
55210
55211
55214
55215
55216
55217
55218
55219
55220
55221
55222
55223
55224
55225
55226
55228
55229
55230
55231
55233
55235
55333
55334
55341
55345
55346
55348
55349
55353
55355
55461
55462
55463
55464
55465
55466
55468
55469
55470
55471
55472
55473
55474
55475
55476
55477
55478
55479
55481
55482
55486
55487
55488
55489
55490
55491
55492
55494
55495
55496
55497
55562
55564
55566
55600
55601
55602
55603
55604
55606
55607
55608
55609
55610
55611
55612
55613
55614
55616
55617
55620
55621
55623
55624
55625
55626
55627
55631
55632
55689
55692
55693
55694
55695
55696
55698
55700
55703
55704
55706
55707
55709
55713
55716
55757
55758
55759
55760
55761
55762
55764
55765
55766
55768
55769
55770
55771
55775
55777
55778
55779
55780
55781
55782
55783
55784
55785
55786
55787
55788
55789
55790
55791
55792
55793
55794
55795
55796
55797
55798
55888
55889
55890
55891
55892
55893
55894
55895
55896
55897
55898
55899
55900
55901
55902
55903
55904
55906
55907
55908
55909
55910
55911
55912
55913
55914
55915
55916
55917
55918
55919
55920
55921
55923
55924
55925
55926
56029
56030
56033
56034
56036
56037
56038
56040
56041
56043
56046
56049
56155
56156
56158
56159
56160
56161
56162
56163
56164
56165
56166
56167
56168
56169
56171
56172
56173
56174
56175
56176
56177
56178
56179
56180
56181
56182
56183
56185
56186
56188
56189
56190
56191
56192
56193
56252
56254
56255
56257
56258
56279
56280
56281
56282
56283
56284
56285
56286
56287
56288
56289
56290
56291
56292
56293
56294
56295
56296
56297
56298
56303
56354
56357
56360
56364
56367
56370
56372
56373
56374
56376
56377
56378
56416
56417
56419
56420
56421
56422
56424
56425
56426
56427
56428
56429
56430
56431
56432
56433
56434
56435
56436
56437
56438
56439
56440
56441
56442
56443
56444
56445
56446
56447
56448
56449
56450
56451
56452
56453
56526
56527
56528
56529
56531
56532
56533
56534
56535
56536
56538
56539
56541
56543
56544
56545
56546
56547
56549
56552
56553
56554
56555
56556
56557
56558
56559
56561
56562
56563
56564
56565
56667
56672
56678
56772
56773
56774
56775
56776
56778
56779
56782
56783
56786
56787
56788
56789
56790
56791
56792
56793
56794
56795
56797
56798
56799
56801
56802
56803
56804
56805
56862
56863
56868
56875
56901
56902
56903
56904
56905
56906
56908
56909
56911
56912
56913
56915
56916
56918
56921
56970
56971
56972
56974
56975
56977
56979
56981
56983
56986
56987
56988
56993
57033
57037
57038
57039
57041
57042
57043
57044
57045
57046
57047
57048
57049
57051
57053
57054
57057
57058
57059
57110
57112
57113
57115
57116
57117
57120
57122
57124
57126
57131
57224
57226
57227
57228
57231
57251
57253
57257
57258
57261
57262
57263
57295
57297
57298
57300
57301
57302
57310
57311
57323
57352
57353
57354
57355
57356
57357
57358
57359
57360
57361
57362
57363
57364
57365
57366
57367
57368
57369
57370
57371
57372
57373
57374
57375
57376
57377
57378
57379
57380
57381
57383
57384
57385
57387
57388
57392
57393
57395
57396
57506
57507
57508
57510
57512
57513
57514
57515
57516
57517
57518
57522
57525
57527
57528
57533
57534
57535
57643
57644
57645
57646
57647
57648
57649
57650
57651
57653
57654
57655
57657
57658
57659
57660
57661
57662
57663
57664
57665
57666
57667
57668
57669
57671
57673
57674
57675
57676
57677
57678
57679
57680
57746
57748
57750
57752
57757
57781
57782
57783
57784
57785
57786
57787
57788
57790
57791
57792
57793
57794
57795
57796
57797
57798
57799
57800
57801
57802
57803
57804
57805
57806
57807
57808
57810
57811
57869
57872
57873
57874
57875
57876
57878
57880
57881
57883
57885
57888
57890
57892
57895
57896
57897
57899
57938
57940
57941
57942
57943
57944
57945
57947
57948
57949
57950
57951
57952
57953
57954
57955
57956
57957
57958
57959
57960
57961
57962
57963
57964
57965
57966
57967
57968
57969
57970
57971
57972
57973
57974
58012
58013
58014
58017
58038
58046
58048
58053
58055
58057
58061
58067
58074
58075
58080
58084
58086
58104
58106
58107
58110
58111
58113
58114
58115
58116
58117
58118
58119
58120
58215
58216
58217
58218
58219
58220
58223
58224
58227
58229
58231
58234
58250
58257
58258
58262
58263
58265
58266
58268
58269
58270
58271
58272
58273
58293
58294
58311
58312
58313
58317
58323
58324
58347
58350
58351
58359
58364
58365
58367
58368
58398
58399
58400
58401
58402
58403
58404
58405
58406
58407
58409
58410
58411
58412
58413
58417
58419
58420
58421
58422
58423
58424
58425
58426
58427
58428
58429
58430
58431
58432
58433
58531
58533
58534
58633
58634
58635
58637
58638
58639
58641
58642
58643
58644
58645
58646
58647
58648
58649
58650
58651
58653
58654
58655
58657
58659
58661
58665
58666
58712
58713
58715
58736
58737
58738
58739
58740
58741
58742
58743
58745
58746
58748
58751
58752
58753
58754
58755
58756
58757
58795
58798
58800
58803
58806
58807
58810
58812
58813
58840
58841
58842
58843
58844
58845
58846
58848
58850
58851
58852
58853
58854
58855
58856
58858
58860
58861
58863
58864
58865
58867
58869
58870
58871
58872
58874
58875
58876
58904
58935
58936
58947
58948
58950
59022
59023
59024
59025
59026
59027
59028
59030
59034
59035
59037
59038
59099
59100
59101
59102
59103
59104
59105
59106
59107
59108
59109
59111
59112
59114
59221
59222
59223
59224
59225
59226
59227
59228
59229
59231
59232
59265
59266
59268
59269
59271
59272
59342
59346
59375
59377
59379
59380
59381
59382
59414
59415
59416
59417
59418
59419
59420
59422
59469
59470
59471
59472
59473
59572
59574
59575
59576
59577
59578
59579
59580
59583
59584
59586
59587
59588
59627
59631
59632
59633
59634
59635
59636
59727
59728
59729
59732
59733
59734
59736
59737
59738
59739
59781
59783
59784
59785
59787
59789
59790
59791
59794
59795
59796
59797
59798
59800
59870
59871
59872
59874
59875
59877
59878
59882
59883
59884
59885
59886
59887
59888
59936
59937
59939
59956
59959
60021
60023
60025
60028
60030
60086
60087
60088
60089
60090
60092
60093
60095
60096
60198
60199
60200
60201
60202
60203
60205
60206
60207
60208
60210
60211
60212
60213
60257
60260
60261
60262
60263
60324
60325
60328
60361
60362
60365
60367
60376
60377
60386
60418
60427
60428
60442
60483
60516
60517
60521
60522
60562
60563
60564
60565
60566
60567
60568
60663
60664
60666
60667
60669
60671
60672
60673
60674
60675
60698
60762
60796
60856
60869
60871
60872
60904
60906
60907
60908
60910
60911
60912
60914
60915
60930
60970
60971
60972
60973
60974
60975
60976
60977
60993
60995
61041
61105
61166
61167
61169
61170
61171
61172
61174
61175
61176
61177
61182
61265
61266
61267
61268
61270
61271
61272
61273
61275
61276
61277
61278
61279
61280
61281
61283
61326
61327
61329
61330
61331
61332
61335
61418
61420
61421
61422
61423
61424
61425
61426
61427
61428
61429
61432
61434
61435
61437
61481
61483
61488
61492
61572
61574
61575
61576
61631
61632
61634
61635
61636
61637
61639
61640
61642
61643
61646
61647
61692
61764
61821
61827
61925
61926
61927
61928
61986
61987
61988
61995
61996
61997
62081
62082
62084
62085
62087
62088
62089
62090
62094
62124
62126
62129
62133
62134
62137
62208
62210
62211
62213
62214
62216
62217
62220
62221
62222
62262
62266
62267
62268
62269
62339
62346
62393
62394
62430
62432
62445
62446
62463
62532
62534
62536
62538
62540
62587
62588
62589
62590
62592
62593
62594
62595
62596
62599
62600
62601
62602
62603
62604
62605
62606
62691
62692
62693
62694
62695
62696
62697
62698
62699
62700
62701
62704
62705
62707
62710
62711
62712
62713
62714
62715
62777
62778
62779
62782
62783
62786
62788
62875
62877
62878
62879
62880
62882
62883
62885
62886
62887
62889
62890
62891
62892
62893
62894
62957
62958
62959
63043
63044
63045
63048
63053
63054
63098
63100
63101
63103
63106
63107
63108
63112
63114
63115
63116
63119
63138
63139
63147
63160
63161
63162
63172
63173
63191
63200
63235
63236
63239
63305
63308
63311
63312
63313
63314
63317
63319
63322
63400
63403
63405
63407
63408
63411
63412
63414
63415
63455
63457
63458
63459
63460
63464
63465
63467
63470
63557
63558
63559
63562
63563
63564
63565
63566
63567
63568
63569
63570
63571
63572
63573
63574
63627
63628
63633
63636
63717
63718
63719
63720
63722
63723
63726
63787
63788
63789
63791
63795
63797
63800
63833
63834
63835
63838
63839
63840
63850
63851
63900
63901
63902
63903
63906
63907
63909
63958
63959
63960
63961
63962
63963
63985
63987
64024
64040
64042
64062
64084
64085
64086
64088
64090
64093
64114
64115
64117
64118
64123
64124
64125
64127
64183
64184
64189
64218
64220
64221
64278
64279
64280
64281
64282
64284
64285
64287
64288
64290
64322
64325
64326
64327
64330
64331
64332
64389
64390
64393
64394
64397
64399
64417
64421
64423
64443
64456
64505
64508
64562
64565
64572
64649
64653
64654
64655
64659
64661
64663
64704
64769
64792
64795
64797
64798
64800
64801
64844
64846
64876
64878
64879
64899
64900
64901
64936
64950
64952
65000
65001
65010
65058
65059
65061
65062
65092
65093
65099
65100
65101
65103
65105
65159
65160
65161
65162
65163
65164
65184
65185
65186
65230
65231
65233
65234
65244
65301
65303
65305
65311
65312
65314
65316
65364
65365
65366
65367
65369
65370
65373
65453
65454
65455
65456
65457
65459
65460
65461
65463
65464
65492
65493
65494
65496
65500
65566
65587
65588
65591
65602
65627
65628
65630
65631
65632
65634
65635
65636
65637
65640
65641
65642
65643
65699
65701
65702
65705
65706
65707
65708
65709
65710
65711
65712
65817
65819
65820
65821
65822
65824
65825
65827
65828
65831
65832
65833
65884
65887
65889
65890
65891
65892
65893
65896
65897
65898
65899
65900
65901
65902
65905
65991
65992
65993
65995
65996
65997
65998
65999
66000
66001
66002
66003
66004
66005
66006
66007
66008
66009
66071
66075
66078
66079
66081
66083
66084
66085
66086
66157
66158
66159
66160
66161
66162
66163
66166
66167
66168
66169
66170
66171
66173
66174
66176
66179
66182
66241
66242
66249
66292
66293
66295
66296
66297
66298
66299
66301
66303
66304
66313
66314
66315
66318
66320
66382
66383
66384
66387
66388
66389
66390
66391
66393
66394
66426
66431
66432
66476
66477
66478
66479
66480
66508
66559
66560
66563
66564
66595
66674
66675
66754
66755
66756
66757
66758
66759
66760
66763
66764
66765
66766
66767
66769
66771
66772
66774
66775
66777
66778
66779
66780
66864
66865
66866
66868
66869
66870
66871
66872
66873
66874
66875
66876
66877
66878
66879
66881
66882
66883
66949
66950
66952
66953
66954
66957
66958
66959
66961
67069
67071
67073
67074
67075
67076
67077
67079
67080
67082
67084
67085
67086
67087
67155
67156
67157
67159
67160
67163
67164
67166
67167
67168
67169
67170
67171
67261
67262
67263
67264
67265
67271
67277
67351
67354
67356
67357
67359
67360
67361
67362
67395
67397
67398
67399
67400
67410
67412
67414
67426
67475
67476
67478
67480
67512
67513
67514
67515
67516
67576
67577
67578
67581
67582
67603
67605
67606
67607
67660
67661
67662
67727
67770
67774
67775
67776
67777
67778
67783
67787
67854
67855
67856
67858
67859
67860
67861
67862
67864
67867
67869
67870
67871
67872
67876
67929
67932
67933
68013
68014
68015
68016
68017
68018
68019
68020
68021
68022
68023
68026
68027
68028
68030
68089
68091
68171
68173
68174
68175
68176
68177
68178
68179
68181
68231
68232
68235
68236
68237
68243
68248
68250
68251
68254
68292
68327
68342
68346
68350
68435
68450
68451
68456
68457
68477
68550
68588
68614
68615
68616
68671
68673
68674
68675
68790
68791
68793
68811
68825
68830
68844
68911
68912
68913
68914
68915
68916
68917
68918
68919
68920
68921
68922
68923
68924
68925
68926
68927
68928
68929
68930
68931
68932
68933
68934
68935
68936
68937
68938
68939
68940
68942
68943
68944
68945
68946
68947
68948
68949
68950
68951
68952
68953
69060
69063
69064
69065
69066
69067
69069
69070
69071
69072
69073
69074
69075
69077
69078
69079
69080
69081
69083
69084
69085
69087
69088
69089
69090
69092
69093
69094
69095
69198
69199
69200
69201
69202
69203
69205
69206
69207
69208
69209
69210
69211
69212
69213
69214
69215
69216
69217
69218
69219
69220
69221
69222
69223
69224
69225
69226
69227
69228
69229
69230
69231
69232
69233
69234
69235
69236
69237
69238
69239
69240
69241
69302
69303
69307
69330
69331
69333
69334
69335
69336
69337
69338
69340
69341
69342
69343
69344
69345
69346
69347
69348
69349
69350
69351
69352
69353
69356
69358
69415
69416
69417
69418
69419
69421
69422
69423
69424
69425
69427
69429
69431
69432
69433
69434
69435
69436
69438
69441
69443
69445
69446
69447
69493
69494
69496
69497
69498
69499
69500
69502
69503
69504
69505
69506
69507
69509
69511
69512
69513
69514
69515
69516
69517
69518
69520
69521
69522
69523
69524
69525
69526
69527
69528
69529
69561
69562
69563
69567
69605
69606
69607
69608
69609
69610
69611
69612
69613
69614
69615
69616
69617
69618
69619
69620
69622
69623
69624
69625
69626
69627
69628
69629
69630
69631
69632
69633
69634
69635
69636
69637
69638
69639
69640
69641
69642
69643
69644
69741
69744
69747
69748
69753
69754
69760
69761
69857
69858
69859
69860
69861
69862
69863
69864
69865
69866
69867
69869
69871
69872
69873
69874
69875
69876
69877
69878
69879
69880
69881
69882
69883
69884
69885
69886
69888
69889
69892
69893
69894
69948
69970
69971
69972
69973
69974
69975
69976
69977
69978
69979
69980
69982
69983
69984
69985
69986
69987
69988
69989
69990
69991
69992
69994
69995
69996
69997
69998
69999
70001
70064
70065
70069
70070
70071
70074
70075
70076
70078
70079
70080
70114
70115
70116
70117
70118
70119
70120
70121
70122
70123
70124
70125
70126
70128
70130
70131
70132
70133
70134
70135
70136
70137
70138
70139
70140
70141
70142
70143
70144
70145
70146
70147
70148
70149
70151
70152
70153
70154
70181
70183
70189
70242
70243
70244
70245
70246
70247
70248
70249
70250
70251
70252
70253
70254
70255
70256
70257
70258
70259
70260
70261
70262
70263
70264
70265
70266
70267
70268
70269
70270
70271
70272
70274
70275
70276
70277
70279
70280
70281
70381
70383
70384
70387
70388
70390
70396
70397
70398
70399
70400
70403
70405
70406
70407
70506
70508
70509
70510
70511
70512
70514
70515
70516
70517
70518
70519
70520
70521
70522
70523
70524
70525
70526
70527
70528
70529
70530
70531
70532
70533
70535
70536
70537
70538
70539
70540
70541
70542
70543
70544
70545
70546
70547
70548
70549
70550
70608
70610
70639
70640
70641
70642
70643
70644
70645
70648
70649
70650
70651
70653
70654
70655
70656
70657
70658
70660
70713
70714
70715
70716
70717
70719
70720
70721
70722
70724
70727
70728
70729
70731
70777
70779
70780
70781
70782
70783
70785
70786
70787
70788
70789
70790
70791
70792
70794
70795
70796
70797
70798
70800
70801
70802
70803
70804
70805
70806
70807
70808
70809
70810
70811
70865
70866
70881
70886
70887
70889
70895
70896
70897
70899
70900
70924
70925
70926
70929
70930
70932
70933
70935
70937
70939
70940
71052
71053
71054
71055
71056
71057
71058
71059
71060
71061
71064
71066
71067
71069
71070
71071
71075
71076
71077
71105
71107
71108
71109
71110
71111
71112
71113
71114
71115
71116
71117
71118
71120
71121
71142
71145
71149
71162
71164
71165
71166
71169
71170
71188
71200
71202
71233
71235
71236
71237
71238
71239
71240
71242
71243
71244
71245
71246
71247
71248
71249
71250
71251
71252
71253
71254
71256
71257
71258
71259
71260
71261
71262
71263
71265
71266
71269
71270
71272
71273
71274
71276
71277
71376
71380
71381
71383
71384
71390
71393
71396
71398
71503
71504
71505
71506
71507
71508
71510
71511
71512
71513
71514
71515
71516
71517
71518
71519
71520
71521
71522
71523
71525
71526
71527
71528
71529
71530
71531
71532
71533
71535
71536
71537
71538
71539
71540
71541
71587
71610
71612
71613
71614
71615
71616
71619
71621
71623
71625
71628
71669
71675
71677
71678
71680
71710
71712
71713
71714
71715
71718
71719
71720
71721
71722
71723
71724
71726
71727
71728
71729
71730
71731
71732
71733
71735
71736
71737
71738
71739
71740
71741
71767
71795
71800
71801
71802
71804
71868
71920
71923
71924
71929
71966
71971
71972
72004
72005
72006
72010
72015
72036
72039
72043
72044
72046
72091
72093
72094
72095
72096
72097
72098
72099
72100
72101
72103
72104
72106
72107
72108
72109
72110
72111
72112
72113
72115
72117
72119
72120
72121
72122
72123
72124
72126
72195
72200
72203
72285
72286
72288
72289
72290
72291
72292
72293
72295
72296
72297
72298
72299
72301
72302
72304
72305
72306
72307
72308
72309
72310
72311
72313
72315
72316
72357
72382
72385
72386
72387
72389
72390
72393
72394
72395
72397
72399
72440
72441
72443
72446
72448
72449
72450
72451
72454
72457
72459
72460
72484
72485
72486
72487
72488
72489
72490
72491
72492
72493
72495
72497
72502
72503
72506
72507
72509
72510
72513
72541
72561
72563
72565
72568
72569
72571
72572
72573
72574
72575
72576
72578
72580
72581
72587
72702
72704
72706
72707
72709
72710
72712
72713
72714
72715
72716
72717
72718
72737
72749
72750
72751
72752
72754
72755
72756
72757
72758
72759
72760
72761
72763
72765
72788
72790
72794
72795
72818
72820
72821
72823
72824
72825
72826
72830
72832
72833
72835
72837
72840
72842
72864
72880
72882
72883
72884
72888
72923
72924
72925
72926
72927
72928
72931
72932
72935
72936
72939
72940
72943
72945
73003
73006
73009
73080
73081
73084
73085
73088
73090
73093
73095
73096
73097
73099
73100
73101
73103
73104
73106
73107
73146
73157
73158
73159
73160
73161
73162
73163
73164
73165
73166
73167
73168
73227
73229
73230
73234
73237
73240
73242
73258
73288
73289
73291
73369
73371
73380
73406
73407
73410
73412
73414
73415
73503
73504
73505
73506
73507
73508
73509
73510
73511
73512
73513
73514
73515
73516
73517
73518
73519
73520
73521
73522
73523
73524
73526
73527
73528
73529
73530
73531
73532
73533
73534
73535
73539
73540
73541
73542
73543
73638
73639
73640
73642
73643
73645
73646
73647
73649
73650
73652
73653
73654
73655
73656
73755
73756
73757
73758
73759
73760
73761
73762
73763
73764
73767
73768
73769
73770
73771
73772
73773
73774
73775
73776
73777
73778
73779
73780
73781
73782
73783
73784
73785
73786
73787
73788
73789
73790
73791
73793
73794
73795
73796
73851
73852
73854
73855
73882
73885
73886
73888
73889
73891
73892
73893
73894
73895
73897
73898
73956
73957
73959
73960
73962
73963
73964
73967
73968
73969
73970
73972
73973
73975
73976
73977
73980
74012
74013
74014
74015
74016
74017
74018
74019
74020
74021
74022
74023
74024
74025
74026
74027
74028
74029
74030
74031
74032
74033
74034
74035
74036
74037
74038
74039
74040
74041
74044
74045
74046
74047
74073
74074
74075
74076
74113
74114
74115
74116
74117
74118
74119
74120
74121
74122
74123
74124
74125
74126
74127
74128
74129
74130
74131
74134
74135
74137
74138
74139
74141
74142
74143
74144
74145
74146
74147
74148
74149
74226
74237
74328
74329
74330
74331
74332
74333
74334
74335
74336
74338
74339
74340
74342
74343
74344
74345
74346
74347
74348
74349
74351
74352
74354
74356
74357
74358
74360
74361
74363
74364
74365
74412
74414
74415
74416
74417
74418
74419
74420
74421
74422
74423
74424
74425
74426
74427
74428
74430
74432
74433
74471
74474
74475
74476
74477
74480
74509
74510
74511
74512
74513
74514
74515
74516
74517
74518
74519
74520
74521
74522
74523
74524
74525
74526
74527
74529
74530
74531
74532
74533
74534
74536
74537
74538
74539
74540
74541
74542
74543
74545
74625
74626
74627
74628
74629
74630
74632
74633
74634
74635
74636
74637
74638
74639
74640
74641
74642
74643
74644
74645
74646
74647
74648
74649
74650
74651
74652
74653
74654
74655
74656
74657
74658
74659
74660
74661
74662
74663
74664
74665
74666
74667
74668
74669
74786
74787
74788
74791
74795
74796
74798
74799
74801
74804
74805
74806
74808
74810
74811
74812
74814
74816
74817
74930
74931
74932
74933
74934
74935
74937
74938
74939
74940
74941
74942
74943
74944
74945
74946
74947
74948
74949
74950
74951
74952
74953
74954
74955
74956
74957
74958
74960
74961
74962
74963
74964
74965
74966
74967
74968
74969
74970
74971
74972
74973
74974
74975
75051
75052
75054
75085
75086
75087
75088
75089
75090
75091
75092
75093
75094
75095
75096
75097
75098
75099
75100
75102
75103
75104
75105
75106
75107
75108
75110
75111
75112
75113
75114
75173
75174
75177
75180
75182
75183
75185
75190
75194
75196
75197
75198
75240
75243
75244
75245
75246
75247
75248
75249
75250
75251
75252
75253
75254
75255
75257
75258
75259
75260
75261
75262
75263
75264
75265
75266
75267
75268
75269
75270
75271
75272
75274
75275
75276
75277
75278
75279
75280
75281
75320
75323
75326
75327
75328
75395
75396
75397
75398
75399
75400
75401
75402
75404
75405
75406
75407
75408
75409
75410
75411
75412
75413
75414
75415
75416
75417
75418
75419
75420
75421
75422
75423
75424
75425
75426
75427
75428
75429
75431
75432
75433
75434
75435
75436
75437
75438
75439
75568
75569
75570
75571
75572
75573
75574
75575
75576
75577
75578
75579
75580
75581
75582
75583
75584
75585
75587
75588
75589
75590
75593
75595
75596
75598
75599
75600
75601
75603
75605
75606
75607
75608
75726
75727
75728
75729
75730
75731
75733
75734
75735
75736
75737
75738
75739
75740
75741
75742
75743
75744
75745
75747
75748
75749
75750
75751
75752
75753
75754
75755
75756
75757
75759
75760
75761
75762
75763
75764
75765
75766
75767
75768
75769
75770
75771
75886
75890
75892
75894
75895
75896
75898
75900
75902
75936
75937
75938
75939
75940
75941
75942
75943
75944
75946
75947
75948
75949
75950
75951
75952
75953
75954
75955
75956
75957
75958
75959
75960
75961
75963
75965
75969
75970
76033
76036
76038
76039
76040
76041
76042
76043
76044
76045
76046
76047
76048
76049
76050
76053
76055
76056
76057
76059
76060
76061
76062
76063
76065
76066
76068
76069
76116
76117
76118
76119
76120
76121
76122
76123
76124
76125
76126
76127
76128
76129
76131
76132
76133
76134
76135
76136
76137
76138
76139
76140
76141
76142
76143
76144
76145
76146
76147
76148
76149
76150
76151
76152
76153
76154
76155
76156
76157
76158
76201
76203
76205
76207
76208
76209
76211
76239
76240
76281
76282
76283
76284
76286
76287
76288
76289
76290
76291
76292
76293
76294
76295
76296
76298
76299
76300
76301
76303
76304
76305
76306
76307
76308
76309
76310
76311
76312
76313
76314
76316
76404
76408
76410
76413
76414
76518
76519
76520
76521
76523
76524
76526
76527
76528
76529
76530
76531
76532
76533
76534
76535
76536
76537
76538
76539
76540
76541
76543
76544
76545
76547
76548
76549
76550
76551
76552
76553
76554
76555
76556
76558
76644
76647
76671
76672
76673
76674
76675
76676
76677
76678
76680
76682
76683
76684
76685
76686
76688
76689
76690
76694
76696
76740
76743
76748
76749
76750
76753
76763
76798
76799
76800
76801
76803
76804
76805
76807
76808
76809
76810
76815
76816
76818
76819
76820
76821
76822
76824
76825
76826
76827
76830
76831
76832
76833
76834
76835
76836
76837
76838
76868
76876
76878
76893
76894
76895
76897
76906
76910
76913
76936
76945
76947
76955
76999
77000
77002
77004
77051
77064
77094
77095
77109
77129
77148
77151
77154
77157
77158
77159
77160
77161
77166
77169
77170
77207
77210
77213
77214
77215
77216
77217
77220
77222
77228
77231
77271
77274
77275
77280
77339
77341
77343
77344
77347
77349
77351
77354
77356
77357
77360
77361
77380
77390
77391
77392
77393
77396
77398
77400
77444
77445
77449
77450
77458
77463
77479
77481
77482
77483
77495
77509
77511
77512
77515
77520
77521
77522
77531
77552
77553
77555
77558
77559
77560
77562
77563
77565
77566
77569
77570
77571
77609
77611
77671
77674
77675
77678
77681
77683
77717
77718
77719
77720
77722
77724
77725
77728
77729
77730
77731
77745
77746
77753
77779
77780
77782
77784
77786
77787
77788
77789
77791
77792
77795
77796
77800
77802
77803
77872
77873
77874
77875
77876
77877
77879
77880
77881
77882
77883
77884
77885
77886
77887
77888
77889
77890
77891
77892
77893
77894
77895
77896
77897
77898
77899
77900
77901
77903
77904
77905
77906
77907
77908
77909
77910
77911
77912
77913
77915
77916
77917
77918
78045
78046
78048
78049
78050
78051
78052
78054
78055
78056
78057
78058
78059
78060
78061
78063
78064
78066
78071
78072
78073
78079
78194
78195
78196
78197
78198
78199
78200
78201
78203
78204
78205
78206
78207
78208
78209
78210
78212
78213
78214
78215
78216
78218
78219
78220
78221
78222
78223
78224
78225
78226
78227
78228
78229
78230
78231
78232
78233
78234
78235
78236
78315
78316
78319
78355
78356
78357
78358
78359
78360
78361
78362
78363
78364
78365
78366
78367
78368
78369
78370
78371
78372
78374
78375
78376
78377
78378
78380
78381
78382
78387
78388
78390
78391
78461
78462
78463
78464
78465
78466
78467
78468
78469
78470
78471
78472
78473
78474
78475
78476
78477
78478
78479
78480
78482
78485
78486
78487
78488
78489
78491
78493
78495
78496
78498
78499
78500
78501
78540
78541
78542
78543
78544
78545
78546
78547
78548
78549
78550
78551
78552
78553
78554
78555
78556
78557
78558
78559
78561
78562
78563
78564
78565
78566
78567
78568
78569
78570
78571
78572
78573
78574
78576
78577
78578
78580
78581
78624
78627
78629
78674
78676
78677
78678
78679
78680
78681
78683
78684
78687
78688
78689
78690
78691
78692
78693
78697
78698
78699
78700
78738
78742
78743
78745
78796
78797
78798
78804
78805
78806
78808
78810
78811
78812
78813
78814
78815
78818
78819
78821
78822
78823
78824
78862
78864
78866
78869
78894
78897
78899
78900
78901
78920
78921
78922
78924
78925
78927
78929
78930
78956
78959
78975
78985
78986
78994
79005
79006
79007
79033
79058
79059
79072
79076
79101
79108
79123
79182
79209
79211
79213
79226
79248
79253
79257
79260
79290
79291
79292
79293
79294
79295
79296
79297
79298
79299
79300
79301
79303
79304
79305
79306
79307
79308
79309
79310
79311
79312
79313
79314
79315
79317
79318
79319
79321
79322
79323
79324
79325
79326
79327
79328
79405
79407
79408
79409
79411
79412
79413
79416
79417
79419
79420
79510
79512
79513
79514
79515
79516
79518
79519
79520
79522
79523
79524
79525
79526
79527
79528
79529
79530
79532
79533
79534
79535
79536
79537
79538
79539
79540
79541
79542
79543
79544
79545
79546
79547
79596
79610
79611
79612
79613
79614
79616
79617
79618
79619
79620
79622
79623
79624
79625
79626
79627
79629
79630
79632
79633
79680
79681
79683
79685
79689
79718
79719
79720
79721
79723
79724
79725
79727
79728
79729
79730
79731
79732
79733
79734
79735
79736
79737
79738
79739
79740
79742
79743
79744
79745
79746
79748
79752
79753
79790
79797
79819
79821
79822
79823
79825
79827
79830
79833
79836
79886
79937
79938
79942
79982
79983
79985
79987
79990
79991
79992
79993
79994
80021
80038
80041
80042
80044
80045
80051
80054
80055
80061
80062
80092
80093
80133
80134
80135
80136
80137
80138
80139
80140
80141
80142
80143
80144
80145
80146
80147
80148
80149
80150
80151
80152
80153
80154
80155
80156
80158
80159
80160
80161
80162
80163
80164
80165
80166
80167
80168
80169
80170
80171
80172
80173
80174
80175
80176
80177
80178
80180
80181
80293
80294
80295
80296
80297
80298
80299
80300
80301
80302
80303
80304
80305
80309
80311
80312
80313
80314
80318
80319
80320
80323
80434
80435
80437
80438
80439
80440
80441
80442
80443
80444
80445
80446
80447
80448
80449
80450
80451
80452
80453
80454
80455
80456
80457
80458
80459
80460
80462
80463
80464
80465
80466
80467
80468
80469
80470
80471
80472
80473
80474
80475
80546
80548
80580
80581
80582
80583
80584
80585
80586
80587
80588
80589
80590
80591
80592
80593
80594
80595
80596
80597
80598
80599
80600
80601
80602
80604
80606
80607
80669
80670
80674
80675
80676
80677
80680
80681
80682
80683
80685
80687
80694
80741
80742
80743
80744
80745
80746
80748
80749
80750
80751
80752
80753
80754
80756
80757
80758
80759
80760
80761
80762
80763
80764
80765
80766
80767
80768
80769
80770
80771
80772
80773
80774
80775
80776
80777
80778
80779
80780
80837
80840
80844
80847
80849
80852
80856
80857
80893
80894
80895
80896
80897
80898
80900
80901
80904
80905
80906
80907
80908
80909
80910
80911
80913
80914
80915
80916
80917
80918
80919
80922
80923
80924
81002
81003
81007
81012
81013
81100
81101
81103
81105
81106
81107
81108
81109
81110
81111
81112
81113
81115
81116
81117
81118
81119
81120
81122
81123
81124
81126
81127
81128
81129
81131
81133
81164
81165
81189
81190
81193
81194
81196
81197
81198
81200
81201
81202
81203
81204
81205
81206
81233
81234
81236
81240
81241
81243
81244
81270
81271
81276
81277
81278
81279
81280
81281
81282
81283
81284
81285
81286
81287
81288
81289
81290
81291
81292
81293
81294
81296
81298
81299
81301
81302
81321
81323
81366
81367
81368
81369
81370
81371
81372
81373
81374
81376
81377
81379
81380
81382
81383
81384
81385
81386
81387
81389
81390
81391
81392
81394
81395
81396
81397
81398
81399
81400
81401
81402
81403
81499
81501
81502
81503
81504
81507
81508
81513
81514
81516
81519
81522
81523
81525
81617
81618
81619
81620
81622
81623
81625
81626
81628
81629
81630
81631
81632
81633
81634
81635
81637
81638
81639
81640
81641
81642
81643
81644
81645
81647
81648
81649
81650
81651
81652
81653
81654
81655
81708
81723
81724
81725
81728
81729
81731
81732
81733
81735
81736
81737
81738
81740
81741
81742
81745
81791
81792
81793
81794
81795
81796
81798
81800
81802
81803
81805
81806
81807
81808
81809
81811
81815
81846
81847
81848
81851
81852
81854
81855
81857
81858
81860
81863
81864
81866
81867
81868
81869
81870
81871
81872
81874
81876
81877
81878
81879
81880
81881
81903
81904
81907
81920
81936
81937
81941
81942
81943
81947
81949
81951
82048
82052
82055
82061
82064
82066
82068
82069
82089
82091
82092
82094
82096
82124
82125
82128
82133
82135
82185
82186
82187
82188
82189
82190
82191
82192
82193
82194
82196
82198
82199
82200
82201
82202
82203
82204
82205
82206
82207
82208
82211
82212
82213
82214
82216
82217
82219
82220
82222
82223
82224
82306
82399
82400
82401
82402
82403
82404
82405
82406
82407
82409
82411
82412
82414
82415
82416
82417
82418
82421
82422
82423
82424
82425
82426
82427
82428
82429
82431
82432
82433
82434
82436
82437
82438
82480
82483
82486
82506
82507
82509
82510
82512
82513
82514
82515
82519
82520
82521
82523
82524
82525
82529
82530
82561
82562
82563
82565
82567
82569
82571
82572
82575
82604
82606
82609
82610
82612
82613
82615
82618
82619
82620
82622
82623
82625
82693
82694
82695
82696
82697
82699
82700
82701
82702
82703
82704
82705
82706
82710
82711
82713
82715
82716
82720
82721
82723
82789
82791
82796
82876
82879
82880
82882
82884
82885
82887
82888
82889
82891
82892
82896
82897
82898
82899
82900
82901
82902
82903
82904
82905
82907
82909
82943
82948
82963
82964
82968
82970
82971
82973
82974
82977
82979
83017
83019
83021
83047
83048
83049
83055
83056
83058
83059
83060
83062
83064
