718
719
720
721
722
723
724
725
726
727
728
729
730
731
732
733
734
735
736
737
739
740
741
742
743
744
745
747
748
749
750
751
752
753
754
755
756
757
758
759
761
762
763
764
765
766
767
768
769
770
771
772
773
774
775
776
777
778
779
780
781
782
783
785
786
787
788
789
790
791
792
794
795
796
797
798
799
800
801
802
803
804
805
806
807
808
809
810
811
812
814
815
816
818
819
820
821
822
823
824
825
827
828
829
830
831
832
833
834
835
836
837
838
839
840
841
842
843
844
845
846
848
849
850
852
853
854
859
861
862
864
867
869
870
871
872
873
874
875
876
877
878
879
880
881
882
883
884
885
886
887
888
889
890
891
892
893
894
895
896
897
898
899
900
902
903
904
905
906
907
908
909
910
911
912
913
914
916
918
919
920
924
929
930
932
933
935
936
939
942
943
944
945
946
950
951
953
955
1580
1581
1582
1583
1584
1585
1586
1587
1588
1589
1590
1591
1592
1593
1594
1595
1596
1597
1598
1599
1600
1601
1602
1603
1604
1605
1606
1607
1608
1609
1610
1611
1612
1613
1614
1615
1617
1618
1619
1620
1621
1622
1623
1624
1625
1626
1627
1628
1629
1630
1631
1632
1633
1634
1635
1636
1637
1638
1639
1640
1641
1642
1643
1644
1645
1646
1647
1648
1649
1651
1652
1653
1654
1655
1656
1657
1658
1659
1660
1661
1663
1665
1667
1668
1670
1671
1672
1673
1674
1675
1676
1677
1679
1680
1681
1682
1683
1684
1685
1686
1688
1689
1690
1691
1692
1693
1694
1695
1696
1698
1699
1700
1701
1703
1706
1707
1708
1709
1710
1711
1712
1713
1714
1715
1716
1717
1718
1720
1721
1722
1723
1724
1725
1726
1727
1728
1729
1730
1731
1733
1734
1735
1736
1737
1738
1739
1740
1741
1742
1743
1744
1745
1746
1747
1748
1749
1750
1751
1753
1754
1755
1756
1758
1759
1760
1761
1762
1765
1766
1767
1768
1770
1771
1773
1774
1775
1776
1778
1779
1780
1781
1783
1784
2498
2499
2500
2501
2502
2503
2504
2505
2506
2507
2508
2509
2510
2511
2512
2513
2514
2515
2516
2517
2518
2519
2520
2521
2522
2523
2524
2525
2526
2527
2528
2529
2530
2532
2533
2534
2535
2536
2537
2538
2539
2540
2541
2542
2543
2544
2545
2546
2547
2548
2549
2550
2551
2552
2553
2554
2555
2556
2557
2558
2559
2560
2561
2562
2564
2565
2567
2568
2569
2570
2572
2573
2574
2575
2576
2577
2578
2579
2580
2582
2585
2586
2588
2590
2591
2592
2593
2594
2596
2597
2600
2601
2602
2603
2604
2605
2607
2609
2610
2611
2612
2613
2614
2615
2616
2617
2618
2620
2621
2622
2624
2626
2627
2629
2630
2631
2632
2634
2636
2637
2638
2639
2640
2641
2642
2643
2644
2645
2646
2647
2648
2649
2650
2651
2652
2653
2654
2655
2656
2657
2658
2659
2660
2661
2663
2664
2665
2666
2667
2668
2669
2670
2672
2673
2674
2676
2677
2680
2681
2684
2685
2687
2688
2689
2690
2691
2693
2694
2696
2698
2699
2701
2704
2707
2708
2711
2778
2779
2780
2781
2782
2784
2786
3147
3148
3149
3150
3151
3152
3153
3155
3156
3157
3159
3161
3162
3163
3164
3165
3168
3169
3170
3171
3172
3173
3174
3175
3176
3177
3178
3179
3180
3181
3182
3183
3184
3185
3186
3187
3188
3189
3190
3191
3192
3194
3195
3196
3198
3199
3200
3202
3204
3205
3206
3210
3213
3214
3215
3216
3218
3222
3224
3226
3227
3228
3229
3230
3231
3232
3233
3234
3235
3236
3237
3238
3239
3241
3242
3243
3244
3247
3248
3249
3251
3252
3254
3257
3273
3275
3276
3277
3910
3911
3912
3913
3914
3915
3916
3917
3918
3919
3921
3922
3923
3924
3925
3926
3927
3928
3930
3931
3932
3933
3934
3935
3938
3939
3940
3941
3943
3944
3945
3948
3949
3950
3951
3952
3953
3954
3955
3956
3957
3958
3959
3960
3961
3962
3963
3964
3965
3966
3967
3968
3969
3971
3972
3975
3977
3978
3979
3981
3983
3985
3989
3990
3991
3994
3997
3998
3999
4000
4001
4002
4003
4004
4005
4006
4007
4008
4009
4010
4011
4013
4014
4015
4018
4019
4020
4022
4024
4025
4027
4028
4029
4030
4031
4033
4034
4035
4036
4039
4040
4041
4042
4043
4045
4046
4047
4048
4049
4050
4052
4053
4054
4055
4056
4059
4060
4061
4063
4064
4065
4066
4067
4068
4070
4071
4078
4080
4081
4082
4083
4085
4089
4433
4435
4436
4441
4442
4447
4448
4450
4452
4453
4455
4456
4457
4459
4460
4462
4464
4465
4466
4470
4471
4472
4477
4482
4483
4484
4487
4488
4490
4491
4493
4494
4495
4497
4498
4499
4500
4503
4508
4511
4515
4519
4525
4531
4533
4988
4989
4990
4991
4992
4993
4994
4995
4996
4998
4999
5000
5001
5002
5004
5005
5006
5007
5008
5009
5010
5011
5014
5015
5017
5018
5019
5020
5021
5022
5023
5024
5025
5026
5027
5028
5029
5030
5031
5032
5033
5034
5035
5037
5038
5039
5041
5042
5043
5045
5046
5047
5048
5049
5050
5052
5053
5057
5059
5061
5062
5063
5066
5068
5069
5070
5071
5073
5074
5076
5079
5081
5082
5083
5084
5085
5086
5087
5089
5090
5091
5092
5093
5094
5095
5096
5098
5099
5101
5102
5103
5105
5106
5107
5109
5110
5111
5114
5115
5117
5118
5119
5120
5122
5123
5124
5126
5129
5131
5503
5504
5505
5506
5507
5508
5509
5510
5511
5512
5513
5514
5515
5516
5518
5521
5523
5524
5525
5526
5528
5529
5531
5532
5535
5536
5537
5538
5539
5540
5541
5542
5543
5544
5545
5546
5547
5548
5549
5550
5551
5553
5554
5555
5556
5557
5558
5559
5560
5561
5565
5566
5569
5571
5572
5573
5574
5575
5576
5577
5578
5579
5582
5584
5586
5587
5588
5589
5591
5594
5596
5597
5598
5599
5600
5601
5604
5605
5606
5607
5608
5609
5610
5611
5612
5614
5615
5616
5617
5618
5620
5621
5622
5624
5626
5631
5632
5633
5635
5637
5671
5674
5675
5676
6079
6080
6081
6083
6084
6085
6086
6087
6088
6089
6092
6093
6094
6095
6096
6098
6100
6101
6102
6103
6104
6105
6107
6109
6110
6111
6112
6114
6115
6118
6121
6125
6133
6134
6135
6136
6138
6143
6147
6148
6149
6152
6154
6155
6156
6160
6162
6164
6165
6169
6170
6172
6187
6188
6191
6494
6497
6498
6503
6509
6511
6513
6516
6519
6521
6523
6529
6530
6535
6538
6539
6540
6546
6548
6550
6552
6554
6556
6558
6561
6563
6568
6570
6573
7240
7241
7242
7243
7244
7245
7246
7247
7248
7249
7250
7251
7252
7253
7254
7255
7256
7257
7260
7261
7262
7263
7264
7265
7266
7267
7268
7269
7270
7271
7272
7273
7274
7275
7276
7277
7278
7279
7280
7281
7282
7283
7284
7285
7287
7288
7289
7290
7291
7292
7293
7294
7295
7296
7297
7298
7299
7301
7302
7303
7304
7305
7306
7307
7308
7309
7310
7311
7312
7313
7314
7315
7316
7317
7320
7321
7322
7323
7326
7327
7328
7329
7330
7331
7332
7333
7334
7335
7336
7337
7338
7339
7340
7341
7342
7343
7344
7345
7346
7348
7349
7350
7351
7353
7354
7355
7357
7358
7360
7362
7363
7364
7365
7367
7368
7369
7370
7371
7372
7373
7374
7375
7376
7377
7379
7380
7381
7385
7387
7389
7390
7391
7393
7394
7397
7398
7400
7401
7402
7403
7404
7407
7408
7414
7415
7418
7419
7420
7425
7426
7427
7429
7430
7432
7435
7964
7965
7966
7967
7968
7969
7971
7972
7974
7975
7976
7978
7979
7980
7981
7982
7983
7984
7985
7986
7987
7988
7989
7990
7991
7992
7993
7994
7995
7996
7997
7998
7999
8000
8001
8002
8003
8004
8005
8006
8007
8008
8009
8010
8011
8013
8014
8015
8016
8017
8018
8019
8020
8021
8022
8023
8024
8025
8026
8027
8028
8029
8030
8031
8032
8035
8038
8040
8041
8043
8044
8045
8046
8047
8048
8049
8050
8051
8052
8053
8054
8056
8057
8058
8059
8060
8061
8062
8063
8064
8065
8066
8067
8068
8069
8070
8072
8074
8075
8077
8078
8079
8080
8081
8082
8083
8084
8085
8086
8087
8088
8089
8090
8091
8092
8093
8094
8095
8096
8097
8098
8099
8100
8101
8103
8104
8107
8108
8110
8111
8112
8113
8114
8115
8117
8118
8119
8120
8121
8122
8123
8124
8125
8126
8127
8129
8130
8131
8132
8133
8925
8926
8927
8928
8929
8930
8931
8932
8933
8934
8935
8936
8937
8938
8939
8940
8941
8942
8943
8944
8945
8946
8947
8948
8949
8950
8951
8952
8953
8954
8955
8956
8957
8958
8959
8960
8961
8962
8963
8964
8965
8966
8967
8968
8969
8970
8971
8972
8973
8974
8975
8976
8977
8978
8979
8980
8981
8982
8983
8984
8985
8986
8987
8988
8989
8990
8991
8992
8993
8995
8997
8998
8999
9001
9002
9003
9004
9005
9006
9007
9008
9009
9011
9012
9013
9014
9015
9017
9018
9020
9021
9022
9024
9027
9029
9030
9032
9033
9034
9035
9038
9039
9040
9041
9042
9043
9044
9045
9046
9047
9048
9049
9050
9051
9052
9053
9054
9055
9056
9057
9058
9059
9060
9061
9062
9063
9064
9065
9068
9070
9071
9074
9075
9076
9077
9078
9080
9081
9082
9083
9084
9086
9087
9088
9089
9090
9091
9092
9093
9094
9095
9096
9098
9099
9100
9101
9102
9103
9104
9105
9107
9108
9109
9110
9111
9112
9114
9115
9116
9117
9118
9119
9120
9122
9124
9125
9127
9130
9131
9132
9133
9134
9135
9136
9137
9138
9139
9142
9143
9144
9152
9153
9154
9156
9160
9942
9943
9946
9947
9948
9949
9951
9952
9953
9954
9955
9956
9957
9958
9959
9960
9961
9962
9963
9964
9965
9966
9967
9968
9969
9970
9971
9972
9973
9974
9975
9976
9977
9978
9979
9980
9981
9982
9983
9984
9986
9987
9988
9989
9990
9991
9992
9993
9994
9995
9996
9997
9998
9999
10000
10001
10002
10003
10004
10005
10006
10007
10008
10009
10010
10011
10012
10014
10015
10016
10017
10018
10019
10020
10023
10024
10025
10027
10028
10030
10031
10033
10035
10036
10037
10038
10039
10040
10041
10044
10045
10046
10047
10049
10050
10051
10052
10053
10054
10055
10056
10057
10058
10059
10060
10061
10062
10063
10064
10065
10066
10067
10068
10069
10071
10072
10073
10074
10075
10077
10079
10081
10082
10083
10084
10087
10088
10089
10090
10091
10092
10094
10095
10097
10098
10100
10101
10102
10103
10104
10105
10106
10107
10108
10109
10110
10111
10112
10113
10114
10115
10116
10117
10118
10119
10120
10121
10122
10123
10124
10126
10127
10128
10129
10130
10131
10132
10133
10134
10135
10136
10137
10138
10139
10140
10141
10142
10143
10146
10148
10149
10150
10151
10152
10153
10154
10155
10156
10157
10158
10159
10160
10162
10164
10165
10166
10167
10169
10170
10172
10174
10176
10177
10178
10179
10180
10182
10186
10187
10188
10190
10204
10205
10206
10207
10208
10809
10810
10811
10812
10813
10814
10815
10816
10817
10818
10819
10820
10821
10823
10824
10825
10826
10827
10829
10831
10832
10833
10834
10839
10840
10841
10843
10846
10847
10849
10850
10851
10852
10853
10854
10855
10856
10857
10858
10859
10860
10861
10862
10863
10864
10865
10866
10867
10868
10869
10870
10871
10872
10873
10876
10877
10879
10882
10883
10887
10889
10890
10891
10892
10896
10897
10898
10900
10903
10904
10905
10906
10907
10908
10909
10910
10911
10912
10913
10914
10916
10917
10920
10921
10922
10924
10925
10927
10928
10931
10932
10933
10934
10935
10936
10938
10939
10944
10945
10946
10947
10948
10949
10950
10951
10952
10953
10954
10955
10956
10957
10958
10960
10961
10962
10963
10964
10965
10966
10968
10969
10971
10972
10973
10974
10975
10977
10979
10980
10981
10986
10988
10989
10990
10994
10997
10998
10999
11001
11004
11005
11006
11007
11029
11030
11032
11033
11035
11390
11395
11397
11399
11400
11401
11402
11403
11404
11409
11410
11411
11412
11414
11415
11416
11417
11418
11419
11420
11421
11423
11426
11431
11435
11437
11439
11440
11441
11442
11443
11444
11446
11447
11451
11453
11454
11455
11456
11458
11459
11460
11461
11465
11466
11467
11827
11828
11829
11830
11833
11836
11838
11839
11842
11843
11844
11846
11847
11849
11850
11851
11852
11854
11856
11857
11858
11859
11860
11862
11863
11864
11865
11866
11869
11875
11876
11878
11880
11882
11883
11884
11885
11886
11892
11893
11895
11896
11899
11901
11903
11904
11906
11908
11911
11913
11914
11916
11918
11919
11920
11921
11924
11926
11927
11928
11994
11995
11997
11998
11999
12002
12003
12004
12005
12007
12008
12015
12016
12017
12018
12019
12379
12380
12381
12382
12383
12384
12385
12387
12388
12391
12392
12393
12395
12397
12398
12399
12401
12402
12403
12404
12405
12406
12407
12408
12409
12410
12412
12413
12414
12415
12416
12417
12418
12419
12420
12421
12422
12423
12424
12429
12430
12431
12434
12435
12438
12439
12440
12441
12442
12443
12447
12448
12449
12450
12451
12452
12453
12455
12456
12457
12458
12459
12460
12464
12466
12467
12468
12469
12470
12471
12472
12473
12474
12475
12476
12478
12480
12481
12482
13247
13248
13249
13250
13251
13252
13253
13254
13255
13256
13257
13258
13259
13260
13261
13263
13264
13265
13266
13267
13268
13269
13270
13271
13272
13273
13274
13275
13276
13277
13278
13279
13280
13281
13282
13283
13284
13285
13286
13287
13288
13289
13290
13291
13292
13293
13294
13295
13296
13297
13298
13299
13300
13301
13302
13303
13304
13305
13306
13307
13308
13309
13310
13311
13313
13314
13315
13318
13319
13321
13322
13323
13324
13325
13326
13328
13329
13330
13331
13332
13333
13334
13335
13338
13339
13342
13343
13345
13347
13348
13349
13350
13351
13352
13354
13355
13356
13357
13358
13359
13360
13361
13362
13363
13364
13365
13366
13367
13368
13369
13370
13371
13372
13373
13375
13376
13377
13378
13381
13382
13383
13385
13386
13387
13392
13393
13394
13396
13399
13400
13401
13402
13403
13404
13405
13406
13407
13408
13409
13410
13411
13412
13413
13414
13415
13416
13418
13419
13420
13421
13422
13423
13424
13425
13426
13427
13429
13430
13431
13432
13433
13434
13435
13436
13437
13438
13439
13440
13442
13443
13444
13448
13449
13451
13452
13454
13455
13456
13462
13463
13464
13466
13467
13468
13469
13470
13473
13474
13475
13477
13478
13479
13480
13483
13791
13795
13796
13797
13799
13800
13802
13804
13806
13807
13808
13809
13810
13811
13812
13813
13814
13815
13816
13818
13819
13820
13821
13822
13823
13825
13827
13835
13841
13843
13846
13848
13849
13850
13852
13853
13854
13855
13856
13857
13860
13862
13865
13867
13869
13872
13878
13879
13880
13883
13884
13885
13887
13898
13899
13954
13956
13957
13958
13959
13962
13964
13966
13968
14100
14102
14103
14105
14106
14111
14112
14113
14114
14115
14116
14117
14118
14120
14121
14130
14131
14134
14137
14139
14141
14142
14143
14146
14148
14149
14187
14188
14190
14191
14194
14327
14333
14334
14335
14345
14349
14351
14946
14947
14948
14949
14950
14951
14952
14953
14955
14956
14957
14959
14960
14961
14962
14963
14964
14965
14966
14968
14969
14973
14974
14976
14977
14978
14979
14980
14981
14982
14983
14984
14985
14986
14987
14988
14989
14990
14991
14992
14993
14994
14995
14996
14997
14998
14999
15000
15001
15003
15004
15006
15007
15008
15009
15010
15011
15013
15015
15021
15023
15025
15026
15027
15028
15029
15030
15031
15032
15033
15034
15035
15036
15037
15039
15040
15041
15042
15043
15045
15046
15048
15049
15051
15052
15055
15056
15059
15060
15061
15062
15063
15065
15066
15067
15070
15072
15073
15075
15076
15078
15079
15080
15082
15084
15085
15086
15088
15089
15092
15095
15096
15098
15100
15101
15103
15105
15108
15109
15145
15146
15147
15470
15471
15472
15473
15474
15475
15476
15477
15479
15480
15481
15485
15486
15488
15489
15491
15492
15493
15494
15495
15497
15499
15500
15501
15502
15503
15504
15505
15506
15507
15508
15509
15511
15512
15514
15515
15516
15517
15519
15522
15524
15525
15526
15527
15530
15534
15538
15539
15540
15543
15544
15548
15549
15550
15554
15555
15557
15559
15562
15563
15566
15580
15581
15582
15595
15596
15597
15598
16415
16416
16417
16418
16420
16421
16422
16423
16424
16425
16426
16427
16428
16429
16430
16431
16432
16433
16434
16435
16436
16437
16438
16439
16440
16441
16442
16443
16444
16445
16446
16447
16448
16449
16450
16452
16453
16454
16455
16456
16457
16458
16459
16460
16461
16462
16463
16464
16465
16466
16467
16468
16469
16470
16471
16472
16473
16474
16475
16476
16477
16478
16479
16480
16481
16482
16485
16487
16488
16489
16490
16491
16492
16494
16495
16496
16497
16498
16500
16501
16502
16503
16506
16508
16509
16511
16512
16514
16515
16519
16522
16523
16524
16525
16526
16527
16528
16529
16530
16531
16532
16533
16534
16535
16536
16537
16538
16539
16542
16543
16544
16545
16546
16547
16548
16550
16551
16552
16553
16554
16555
16556
16557
16558
16559
16560
16561
16563
16564
16565
16566
16567
16568
16569
16570
16571
16572
16573
16574
16575
16576
16577
16578
16579
16580
16581
16582
16583
16584
16585
16586
16587
16588
16589
16590
16591
16592
16595
16596
16597
16598
16599
16601
16602
16603
16604
16605
16606
16607
16608
16609
16610
16611
16612
16613
16614
16615
16618
16619
16620
16621
16622
16624
16625
16626
16629
16630
16631
16632
16633
16634
16635
16638
16640
16664
16665
16667
16668
16669
16670
16685
16686
16687
16689
16697
16706
16707
16708
17168
17169
17171
17172
17173
17174
17176
17177
17179
17180
17181
17182
17183
17185
17186
17187
17188
17189
17190
17191
17193
17195
17196
17197
17198
17199
17200
17201
17202
17203
17204
17205
17206
17207
17208
17209
17210
17211
17212
17214
17215
17216
17217
17219
17220
17221
17222
17223
17224
17225
17226
17227
17228
17230
17233
17234
17235
17237
17238
17239
17240
17241
17242
17244
17245
17247
17249
17251
17255
17256
17257
17258
17259
17260
17261
17262
17263
17264
17265
17266
17269
17270
17271
17272
17273
17274
17276
17277
17278
17279
17282
17283
17284
17287
17288
17289
17290
17291
17293
17301
17303
17305
17311
17312
17900
17901
17902
17904
17905
17906
17907
17908
17909
17910
17911
17912
17913
17915
17917
17918
17919
17920
17921
17922
17923
17924
17925
17926
17927
17928
17929
17931
17932
17933
17934
17935
17936
17937
17938
17939
17940
17941
17942
17943
17944
17945
17946
17947
17948
17949
17950
17951
17952
17953
17954
17955
17956
17957
17958
17959
17961
17962
17963
17965
17969
17972
17973
17974
17976
17978
17981
17982
17984
17985
17986
17988
17989
17990
17991
17992
17993
17994
17995
17996
17997
17998
17999
18000
18002
18003
18005
18007
18008
18009
18010
18014
18015
18018
18019
18020
18021
18022
18023
18025
18026
18027
18028
18029
18030
18032
18033
18034
18035
18038
18039
18040
18042
18044
18045
18046
18047
18048
18050
18051
18053
18054
18055
18056
18057
18060
18061
18064
18066
18069
18070
18074
18076
18081
18084
18087
18397
18399
18400
18401
18403
18404
18406
18407
18408
18413
18415
18416
18418
18419
18422
18423
18425
18426
18428
18429
18430
18431
18433
18435
18437
18438
18440
18442
18443
18445
18451
18452
18453
18454
18456
18457
18458
18459
18460
18465
18467
18469
18470
18471
18473
18474
18477
18478
18481
18482
18484
18486
18487
18490
18494
18495
18496
18499
19047
19049
19050
19051
19052
19056
19057
19058
19059
19060
19061
19062
19063
19066
19068
19070
19074
19075
19076
19078
19079
19080
19081
19082
19083
19084
19085
19086
19087
19088
19089
19090
19091
19092
19093
19094
19095
19096
19097
19098
19099
19100
19101
19102
19103
19106
19107
19112
19114
19117
19120
19122
19123
19124
19125
19127
19128
19129
19130
19134
19135
19136
19137
19139
19140
19143
19149
19150
19153
19154
19155
19156
19157
19159
19160
19161
19162
19163
19164
19165
19167
19168
19170
19171
19172
19173
19175
19176
19177
19178
19179
19180
19181
19182
19183
19184
19186
19187
19189
19190
19194
19197
19198
19203
19207
19208
19638
19639
19640
19641
19642
19643
19644
19645
19646
19648
19649
19651
19652
19653
19655
19656
19657
19658
19659
19661
19662
19666
19667
19668
19669
19670
19672
19673
19674
19675
19676
19677
19678
19679
19680
19682
19683
19684
19685
19686
19687
19688
19689
19690
19691
19696
19700
19702
19706
19707
19710
19711
19712
19713
19715
19717
19721
19728
19729
19731
19732
19733
19734
19737
19739
19741
19743
19745
19749
19750
19751
19752
19753
19754
19756
19757
19758
19760
19762
19765
19766
19775
19778
19780
19809
19810
19811
19814
20182
20183
20184
20185
20186
20187
20188
20190
20191
20192
20193
20194
20195
20196
20197
20198
20199
20200
20201
20202
20203
20204
20205
20206
20207
20209
20211
20212
20213
20214
20215
20216
20217
20218
20221
20222
20223
20224
20225
20226
20227
20228
20229
20230
20231
20232
20233
20234
20235
20236
20238
20239
20240
20242
20244
20245
20246
20247
20248
20250
20253
20254
20255
20256
20257
20259
20260
20261
20263
20264
20265
20267
20268
20269
20270
20271
20272
20273
20274
20275
20276
20277
20278
20281
20282
20283
20285
20286
20287
20288
20290
20291
20292
20293
20296
20297
20298
20299
20302
20303
20304
20818
20819
20820
20821
20822
20823
20824
20825
20826
20827
20828
20829
20830
20832
20833
20834
20835
20836
20837
20839
20840
20841
20842
20843
20844
20845
20846
20847
20848
20849
20850
20851
20852
20853
20855
20857
20858
20859
20860
20861
20862
20863
20864
20865
20866
20867
20868
20872
20873
20874
20875
20878
20880
20883
20884
20885
20889
20890
20891
20892
20893
20894
20898
20900
20902
20904
20905
20906
20907
20909
20910
20911
20913
20914
20915
20916
20918
20919
20920
20921
20922
20923
20925
20926
20928
20929
20930
20932
20933
20934
20935
20938
20939
20940
20942
20946
20948
20949
20950
20951
20953
20954
20956
20957
20958
20960
20963
21331
21332
21333
21334
21335
21336
21337
21338
21339
21341
21343
21345
21347
21349
21351
21354
21355
21356
21357
21358
21359
21360
21361
21362
21363
21364
21366
21367
21368
21369
21370
21371
21372
21373
21374
21376
21378
21379
21380
21381
21383
21384
21386
21387
21388
21389
21390
21396
21397
21402
21403
21404
21409
21410
21412
21413
21415
21416
21419
21421
21422
21424
21427
21429
21431
21432
21433
21445
21446
21470
21472
21505
21506
21507
21845
21846
21847
21849
21850
21851
21853
21854
21855
21856
21857
21858
21859
21860
21861
21862
21863
21864
21865
21866
21867
21868
21870
21871
21872
21873
21874
21875
21876
21877
21878
21879
21880
21881
21882
21884
21886
21887
21889
21890
21891
21896
21897
21898
21899
21901
21903
21908
21909
21910
21913
21914
21915
21917
21921
21924
21925
21926
21928
21929
21931
21933
21934
21937
21938
21939
21942
21944
21947
22167
22168
22170
22171
22172
22173
22174
22180
22181
22182
22183
22184
22185
22186
22187
22188
22189
22190
22191
22192
22193
22194
22195
22200
22201
22202
22204
22206
22208
22211
22212
22214
22215
22217
22218
22219
22220
22221
22222
22226
22229
22230
22233
22235
22236
22240
22715
22718
22719
22720
22721
22722
22723
22724
22725
22726
22727
22728
22730
22731
22732
22733
22734
22737
22738
22739
22742
22743
22744
22745
22746
22747
22748
22750
22751
22752
22753
22754
22755
22756
22757
22758
22759
22760
22762
22763
22764
22765
22766
22767
22768
22769
22770
22771
22772
22773
22774
22775
22776
22777
22778
22779
22780
22783
22785
22787
22791
22793
22795
22796
22797
22800
22801
22803
22804
22806
22811
22812
22814
22817
22820
22823
22824
22825
22826
22827
22828
22830
22831
22832
22833
22835
22836
22838
22839
22840
22844
22845
22846
22848
22849
22850
22852
22853
22857
22859
22860
22861
22862
22863
22873
22905
22907
22908
22911
22913
22914
22915
23099
23100
23104
23106
23107
23108
23109
23110
23111
23112
23114
23115
23117
23119
23120
23121
23122
23123
23124
23125
23127
23130
23131
23134
23136
23577
23578
23579
23580
23581
23582
23583
23584
23586
23587
23588
23589
23590
23595
23597
23598
23599
23600
23601
23602
23603
23604
23605
23606
23607
23608
23610
23611
23612
23613
23614
23615
23616
23617
23618
23619
23620
23622
23623
23624
23626
23629
23631
23632
23640
23641
23643
23644
23645
23646
23648
23649
23650
23651
23653
23654
23655
23656
23660
23663
23664
23665
23667
23668
23669
23670
23673
23674
23675
23677
23679
23681
23682
23684
23688
23690
23692
23693
23695
23700
23701
23703
23711
23776
24401
24402
24403
24404
24405
24406
24407
24409
24412
24413
24414
24415
24416
24417
24418
24419
24420
24422
24423
24424
24426
24427
24428
24430
24431
24432
24433
24435
24436
24437
24438
24439
24440
24441
24442
24443
24444
24446
24447
24448
24449
24450
24451
24452
24453
24454
24455
24456
24457
24458
24459
24460
24461
24462
24463
24466
24468
24469
24470
24471
24473
24479
24480
24481
24482
24483
24484
24485
24486
24487
24488
24489
24491
24492
24494
24495
24496
24498
24501
24502
24503
24504
24505
24506
24507
24512
24515
24516
24518
24520
24521
24522
24524
24525
24526
24527
24528
24529
24530
24533
24534
24535
24536
24538
24539
24541
24542
24544
24545
24546
24548
24549
24550
24551
24552
24553
24554
24557
24558
24560
24561
24563
24564
24568
24570
24571
24573
24574
24588
24589
24590
24591
24629
24631
24632
24633
24634
24635
24636
24637
24638
24640
24642
24644
24651
24652
25156
25157
25158
25159
25160
25162
25163
25165
25166
25167
25168
25169
25170
25171
25172
25173
25175
25177
25178
25180
25181
25182
25184
25185
25190
25191
25192
25193
25194
25195
25196
25197
25198
25199
25200
25201
25202
25203
25204
25205
25206
25207
25208
25209
25210
25211
25214
25215
25217
25219
25220
25222
25225
25228
25229
25230
25232
25233
25234
25235
25236
25237
25238
25239
25240
25243
25244
25246
25247
25248
25249
25253
25255
25256
25262
25263
25266
25268
25270
25271
25272
25274
25275
25276
25279
25280
25281
25283
25286
25287
25288
25290
25291
25292
25293
25294
25297
25301
25304
25305
25311
25313
25530
25531
25532
25533
25536
25537
25538
25539
25540
25541
25542
25543
25544
25545
25546
25547
25548
25549
25551
25552
25553
25554
25562
25564
25566
25567
25570
25571
25590
25591
25592
25607
25608
25609
25620
25916
25917
25918
25919
25920
25921
25922
25924
25925
25926
25927
25928
25929
25930
25933
25934
25935
25936
25937
25938
25939
25941
25942
25943
25944
25945
25946
25947
25948
25950
25951
25952
25955
25957
25958
25959
25960
25961
25962
25965
25966
25967
25969
25973
25976
25977
25978
25979
25981
25982
25984
25989
25990
25991
25992
25993
25994
25995
25999
26000
26003
26006
26007
26009
26012
26019
26022
26049
26052
26053
26054
26056
26346
26347
26348
26349
26350
26351
26352
26354
26355
26358
26359
26361
26363
26367
26368
26369
26370
26371
26372
26375
26376
26377
26378
26379
26380
26382
26384
26387
26390
26397
26398
26402
26415
26416
26417
26420
26421
26422
26423
26429
26430
26432
26438
26694
26695
26696
26699
26701
26702
26703
26707
26708
26709
26710
26711
26712
26714
26715
26716
26717
26720
26721
26723
26726
26730
26733
26734
26735
26736
26739
26743
26744
26745
26746
26749
26750
26752
26753
26754
26757
26758
26762
26763
26764
26765
26772
26781
27006
27007
27009
27011
27012
27013
27014
27015
27017
27018
27021
27022
27023
27025
27030
27032
27037
27038
27043
27044
27046
27051
27055
27057
27063
27064
27364
27365
27366
27367
27368
27369
27370
27371
27372
27373
27374
27375
27382
27383
27386
27387
27388
27389
27390
27391
27392
27393
27394
27395
27396
27397
27398
27399
27400
27401
27402
27403
27404
27405
27406
27407
27414
27415
27416
27417
27418
27419
27420
27421
27422
27425
27427
27428
27429
27431
27432
27433
27434
27436
27440
27441
27444
27445
27446
27447
27449
27450
27453
27456
27459
27460
27461
27462
27464
27465
27467
27970
27971
27972
27974
27975
27977
27978
27979
27981
27982
27984
27985
27986
27987
27988
27989
27993
27996
27997
27998
27999
28001
28002
28004
28005
28006
28007
28008
28009
28010
28011
28012
28013
28014
28015
28016
28017
28018
28019
28020
28021
28022
28023
28024
28025
28026
28029
28030
28032
28033
28035
28036
28038
28039
28043
28044
28047
28048
28049
28050
28051
28052
28053
28054
28055
28056
28057
28059
28060
28061
28062
28064
28065
28066
28067
28068
28070
28072
28074
28075
28076
28078
28079
28080
28081
28083
28084
28085
28086
28087
28089
28090
28091
28093
28094
28098
28099
28101
28102
28103
28105
28107
28108
28110
28111
28114
28116
28117
28120
28121
28125
28138
28452
28454
28458
28462
28465
28468
28471
28473
28474
28475
28476
28477
28478
28479
28480
28481
28482
28483
28485
28489
28490
28491
28493
28496
28500
28502
28503
28504
28508
28509
28510
28513
28517
28518
28521
28523
28527
28529
28531
28537
28610
29325
29326
29327
29328
29329
29330
29331
29332
29333
29334
29335
29336
29338
29339
29340
29342
29343
29344
29346
29347
29348
29349
29350
29352
29353
29354
29355
29356
29357
29358
29359
29361
29362
29363
29364
29365
29366
29367
29368
29369
29370
29371
29372
29373
29374
29375
29376
29377
29378
29379
29380
29381
29382
29383
29384
29385
29386
29388
29389
29390
29392
29393
29394
29395
29396
29397
29398
29400
29401
29402
29404
29405
29406
29407
29409
29410
29411
29412
29413
29414
29415
29416
29417
29418
29419
29420
29422
29425
29426
29428
29429
29430
29431
29432
29433
29434
29435
29436
29437
29439
29440
29441
29444
29445
29447
29448
29452
29454
29455
29456
29457
29458
29459
29460
29461
29462
29463
29464
29465
29466
29467
29468
29469
29470
29471
29472
29473
29474
29475
29476
29477
29478
29479
29480
29481
29483
29484
29485
29486
29487
29488
29489
29490
29491
29492
29493
29494
29497
29500
29501
29502
29503
29505
29506
29507
29509
29510
29511
29513
29514
29517
29518
29521
29525
29526
29560
29563
29564
29566
29567
29816
29818
29819
29820
29821
29825
29827
29829
29830
29834
29835
29836
29838
29839
29840
29842
29843
29844
29845
29846
29850
29851
29853
29854
29855
29857
29858
29861
29863
29864
29866
29867
29868
29869
29870
29871
29872
29874
29876
29877
29878
29879
29880
29881
29882
29883
29885
29888
30397
30398
30400
30401
30402
30403
30405
30406
30407
30408
30410
30411
30412
30413
30414
30415
30416
30417
30418
30419
30420
30421
30422
30423
30424
30425
30426
30431
30432
30433
30434
30435
30436
30437
30438
30439
30440
30441
30442
30443
30444
30445
30446
30447
30448
30449
30450
30451
30452
30453
30455
30456
30458
30459
30460
30462
30466
30469
30470
30471
30472
30473
30474
30477
30478
30481
30482
30484
30485
30489
30491
30493
30494
30495
30496
30497
30498
30499
30500
30501
30503
30505
30506
30509
30512
30514
30516
30518
30521
30523
30524
30526
30527
30528
30529
30533
30534
30535
30536
30537
30539
30540
30545
30550
30720
30721
30725
30733
30734
30735
30737
30738
30739
30741
30742
30743
30746
30748
30757
30759
30767
30772
30774
30778
30779
30859
30861
30865
30869
30870
30872
30874
30879
30880
30881
30883
31182
31183
31184
31185
31186
31190
31197
31199
31202
31203
31205
31206
31207
31208
31209
31210
31211
31212
31213
31214
31215
31217
31218
31222
31223
31224
31225
31226
31228
31231
31236
31244
31249
31251
31270
31318
31320
31322
31324
31325
31326
31328
31331
31827
31828
31829
31830
31831
31832
31834
31835
31836
31837
31838
31839
31840
31841
31842
31843
31844
31845
31846
31847
31849
31850
31851
31852
31853
31854
31855
31856
31857
31858
31860
31861
31862
31863
31864
31865
31866
31867
31868
31869
31871
31872
31874
31875
31876
31877
31878
31879
31880
31881
31882
31883
31884
31885
31886
31888
31889
31890
31891
31892
31893
31894
31895
31896
31897
31898
31900
31901
31903
31905
31906
31908
31910
31911
31912
31913
31914
31916
31918
31919
31921
31922
31923
31924
31925
31927
31928
31929
31930
31931
31933
31934
31935
31937
31938
31940
31941
31944
31945
31948
31949
31950
31951
31952
31954
31955
31956
31957
31958
31959
31960
31961
31962
31963
31966
31967
31971
31974
31975
31976
31980
31983
31985
31986
31988
31989
31991
31993
31994
31996
31997
31999
32005
32014
32015
32016
32019
32049
32050
32052
32720
32721
32722
32723
32724
32725
32726
32727
32728
32729
32730
32731
32732
32733
32734
32735
32736
32737
32738
32739
32740
32741
32742
32743
32744
32745
32746
32747
32748
32749
32750
32751
32752
32753
32754
32755
32756
32757
32758
32759
32760
32761
32762
32763
32764
32765
32767
32768
32770
32771
32773
32774
32775
32776
32777
32778
32783
32784
32785
32786
32787
32788
32789
32790
32791
32792
32793
32794
32795
32796
32797
32798
32799
32800
32801
32803
32804
32805
32806
32807
32809
32812
32813
32814
32815
32816
32817
32818
32819
32820
32822
32823
32825
32826
32828
32830
32831
32832
32833
32834
32835
32836
32837
32838
32840
32841
32842
32845
32846
32847
32848
32849
32850
32851
32853
32855
32856
32860
32862
32864
32865
32866
32867
32868
32869
32870
32871
32872
32873
32874
32875
32876
32878
32879
32882
32883
32884
32886
32887
32888
32889
32890
32891
32892
32893
32894
32895
32896
32897
32899
32900
32901
32903
32904
32905
32906
32907
32909
32910
32911
32912
32913
32914
32915
32916
32917
32919
32920
32921
32922
32923
32924
32925
32926
32927
32928
32930
32931
32932
32933
32935
32937
32938
32939
32941
32942
32943
32945
32946
32948
32949
32950
32951
32952
32953
32956
32957
32959
32960
32961
32962
32966
32967
32969
32972
32974
33220
33223
33226
33227
33228
33229
33231
33232
33233
33235
33237
33238
33240
33241
33242
33244
33245
33248
33249
33250
33251
33252
33253
33254
33255
33257
33258
33261
33263
33266
33267
33268
33270
33271
33272
33273
33275
33276
33278
33279
33280
33281
33282
33284
33286
33287
33288
33289
33290
33291
33293
33295
33296
33297
33299
33300
33301
33303
33304
33306
33308
33309
33335
33611
33612
33613
33615
33616
33617
33618
33619
33620
33622
33623
33626
33628
33629
33630
33631
33634
33635
33640
33642
33644
33645
33646
33647
33649
33650
33651
33654
33655
33656
33657
33658
33659
33660
33661
33662
33663
33665
33668
33669
33670
33671
33673
33675
33676
33678
33679
33680
33682
33683
33684
33685
33688
33692
33694
33696
33697
33698
33701
33809
33812
33813
33814
33816
33819
33820
33821
33825
33826
33827
33830
33831
33833
33958
33959
33960
33961
33963
33966
33974
33979
33980
33983
33989
33991
34583
34584
34585
34586
34587
34588
34590
34591
34592
34594
34595
34596
34597
34598
34599
34600
34603
34604
34606
34607
34608
34609
34610
34611
34612
34613
34614
34615
34616
34617
34618
34619
34621
34622
34624
34625
34626
34627
34628
34629
34630
34632
34633
34635
34636
34637
34638
34639
34640
34641
34642
34643
34644
34645
34646
34647
34648
34649
34650
34651
34652
34653
34654
34655
34656
34657
34659
34660
34664
34665
34667
34668
34669
34671
34673
34675
34677
34679
34681
34684
34685
34686
34690
34695
34703
34705
34706
34707
34708
34709
34711
34712
34713
34714
34715
34716
34717
34719
34720
34721
34723
34725
34726
34727
34728
34729
34730
34731
34732
34733
34734
34736
34739
34740
34741
34743
34744
34745
34746
34748
34749
34750
34751
34752
34753
34756
34758
34761
34762
34764
34765
34769
34771
34773
34774
34775
34778
34779
34782
34994
34995
34996
34999
35000
35001
35002
35003
35004
35006
35007
35009
35010
35012
35013
35014
35016
35018
35019
35022
35024
35025
35026
35027
35028
35029
35030
35031
35033
35034
35037
35038
35042
35043
35044
35045
35046
35047
35050
35051
35055
35056
35057
35059
35060
35066
35067
35072
35120
35134
35135
35136
35137
35138
35139
35436
35439
35442
35444
35446
35450
35451
35452
35453
35454
35455
35456
35457
35459
35460
35461
35462
35465
35468
35469
35471
35472
35473
35474
35475
35476
35479
35480
35481
35482
35483
35485
35487
35491
35493
35494
35495
35496
35498
35499
35501
35503
35508
35510
35511
35514
35518
35519
35526
35528
35529
35530
35531
35535
35539
35541
35573
35577
35579
35580
35669
35670
35671
35672
35673
35675
35678
35679
35680
35681
35683
35684
35685
35686
35687
35688
35689
35690
35691
35692
35693
35694
35695
35697
35698
35700
35701
35703
35704
35705
36236
36239
36240
36241
36242
36243
36245
36246
36247
36248
36249
36250
36251
36252
36253
36254
36255
36256
36257
36258
36259
36260
36261
36262
36263
36264
36265
36266
36267
36268
36269
36270
36271
36272
36273
36274
36275
36276
36277
36278
36279
36280
36281
36282
36283
36284
36285
36287
36291
36292
36293
36294
36295
36296
36297
36298
36299
36300
36301
36302
36303
36304
36305
36306
36307
36308
36309
36310
36311
36312
36313
36314
36316
36317
36318
36319
36320
36321
36322
36323
36324
36326
36328
36329
36331
36332
36334
36335
36336
36338
36341
36342
36343
36346
36348
36349
36350
36354
36355
36356
36357
36358
36360
36362
36363
36364
36365
36366
36367
36368
36369
36370
36372
36375
36377
36378
36379
36380
36381
36382
36383
36384
36385
36386
36387
36388
36389
36390
36392
36393
36394
36395
36396
36397
36399
36400
36401
36402
36404
36405
36406
36407
36409
36411
36414
36416
36417
36424
36425
36426
36430
36431
36433
36436
36441
36444
36759
36761
36762
36765
36767
36769
36770
36771
36773
36775
36776
36777
36778
36779
36780
36782
36786
36788
36792
36793
36794
36796
36797
36799
36802
36805
36806
36808
36810
36819
36822
36824
36825
36826
36827
36829
36830
36833
36835
36836
36837
36838
36839
36840
36841
36842
36843
36844
36845
36846
36851
36852
36853
36856
36865
36894
36896
36899
36910
36913
36914
36915
36916
36939
36951
36952
36960
37578
37579
37580
37584
37585
37586
37587
37588
37589
37590
37591
37592
37593
37594
37595
37596
37597
37598
37599
37600
37601
37602
37603
37604
37605
37606
37607
37608
37609
37610
37611
37612
37613
37614
37615
37616
37617
37618
37619
37620
37621
37622
37623
37625
37626
37627
37628
37630
37631
37633
37638
37641
37642
37643
37644
37645
37646
37647
37648
37649
37650
37651
37652
37653
37654
37655
37656
37657
37658
37659
37660
37661
37662
37663
37665
37666
37673
37675
37678
37679
37680
37682
37683
37684
37686
37687
37688
37690
37692
37693
37695
37696
37697
37698
37700
37702
37704
37705
37706
37707
37709
37710
37711
37712
37713
37714
37715
37716
37717
37718
37719
37720
37721
37722
37723
37724
37725
37726
37727
37728
37729
37730
37731
37732
37733
37734
37735
37736
37737
37740
37742
37743
37744
37745
37747
37750
37752
37753
37756
37758
37759
37760
37761
37762
37765
37766
37767
37770
37771
37773
37774
37776
37777
37778
37780
37782
37785
37786
37789
37790
37792
37794
37795
37798
37801
37803
37858
37860
37862
37866
37867
37869
37877
38021
38023
38025
38026
38030
38031
38032
38033
38034
38035
38036
38037
38038
38040
38041
38042
38043
38047
38049
38055
38059
38061
38064
38070
38076
38273
38274
38275
38277
38278
38280
38281
38282
38283
38284
38285
38286
38287
38289
38291
38294
38295
38301
38303
38307
38308
38309
38310
38311
38312
38313
38316
38320
38327
38328
38331
38332
38336
38337
38338
38339
38342
38349
38931
38933
38934
38935
38937
38938
38939
38940
38941
38942
38943
38944
38945
38946
38947
38950
38951
38952
38953
38954
38955
38956
38957
38958
38959
38960
38961
38962
38963
38964
38965
38966
38967
38968
38969
38970
38971
38972
38973
38974
38975
38978
38980
38981
38983
38986
38987
38988
38989
38990
38991
38993
38994
38995
38996
38997
38998
38999
39000
39001
39002
39003
39004
39005
39006
39007
39008
39009
39010
39011
39013
39014
39016
39018
39020
39021
39023
39026
39027
39029
39030
39031
39033
39034
39035
39036
39037
39038
39039
39040
39041
39042
39043
39044
39045
39046
39048
39050
39051
39052
39054
39056
39057
39059
39060
39061
39062
39063
39064
39065
39066
39067
39068
39069
39070
39071
39072
39073
39074
39075
39076
39079
39080
39081
39082
39083
39084
39085
39086
39090
39092
39093
39095
39096
39097
39099
39100
39101
39102
39104
39105
39106
39107
39108
39109
39110
39111
39112
39113
39114
39116
39117
39118
39119
39120
39123
39124
39125
39126
39128
39129
39132
39134
39136
39137
39140
39141
39144
39409
39410
39412
39413
39414
39416
39417
39420
39421
39422
39423
39424
39425
39426
39427
39428
39429
39430
39432
39433
39434
39435
39436
39437
39438
39439
39440
39441
39442
39443
39444
39446
39447
39448
39451
39452
39453
39454
39456
39458
39459
39461
39463
39465
39468
39472
39473
39474
39475
39476
39478
39479
39480
39481
39482
39483
39484
39485
39492
39495
39935
39936
39937
39939
39940
39941
39942
39943
39944
39945
39946
39947
39948
39949
39950
39951
39952
39953
39955
39956
39957
39958
39959
39960
39961
39962
39963
39964
39965
39966
39967
39968
39969
39970
39973
39976
39977
39978
39979
39980
39981
39982
39983
39984
39985
39986
39987
39988
39989
39990
39991
39992
39993
39995
39996
39997
40000
40001
40002
40004
40007
40008
40010
40013
40014
40017
40019
40020
40021
40022
40024
40025
40026
40028
40030
40033
40035
40037
40038
40041
40042
40043
40044
40046
40047
40050
40051
40053
40055
40057
40058
40063
40064
40065
40067
40068
40069
40070
40071
40072
40074
40075
40077
40078
40079
40081
40082
40085
40091
40092
40431
40433
40434
40435
40437
40439
40441
40442
40443
40444
40445
40446
40449
40450
40451
40452
40454
40455
40456
40457
40458
40460
40461
40462
40463
40464
40465
40466
40467
40468
40469
40470
40472
40473
40474
40475
40476
40479
40480
40481
40483
40484
40485
40486
40487
40488
40489
40490
40493
40494
40495
40498
40499
40501
40502
40503
40504
40505
40509
40510
40514
40515
40516
40517
40518
40519
40521
40522
40523
40524
40525
40528
40530
40534
40542
40545
40546
40548
40549
40550
40551
40555
40556
40560
41029
41030
41031
41032
41033
41034
41035
41036
41037
41038
41039
41040
41041
41042
41043
41044
41045
41048
41049
41051
41052
41053
41054
41055
41056
41057
41058
41059
41060
41061
41062
41063
41064
41065
41066
41067
41068
41069
41070
41071
41075
41076
41078
41079
41080
41081
41082
41083
41084
41085
41087
41088
41090
41091
41092
41093
41094
41096
41097
41098
41099
41100
41101
41103
41104
41106
41109
41111
41112
41113
41117
41120
41121
41124
41125
41126
41128
41131
41134
41135
41136
41140
41142
41143
41145
41146
41147
41148
41149
41150
41152
41153
41155
41157
41158
41161
41165
41166
41167
41168
41169
41170
41172
41175
41177
41178
41180
41181
41183
41184
41186
41187
41188
41191
41192
41193
41195
41196
41197
41199
41201
41204
41341
41342
41346
41347
41349
41351
41352
41356
41357
41360
41362
41363
41366
41367
41368
41369
41381
41385
41386
41389
41890
41891
41892
41894
41895
41897
41898
41899
41900
41902
41903
41905
41906
41907
41908
41909
41912
41914
41915
41916
41917
41918
41919
41920
41921
41922
41923
41924
41926
41927
41928
41929
41930
41931
41933
41934
41935
41936
41937
41938
41941
41942
41946
41947
41948
41949
41950
41951
41952
41954
41955
41956
41957
41960
41961
41962
41963
41964
41965
41966
41967
41968
41969
41972
41974
41976
41979
41980
41983
41984
41985
41987
41988
41989
41990
41991
41992
41993
41996
41998
41999
42000
42006
42007
42008
42009
42010
42011
42012
42013
42015
42016
42017
42018
42019
42020
42023
42024
42026
42027
42030
42031
42033
42035
42037
42039
42044
42046
42047
42048
42049
42054
42055
42056
42058
42059
42060
42062
42063
42066
42068
42069
42071
42074
42076
42621
42622
42623
42626
42627
42628
42629
42630
42632
42633
42634
42635
42637
42638
42639
42642
42643
42644
42645
42646
42647
42648
42649
42650
42651
42652
42653
42654
42655
42656
42657
42658
42659
42660
42662
42663
42665
42666
42667
42669
42670
42671
42672
42674
42675
42676
42677
42678
42679
42680
42681
42682
42684
42685
42686
42687
42688
42689
42690
42691
42692
42693
42694
42696
42697
42700
42701
42702
42705
42706
42707
42711
42715
42719
42721
42722
42725
42726
42729
42732
42733
42742
42745
42746
42747
42748
42749
42752
42753
42754
42755
42757
42760
42761
42762
42766
42772
42778
42779
42780
42782
42786
42787
42788
42790
42791
42793
42796
42798
42800
42801
42803
42805
42808
42809
42814
43299
43300
43302
43304
43305
43307
43308
43309
43311
43312
43313
43314
43316
43318
43319
43320
43321
43322
43323
43325
43326
43327
43328
43329
43331
43332
43334
43335
43336
43337
43338
43339
43340
43341
43342
43343
43344
43347
43348
43349
43350
43352
43355
43356
43357
43358
43359
43361
43362
43364
43367
43368
43370
43371
43372
43374
43375
43376
43384
43387
43389
43390
43391
43395
43396
43397
43398
43399
43401
43408
43410
43411
43413
43414
43417
43418
43422
43424
43425
43427
43428
43434
43435
43437
43438
43439
43440
43441
43442
43444
43445
43451
43453
43454
43456
43459
43460
43461
43462
43465
43467
43470
43471
43472
43476
43642
43649
43650
43652
43656
43660
43662
43664
43666
43668
43671
43672
43673
43674
43676
43680
43682
43683
43684
43685
43686
43687
43688
43689
43690
43694
43695
43696
43697
43698
44257
44259
44260
44261
44262
44263
44264
44265
44266
44267
44269
44270
44271
44272
44273
44274
44275
44276
44277
44279
44281
44282
44283
44284
44285
44286
44287
44288
44289
44290
44291
44295
44296
44297
44298
44299
44300
44301
44308
44311
44312
44313
44314
44315
44316
44317
44318
44319
44320
44321
44322
44323
44324
44325
44326
44327
44328
44329
44330
44331
44332
44333
44334
44337
44338
44339
44340
44342
44343
44344
44345
44346
44347
44348
44349
44350
44351
44352
44353
44354
44355
44356
44357
44358
44359
44360
44361
44363
44364
44371
44372
44373
44374
44377
44379
44382
44383
44385
44386
44388
44389
44390
44391
44393
44394
44395
44396
44397
44398
44399
44400
44402
44403
44404
44405
44406
44407
44408
44410
44411
44414
44415
44416
44422
44423
44424
44425
44426
44428
44429
44430
44431
44432
44433
44434
44435
44438
44440
44443
44445
44447
44449
44450
44452
44453
44454
44455
44458
44459
44460
44462
44465
44466
44468
44474
44485
44515
44516
44517
44705
44706
44707
44708
44709
44710
44711
44713
44714
44716
44720
44722
44724
44725
44726
44727
44728
44731
44732
44734
44735
44736
44737
44738
44739
44740
44742
44744
44745
44746
44747
44748
44749
44750
44751
44752
44753
44754
44755
44756
44757
44758
44766
44767
44769
44773
44789
44792
44793
45242
45244
45245
45247
45248
45249
45250
45251
45252
45254
45257
45258
45260
45261
45262
45263
45264
45265
45266
45269
45270
45271
45272
45274
45275
45276
45277
45278
45279
45280
45281
45282
45283
45284
45285
45286
45289
45290
45291
45293
45294
45295
45296
45297
45298
45299
45300
45302
45303
45304
45305
45306
45307
45308
45309
45311
45312
45314
45315
45316
45317
45318
45321
45322
45328
45329
45331
45332
45333
45336
45342
45343
45345
45346
45347
45350
45352
45355
45356
45358
45359
45365
45366
45367
45368
45373
45376
45380
45384
45389
45393
45395
45401
45404
45423
45424
45425
45979
45980
45981
45982
45984
45985
45986
45988
45989
45990
45992
45993
45994
45995
45996
45997
45998
45999
46000
46001
46002
46003
46004
46005
46006
46007
46008
46009
46010
46011
46012
46013
46014
46016
46017
46018
46019
46020
46021
46022
46023
46024
46026
46027
46028
46029
46032
46033
46034
46035
46036
46037
46038
46039
46040
46041
46042
46043
46046
46049
46050
46051
46052
46055
46056
46057
46059
46060
46061
46062
46063
46064
46067
46068
46072
46073
46076
46081
46083
46085
46088
46089
46092
46094
46104
46105
46128
46129
46825
46826
46827
46828
46829
46830
46831
46832
46833
46834
46835
46836
46837
46838
46839
46840
46842
46843
46844
46845
46846
46847
46848
46849
46851
46852
46855
46856
46857
46859
46861
46863
46864
46865
46866
46867
46868
46869
46870
46871
46872
46873
46874
46875
46876
46877
46878
46879
46881
46882
46883
46884
46885
46886
46887
46888
46889
46890
46891
46892
46893
46894
46895
46896
46897
46898
46899
46900
46901
46902
46903
46904
46905
46907
46908
46910
46911
46912
46913
46914
46915
46917
46919
46921
46922
46923
46924
46926
46928
46929
46930
46932
46935
46937
46938
46939
46940
46941
46942
46944
46945
46950
46951
46952
46953
46954
46955
46956
46957
46958
46959
46960
46961
46963
46964
46966
46970
46971
46972
46977
46979
46980
47247
47248
47249
47251
47253
47254
47255
47258
47259
47262
47263
47264
47267
47268
47273
47276
47277
47278
47279
47281
47283
47284
47286
47287
47288
47289
47310
47311
47585
47586
47588
47589
47590
47591
47592
47593
47594
47595
47596
47597
47598
47599
47600
47601
47602
47603
47606
47607
47609
47614
47615
47617
47619
47622
47624
47626
47628
47629
47630
47632
47634
47635
47637
47639
47640
47642
47645
47748
47749
47750
47751
47753
47759
47763
47764
47767
47769
47770
47918
47920
47923
47927
47929
47931
47936
47937
47938
47941
47942
47943
47945
47947
48534
48535
48537
48538
48539
48540
48541
48542
48543
48544
48545
48546
48547
48548
48549
48550
48551
48552
48553
48554
48555
48556
48557
48558
48559
48560
48561
48562
48563
48564
48565
48566
48567
48568
48569
48570
48571
48572
48573
48575
48576
48577
48578
48579
48580
48581
48582
48583
48584
48586
48587
48588
48589
48590
48591
48592
48593
48594
48595
48596
48598
48599
48600
48601
48603
48604
48605
48606
48607
48609
48610
48612
48613
48615
48616
48617
48618
48619
48620
48622
48625
48626
48628
48629
48630
48635
48642
48906
48908
48909
48911
48914
48921
48922
48926
48927
48931
48932
48934
48935
48936
48937
48938
48939
48940
48941
48943
48946
48947
48948
48949
48951
48953
48954
48955
48956
48957
48958
48959
48963
48964
48965
48968
48969
48997
48999
49012
49015
49024
49025
49368
49369
49370
49372
49374
49376
49377
49379
49381
49385
49386
49387
49389
49391
49392
49395
49396
49403
49405
49407
49408
49411
49412
49413
49418
49420
49424
49432
49436
49438
49587
49588
49589
49591
49593
49596
49598
49600
49604
49605
49606
49610
49612
49613
50198
50199
50200
50201
50202
50203
50204
50205
50206
50207
50208
50209
50210
50211
50212
50213
50214
50215
50216
50217
50218
50220
50221
50222
50223
50226
50227
50228
50230
50232
50234
50235
50236
50238
50239
50240
50241
50242
50243
50244
50245
50246
50247
50248
50249
50250
50251
50252
50253
50254
50255
50256
50257
50258
50259
50260
50261
50262
50263
50264
50265
50266
50267
50268
50269
50270
50271
50272
50273
50274
50275
50278
50279
50281
50282
50283
50284
50285
50286
50287
50289
50290
50291
50292
50293
50294
50301
50307
50309
50310
50312
50314
50316
50317
50324
50325
50327
50330
50712
50714
50716
50719
50721
50722
50724
50725
50726
50728
50729
50731
50732
50734
50735
50736
50737
50738
50739
50742
50743
50744
50745
50746
50747
50749
50750
50753
50754
50756
50758
50762
50766
50768
50773
50776
50818
50819
50820
50822
50826
50839
50859
50865
50881
50882
50887
50892
51541
51542
51543
51544
51545
51546
51547
51548
51549
51550
51551
51552
51553
51554
51555
51556
51558
51559
51560
51561
51562
51563
51565
51566
51567
51570
51571
51573
51574
51575
51576
51577
51578
51579
51580
51581
51582
51583
51584
51585
51586
51587
51589
51590
51592
51593
51594
51595
51596
51597
51598
51599
51600
51601
51602
51603
51604
51605
51606
51607
51608
51609
51610
51611
51612
51613
51614
51615
51616
51617
51618
51619
51620
51621
51622
51623
51624
51625
51626
51627
51628
51629
51631
51632
51633
51634
51640
51641
51643
51645
51647
51648
51651
51653
51656
51666
51668
51670
51671
51675
51677
51678
51679
51686
51692
51698
51705
51753
51755
51756
51758
51931
51935
51936
51940
51941
51946
51951
51954
51958
51960
51964
51965
51966
51977
51980
52157
52158
52161
52162
52164
52166
52168
52171
52173
52177
52183
52184
52188
52189
52194
52196
52197
52824
52825
52826
52827
52828
52829
52830
52831
52832
52833
52834
52835
52836
52837
52838
52839
52840
52842
52843
52844
52845
52847
52848
52849
52850
52852
52854
52855
52856
52857
52858
52859
52860
52861
52863
52864
52865
52866
52867
52868
52869
52870
52871
52872
52873
52876
52877
52878
52879
52880
52881
52883
52884
52885
52886
52887
52888
52889
52890
52891
52892
52894
52895
52896
52897
52898
52901
52902
52903
52904
52905
52906
52908
52910
52913
52914
52915
52920
52922
52925
52926
52928
52929
52931
52934
52937
52942
52943
52944
52945
52946
52947
53274
53275
53277
53278
53280
53281
53283
53285
53286
53287
53288
53289
53292
53293
53294
53295
53298
53300
53301
53303
53304
53306
53310
53311
53312
53314
53316
53317
53319
53320
53322
53323
53324
53325
53329
53794
53795
53797
53798
53799
53801
53802
53803
53804
53805
53809
53810
53811
53813
53814
53816
53817
53818
53819
53820
53821
53822
53825
53826
53827
53828
53829
53832
53833
53834
53835
53836
53837
53838
53839
53840
53841
53842
53843
53844
53845
53847
53848
53851
53852
53853
53854
53855
53856
53857
53858
53859
53860
53861
53862
53863
53864
53866
53868
53869
53875
53878
53879
53881
53885
53886
54279
54281
54283
54284
54285
54287
54289
54291
54292
54293
54294
54296
54297
54298
54300
54301
54302
54305
54306
54309
54310
54311
54312
54313
54314
54317
54318
54323
54325
54326
54327
54329
54330
54332
54333
54335
54336
54337
54338
54340
54343
54344
54346
54348
54350
54355
54357
54359
54362
54868
54869
54870
54871
54872
54874
54875
54876
54877
54878
54879
54880
54881
54882
54884
54886
54887
54888
54889
54894
54895
54896
54897
54898
54901
54902
54903
54904
54905
54906
54907
54908
54909
54910
54911
54913
54914
54915
54916
54917
54918
54919
54920
54921
54923
54924
54926
54927
54928
54929
54930
54931
54932
54936
54937
54939
54940
54941
54943
54951
54952
54953
54954
54958
54959
54961
54963
54971
54973
54975
54976
54983
54987
55132
55134
55135
55136
55139
55142
55143
55148
55155
55157
55159
55160
55731
55732
55734
55736
55737
55739
55740
55741
55742
55744
55745
55746
55747
55748
55749
55750
55751
55752
55753
55754
55757
55758
55759
55760
55761
55762
55764
55765
55766
55768
55769
55770
55771
55775
55777
55778
55779
55780
55781
55782
55783
55784
55785
55786
55787
55788
55789
55790
55791
55792
55793
55794
55795
55796
55797
55798
55800
55801
55802
55805
55808
55809
55810
55812
55813
55814
55816
55817
55818
55821
55822
55823
55828
55829
55830
55835
55838
55839
55845
55853
56389
56391
56392
56394
56395
56396
56397
56398
56399
56401
56402
56403
56404
56406
56408
56409
56411
56412
56414
56415
56416
56417
56419
56420
56421
56422
56424
56425
56426
56427
56428
56429
56430
56431
56432
56433
56434
56435
56436
56437
56438
56439
56440
56441
56442
56443
56444
56445
56446
56447
56448
56449
56450
56451
56452
56453
56457
56458
56459
56463
56465
56466
56470
56476
56480
56487
56488
56492
56496
57001
57002
57004
57005
57006
57007
57008
57009
57010
57011
57012
57014
57015
57017
57018
57019
57020
57021
57023
57024
57033
57037
57038
57039
57041
57042
57043
57044
57045
57046
57047
57048
57049
57051
57053
57054
57057
57058
57059
57062
57063
57064
57065
57067
57069
57070
57071
57072
57074
57078
57081
57085
57086
57089
57090
57092
57283
57284
57285
57287
57288
57292
57295
57297
57298
57300
57301
57302
57310
57311
57313
57318
57320
57321
57322
57323
57911
57912
57913
57914
57915
57916
57917
57918
57920
57921
57922
57923
57925
57926
57927
57928
57929
57930
57931
57932
57933
57936
57937
57938
57940
57941
57942
57943
57944
57945
57947
57948
57949
57950
57951
57952
57953
57954
57955
57956
57957
57958
57959
57960
57961
57962
57963
57964
57965
57966
57967
57968
57969
57970
57971
57972
57973
57974
57975
57976
57977
57978
57980
57981
57983
57984
57985
57986
57988
57990
57991
57992
57993
57996
57997
58005
58009
58012
58013
58014
58017
58018
58020
58021
58022
58024
58025
58026
58029
58034
58048
58067
58300
58301
58303
58304
58305
58307
58308
58309
58311
58312
58313
58317
58323
58324
58331
58334
58335
58336
58337
58341
58369
58816
58817
58819
58820
58821
58822
58823
58825
58826
58827
58828
58832
58833
58834
58836
58838
58840
58841
58842
58843
58844
58845
58846
58848
58850
58851
58852
58853
58854
58855
58856
58858
58860
58861
58863
58864
58865
58867
58869
58870
58871
58872
58874
58875
58876
58879
58880
58884
58885
58887
58889
58890
58893
58897
58899
58900
58901
58903
58904
58912
58914
58950
58951
59278
59279
59280
59281
59282
59283
59284
59285
59286
59288
59289
59291
59292
59293
59295
59296
59298
59300
59302
59303
59304
59305
59306
59307
59308
59309
59310
59311
59312
59314
59315
59316
59317
59318
59319
59320
59321
59325
59326
59327
59328
59329
59330
59331
59332
59333
59334
59335
59336
59337
59338
59339
59340
59341
59342
59346
59349
59350
59352
59356
59360
59361
59362
59365
59366
59367
59368
59369
59370
59372
59373
59375
59377
59379
59380
59381
59382
59389
59391
59810
59813
59814
59815
59816
59817
59818
59824
59826
59828
59829
59830
59831
59832
59833
59835
59836
59837
59838
59839
59840
59841
59842
59845
59846
59847
59850
59851
59852
59853
59854
59855
59856
59857
59858
59859
59860
59861
59862
59863
59864
59865
59866
59867
59868
59870
59871
59872
59874
59875
59877
59878
59882
59883
59884
59885
59886
59887
59888
59892
59893
59894
59895
59898
59899
59904
59907
59909
59911
59913
59916
59918
59919
59920
59921
59923
59926
59936
59937
59939
59942
59944
59951
59953
59956
59962
60278
60279
60281
60282
60284
60288
60289
60290
60294
60296
60297
60298
60301
60302
60303
60306
60307
60308
60309
60310
60312
60313
60314
60315
60317
60320
60321
60322
60323
60324
60325
60328
60335
60339
60343
60345
60348
60355
60361
60362
60365
60367
60372
60386
60407
60408
60411
60413
60436
60440
60708
60709
60711
60713
60714
60716
60717
60719
60720
60721
60722
60724
60725
60727
60728
60730
60731
60732
60733
60735
60738
60739
60741
60744
60746
60747
60748
60749
60750
60751
60752
60753
60754
60758
60759
60760
60761
60762
60769
60777
60778
60781
60783
60784
60787
60790
60791
60796
60806
60813
60998
61001
61004
61005
61006
61009
61011
61012
61013
61015
61017
61018
61019
61020
61021
61022
61023
61024
61025
61026
61032
61034
61036
61037
61039
61041
61045
61047
61048
61052
61053
61054
61055
61056
61061
61508
61510
61512
61513
61514
61515
61516
61518
61519
61522
61523
61524
61525
61526
61527
61528
61529
61530
61531
61532
61534
61535
61536
61537
61538
61540
61542
61543
61544
61546
61548
61549
61550
61551
61552
61553
61554
61556
61557
61558
61559
61561
61562
61564
61565
61566
61567
61568
61570
61572
61574
61575
61576
61580
61583
61584
61585
61587
61589
61593
61594
61596
61597
61600
61601
61602
61604
61605
61607
61608
61609
61610
61612
61613
61615
61617
61619
61621
61623
61625
61629
61630
61631
61632
61634
61635
61636
61637
61639
61640
61642
61643
61646
61647
61648
61651
61655
61657
61658
61659
61661
61663
61665
61666
61669
61703
61704
61706
61859
61861
61865
61866
61868
61871
61876
61878
61881
61889
61891
61894
61896
61897
62281
62284
62285
62286
62289
62293
62295
62297
62298
62299
62300
62301
62302
62303
62304
62305
62306
62307
62309
62310
62311
62312
62313
62315
62318
62319
62322
62324
62325
62326
62328
62331
62333
62334
62335
62339
62346
62349
62353
62356
62361
62362
62363
62366
62370
62372
62373
62374
62375
62379
62386
62388
62390
62393
62394
62403
62404
62407
62410
62411
62413
62416
62471
62476
62480
62976
62977
62978
62981
62983
62984
62985
62986
62988
62989
62990
62991
62992
62993
62994
62995
62996
62998
62999
63000
63001
63002
63003
63004
63005
63007
63008
63009
63010
63011
63012
63013
63014
63015
63016
63018
63019
63020
63023
63024
63025
63026
63027
63028
63029
63030
63031
63032
63033
63034
63035
63036
63037
63038
63039
63040
63041
63043
63044
63045
63048
63053
63054
63056
63057
63058
63060
63066
63074
63076
63078
63080
63081
63082
63083
63084
63085
63087
63090
63091
63092
63094
63096
63098
63100
63101
63103
63106
63107
63108
63112
63114
63115
63116
63119
63121
63144
63147
63148
63192
63196
63197
63198
63199
63200
63202
63203
63656
63657
63658
63659
63660
63661
63662
63664
63665
63668
63670
63671
63672
63673
63675
63676
63677
63678
63680
63681
63682
63684
63685
63686
63687
63688
63689
63690
63691
63692
63693
63694
63698
63699
63700
63701
63704
63705
63706
63707
63708
63709
63710
63711
63712
63713
63714
63715
63716
63717
63718
63719
63720
63722
63723
63726
63729
63730
63732
63734
63736
63737
63739
63740
63741
63743
63746
63747
63748
63751
63752
63754
63755
63756
63757
63759
63760
63762
63763
63764
63765
63766
63767
63768
63769
63772
63774
63775
63776
63777
63778
63779
63784
63787
63788
63789
63791
63795
63797
63800
63802
63806
63807
63813
63814
63815
63818
63819
63992
63994
63995
63997
64001
64002
64006
64007
64008
64014
64015
64017
64019
64024
64026
64027
64030
64032
64033
64036
64040
64042
64044
64054
64064
64338
64341
64342
64343
64344
64345
64346
64347
64349
64350
64353
64355
64358
64359
64362
64363
64368
64369
64370
64371
64372
64374
64375
64376
64377
64379
64380
64381
64385
64386
64387
64389
64390
64393
64394
64397
64399
64401
64403
64404
64406
64412
64413
64415
64417
64421
64423
64429
64430
64431
64432
64434
64435
64452
64456
64715
64717
64722
64726
64729
64731
64734
64735
64736
64738
64740
64744
64747
64748
64749
64750
64753
64755
64757
64758
64769
64792
64795
64797
64798
64800
64801
64806
64954
64955
64956
64959
64960
64962
64964
64965
64968
64969
64970
64973
64974
64975
64976
64977
64978
64981
64982
64984
65000
65001
65014
65192
65193
65196
65199
65200
65203
65204
65205
65207
65208
65209
65210
65211
65213
65214
65215
65218
65219
65220
65221
65223
65224
65225
65227
65228
65230
65231
65233
65234
65237
65244
65245
65514
65515
65516
65517
65518
65520
65522
65523
65524
65526
65527
65529
65530
65531
65534
65535
65536
65538
65539
65542
65543
65544
65545
65546
65548
65549
65550
65551
65552
65553
65554
65555
65556
65557
65558
65559
65560
65561
65562
65563
65564
65565
65566
65568
65569
65570
65571
65573
65574
65577
65578
65580
65582
65584
65586
65587
65588
65591
65593
65607
66098
66101
66103
66105
66106
66107
66110
66112
66113
66115
66116
66117
66119
66120
66121
66122
66123
66124
66125
66126
66127
66128
66129
66130
66131
66132
66134
66136
66137
66138
66139
66140
66142
66144
66145
66146
66148
66149
66150
66151
66152
66153
66154
66155
66157
66158
66159
66160
66161
66162
66163
66166
66167
66168
66169
66170
66171
66173
66174
66176
66179
66182
66183
66188
66197
66199
66203
66206
66207
66208
66209
66210
66211
66215
66216
66217
66218
66219
66221
66222
66225
66227
66228
66230
66231
66232
66233
66236
66237
66238
66239
66241
66242
66249
66252
66253
66255
66266
66267
66271
66520
66522
66523
66525
66529
66531
66533
66536
66537
66538
66539
66540
66541
66543
66544
66547
66548
66549
66551
66552
66555
66557
66558
66559
66560
66563
66564
66569
66570
66572
66573
66575
66578
66579
66581
66582
66583
66586
66587
66589
66591
66595
66600
66603
66604
67196
67197
67198
67199
67200
67201
67202
67205
67206
67207
67209
67210
67211
67212
67213
67214
67215
67216
67217
67218
67219
67220
67221
67222
67223
67224
67225
67226
67227
67228
67229
67231
67232
67233
67234
67235
67236
67237
67238
67239
67242
67243
67244
67245
67246
67247
67248
67249
67251
67252
67253
67254
67255
67256
67257
67258
67259
67260
67261
67262
67263
67264
67265
67271
67277
67279
67281
67282
67283
67284
67285
67286
67290
67291
67292
67293
67295
67297
67299
67300
67301
67304
67306
67307
67308
67309
67310
67311
67314
67315
67316
67317
67318
67319
67321
67323
67324
67325
67326
67327
67328
67329
67330
67332
67333
67334
67335
67337
67339
67340
67343
67346
67347
67348
67349
67351
67354
67356
67357
67359
67360
67361
67362
67370
67372
67373
67374
67375
67376
67377
67380
67381
67383
67386
67387
67390
67391
67392
67426
67427
67428
67430
67431
67432
67433
67613
67614
67615
67616
67617
67618
67621
67623
67624
67625
67626
67627
67629
67630
67631
67632
67633
67637
67638
67639
67640
67648
67649
67650
67654
67656
67657
67658
67659
67660
67661
67662
68109
68110
68113
68114
68115
68117
68118
68119
68120
68121
68123
68124
68125
68126
68127
68128
68129
68130
68131
68133
68134
68135
68136
68137
68138
68139
68140
68141
68142
68146
68147
68151
68153
68155
68156
68157
68158
68159
68160
68161
68163
68164
68166
68167
68168
68169
68170
68171
68173
68174
68175
68176
68177
68178
68179
68181
68182
68184
68186
68187
68188
68192
68193
68196
68199
68201
68202
68204
68206
68207
68208
68209
68210
68212
68213
68214
68215
68218
68221
68222
68223
68225
68226
68228
68229
68231
68232
68235
68236
68237
68243
68248
68250
68251
68254
68260
68262
68264
68265
68392
68394
68395
68396
68397
68403
68405
68407
68409
68416
68421
68423
68425
68428
68430
68432
68435
68481
68482
68483
68484
68485
68486
68487
68490
68494
68495
68503
68718
68720
68722
68723
68724
68725
68727
68728
68731
68733
68735
68736
68737
68738
68742
68744
68745
68749
68754
68756
68757
68769
68770
68771
68774
68775
68776
68777
68778
68779
68780
68784
68785
68787
68788
68790
68791
68793
68795
68849
68852
68853
68855
68856
68857
69460
69461
69462
69463
69464
69465
69466
69467
69468
69469
69470
69471
69472
69473
69474
69475
69476
69478
69479
69481
69482
69485
69486
69487
69488
69489
69490
69491
69492
69493
69494
69496
69497
69498
69499
69500
69502
69503
69504
69505
69506
69507
69509
69511
69512
69513
69514
69515
69516
69517
69518
69520
69521
69522
69523
69524
69525
69526
69527
69528
69529
69530
69532
69533
69534
69536
69537
69538
69541
69542
69544
69545
69546
69547
69548
69553
69554
69555
69556
69557
69559
69560
69561
69562
69563
69567
69572
70089
70090
70091
70092
70093
70094
70095
70096
70097
70098
70099
70100
70102
70103
70104
70105
70106
70107
70108
70109
70110
70111
70114
70115
70116
70117
70118
70119
70120
70121
70122
70123
70124
70125
70126
70128
70130
70131
70132
70133
70134
70135
70136
70137
70138
70139
70140
70141
70142
70143
70144
70145
70146
70147
70148
70149
70151
70152
70153
70154
70155
70157
70158
70160
70161
70163
70164
70166
70167
70168
70169
70170
70171
70172
70173
70174
70177
70178
70180
70181
70183
70189
70190
70195
70746
70747
70748
70749
70750
70751
70752
70753
70754
70755
70756
70757
70758
70759
70761
70762
70763
70764
70765
70766
70767
70770
70771
70772
70773
70777
70779
70780
70781
70782
70783
70785
70786
70787
70788
70789
70790
70791
70792
70794
70795
70796
70797
70798
70800
70801
70802
70803
70804
70805
70806
70807
70808
70809
70810
70811
70812
70815
70817
70819
70823
70824
70829
70831
70833
70834
70835
70838
70849
70852
70853
70854
70855
70859
70890
70891
70892
70894
70895
70896
70897
70899
70900
70902
70903
71151
71157
71158
71160
71161
71162
71164
71165
71166
71169
71170
71175
71177
71180
71181
71188
71204
71206
71688
71689
71690
71691
71692
71693
71694
71695
71696
71697
71698
71699
71700
71701
71702
71703
71704
71705
71710
71712
71713
71714
71715
71718
71719
71720
71721
71722
71723
71724
71726
71727
71728
71729
71730
71731
71732
71733
71735
71736
71737
71738
71739
71740
71741
71744
71746
71747
71749
71750
71752
71753
71756
71757
71758
71759
71760
71763
71764
71767
71771
72025
72026
72027
72029
72036
72039
72043
72044
72046
72048
72051
72052
72054
72056
72061
72062
72466
72467
72470
72471
72472
72475
72476
72477
72478
72479
72480
72481
72482
72484
72485
72486
72487
72488
72489
72490
72491
72492
72493
72495
72497
72502
72503
72506
72507
72509
72510
72513
72519
72520
72525
72526
72527
72528
72529
72532
72533
72535
72541
72542
72799
72800
72801
72802
72803
72804
72805
72806
72808
72811
72812
72814
72815
72816
72818
72820
72821
72823
72824
72825
72826
72830
72832
72833
72835
72837
72840
72842
72843
72849
72851
72853
72854
72857
72883
72884
73206
73207
73209
73210
73212
73213
73214
73215
73216
73217
73218
73219
73222
73225
73227
73229
73230
73234
73237
73240
73242
73247
73265
73266
73267
73268
73426
73427
73429
73432
73433
73451
73454
73455
73457
73459
73462
73464
73985
73986
73987
73989
73990
73991
73992
73993
73994
73995
73996
73997
73998
74000
74001
74002
74003
74004
74005
74006
74008
74009
74010
74012
74013
74014
74015
74016
74017
74018
74019
74020
74021
74022
74023
74024
74025
74026
74027
74028
74029
74030
74031
74032
74033
74034
74035
74036
74037
74038
74039
74040
74041
74044
74045
74046
74047
74049
74050
74051
74054
74056
74057
74058
74059
74061
74062
74063
74070
74073
74074
74075
74076
74079
74487
74488
74489
74495
74496
74497
74498
74499
74500
74501
74502
74503
74504
74505
74507
74508
74509
74510
74511
74512
74513
74514
74515
74516
74517
74518
74519
74520
74521
74522
74523
74524
74525
74526
74527
74529
74530
74531
74532
74533
74534
74536
74537
74538
74539
74540
74541
74542
74543
74545
74546
74548
74549
74550
74551
74552
74554
74558
74559
74560
74561
74563
74565
74570
74571
74574
74576
74577
74578
75212
75213
75214
75215
75216
75217
75218
75219
75221
75222
75223
75224
75225
75226
75227
75228
75229
75230
75231
75232
75234
75236
75238
75239
75240
75243
75244
75245
75246
75247
75248
75249
75250
75251
75252
75253
75254
75255
75257
75258
75259
75260
75261
75262
75263
75264
75265
75266
75267
75268
75269
75270
75271
75272
75274
75275
75276
75277
75278
75279
75280
75281
75282
75283
75284
75285
75287
75288
75289
75290
75292
75294
75295
75296
75297
75298
75299
75300
75305
75306
75307
75311
75314
75320
75323
75326
75327
75328
75332
75339
75344
76080
76081
76082
76083
76085
76086
76087
76088
76089
76090
76091
76092
76093
76094
76095
76096
76097
76098
76099
76100
76101
76102
76103
76104
76105
76107
76109
76110
76113
76114
76115
76116
76117
76118
76119
76120
76121
76122
76123
76124
76125
76126
76127
76128
76129
76131
76132
76133
76134
76135
76136
76137
76138
76139
76140
76141
76142
76143
76144
76145
76146
76147
76148
76149
76150
76151
76152
76153
76154
76155
76156
76157
76158
76159
76160
76161
76162
76163
76164
76165
76166
76167
76168
76169
76170
76172
76173
76175
76176
76177
76179
76180
76183
76184
76185
76188
76189
76192
76193
76201
76203
76205
76207
76208
76209
76211
76216
76217
76218
76219
76228
76229
76240
76770
76771
76772
76773
76774
76775
76777
76778
76780
76781
76782
76783
76784
76785
76786
76787
76788
76790
76791
76792
76793
76796
76798
76799
76800
76801
76803
76804
76805
76807
76808
76809
76810
76815
76816
76818
76819
76820
76821
76822
76824
76825
76826
76827
76830
76831
76832
76833
76834
76835
76836
76837
76838
76840
76841
76844
76845
76848
76849
76850
76854
76856
76858
76862
76865
76868
76876
76878
76895
76912
76913
77137
77141
77142
77143
77148
77151
77154
77157
77158
77159
77160
77161
77166
77169
77170
77171
77175
77181
77189
77427
77430
77431
77432
77433
77434
77436
77439
77444
77445
77449
77450
77458
77460
77463
77530
77531
77759
77761
77762
77763
77764
77765
77767
77768
77769
77772
77773
77774
77775
77779
77780
77782
77784
77786
77787
77788
77789
77791
77792
77795
77796
77800
77802
77803
77806
77809
77811
77813
77814
77815
77818
77819
78509
78510
78511
78512
78513
78514
78515
78516
78517
78518
78519
78520
78521
78523
78525
78526
78527
78528
78529
78530
78531
78532
78533
78535
78537
78539
78540
78541
78542
78543
78544
78545
78546
78547
78548
78549
78550
78551
78552
78553
78554
78555
78556
78557
78558
78559
78561
78562
78563
78564
78565
78566
78567
78568
78569
78570
78571
78572
78573
78574
78576
78577
78578
78580
78581
78582
78583
78584
78585
78586
78587
78588
78590
78591
78592
78594
78595
78597
78598
78600
78602
78603
78605
78624
78627
78629
78631
78633
78634
78638
78642
78644
78903
78904
78905
78906
78907
78908
78910
78912
78913
78915
78916
78917
78918
78920
78921
78922
78924
78925
78927
78929
78930
78932
78937
78991
78992
78994
78996
79090
79092
79093
79101
79125
79126
79127
79226
79232
79235
79236
79243
79251
79256
79694
79695
79696
79697
79698
79699
79700
79701
79702
79703
79704
79706
79707
79708
79709
79710
79712
79715
79716
79717
79718
79719
79720
79721
79723
79724
79725
79727
79728
79729
79730
79731
79732
79733
79734
79735
79736
79737
79738
79739
79740
79742
79743
79744
79745
79746
79748
79752
79753
79755
79756
79757
79758
79759
79760
79761
79763
79768
79770
79771
79775
79783
79788
79805
79806
79808
80024
80025
80026
80027
80029
80030
80036
80037
80038
80041
80042
80044
80045
80051
80054
80055
80061
80062
80063
80070
80073
80076
80078
80079
80091
80092
80093
80711
80712
80713
80714
80715
80716
80718
80719
80720
80721
80722
80723
80724
80725
80726
80727
80728
80729
80730
80731
80733
80735
80736
80737
80738
80739
80740
80741
80742
80743
80744
80745
80746
80748
80749
80750
80751
80752
80753
80754
80756
80757
80758
80759
80760
80761
80762
80763
80764
80765
80766
80767
80768
80769
80770
80771
80772
80773
80774
80775
80776
80777
80778
80779
80780
80781
80784
80785
80786
80787
80788
80789
80791
80792
80793
80794
80795
80796
80797
80798
80799
80800
80801
80802
80804
80805
80806
80807
80809
80811
80812
80813
80814
80815
80817
80839
80840
80841
80851
80857
81253
81254
81255
81256
81257
81258
81259
81260
81262
81263
81264
81265
81266
81268
81269
81270
81271
81276
81277
81278
81279
81280
81281
81282
81283
81284
81285
81286
81287
81288
81289
81290
81291
81292
81293
81294
81296
81298
81299
81301
81302
81304
81306
81307
81313
81315
81317
81318
81320
81321
81323
81324
81330
81825
81826
81831
81833
81835
81836
81837
81838
81839
81840
81843
81844
81845
81846
81847
81848
81851
81852
81854
81855
81857
81858
81860
81863
81864
81866
81867
81868
81869
81870
81871
81872
81874
81876
81877
81878
81879
81880
81881
81882
81884
81886
81887
81888
81890
81895
81896
81902
81903
81904
81907
81908
81910
81912
81919
81920
82115
82116
82121
82122
82124
82125
82128
82133
82135
82139
82140
82144
82150
82581
82583
82585
82586
82587
82588
82590
82591
82592
82593
82594
82595
82596
82597
82598
82599
82600
82604
82606
82609
82610
82612
82613
82615
82618
82619
82620
82622
82623
82625
82629
82631
82633
82634
82635
82644
82654
83029
83030
83031
83032
83033
83034
83035
83037
83038
83039
83040
83041
83042
83047
83048
83049
83055
83056
83058
83059
83060
83062
83064
83067
83069
83070
83072
83074
83075
83076
83078
83080
83085
